0.08522708,0.42854628,0.21792848,0.19799283,0.3232374,0.15583883,-0.072127566,-0.2886804,-0.49777645,-0.39946786,0.83655263509369,0.5478865655569622
0.082031295,-0.7257428,-0.7739841,-0.06908395,0.23892938,0.13148996,-0.023734162,0.16786109,0.47541785,0.6126847,0.9576505404531862,-0.28793305188831725
0.6385554,0.3221721,-0.17058836,-0.51847297,-0.6778059,0.032420427,-0.32718208,-1.4189252,-0.9037941,-0.4676447,0.8481983896281131,0.5296786684701166
-0.5187773,-1.0022548,-0.5435828,-0.58147573,-0.37938,-1.0663228,-2.0113637,-2.0058851,-1.5945414,-1.4869498,-0.7532079181238166,0.6577825112266104
-0.84261745,-1.2565485,-2.4001849,-1.8021156,-0.69424146,-0.24698298,-0.3583791,-0.28031054,0.080661654,-0.20315497,-0.9999992977883801,-0.0011850834343925872
-0.09875915,-0.20102443,-0.4782973,-0.6507178,-0.718286,-0.5356694,-0.42062092,-0.85737896,-0.6848063,-0.28289756,-0.9924968656764828,-0.12227007656151073
0.09253175,0.29127946,0.22295043,0.42017636,0.6158805,0.38867497,0.5169632,-0.022516718,-0.29872435,-0.39825037,-0.9830407089302722,-0.18338747118019832
0.10166257,-0.012320624,-0.23846087,-0.064822905,0.09040122,-0.56991,-0.44436112,-0.2294822,0.014463146,0.11946769,-0.9326680620516611,-0.3607357565154844
0.031963903,-0.05690952,0.2926491,0.36189124,0.4142413,0.15203431,-0.022060176,-0.13863043,-0.13315195,-0.22598204,-0.9391063100107517,-0.34362674299010804
0.025267962,-0.1444133,-0.045039434,0.34926027,0.348195,0.45761275,0.4950492,0.58133554,0.62364167,0.8831095,-0.8745756130765759,-0.48488915951146133
0.8237591,0.6135978,0.52502877,0.61329347,0.5617042,0.59716225,0.4802877,0.67599183,1.1454686,1.3259547,-0.7556721872685702,-0.6549500327419909
1.5989664,1.9588735,1.9508079,2.195514,2.4129798,2.0380075,1.8229762,1.8266284,1.7059494,1.3370638,-0.6381953951575169,-0.7698744297609454
1.5248547,1.4067625,0.9483949,1.40798,1.3586735,1.045334,0.96635216,0.818585,0.77293074,0.5238113,-0.710465106985988,-0.7037324290917598
0.83365077,0.81295425,0.8758049,0.78845316,0.49048376,0.27286562,0.027246308,-0.2138076,-0.02419071,-0.054626815,-0.272774306788204,-0.9620780516965424
-0.37222752,-0.16587077,0.06726978,0.1731874,0.08416181,0.16892636,0.31593272,0.55774754,0.48363563,0.37452218,-0.13053438469852588,-0.9914437827791233
0.33739018,0.19084035,-0.112607576,-0.16906655,-0.27833214,-0.027538674,-0.2460699,-0.24606988,-0.07928004,0.0882707,-0.11027081649743094,-0.9939015781399031
-0.6910457,-0.3971851,-0.076236434,0.285801,0.643273,0.1170328,0.8369988,0.045507975,0.09359701,0.15553448,-0.38625362572074007,0.922392615222814
0.14564274,0.093597,0.17851374,-0.09434592,-0.24926567,0.2068193,-0.3752711,-1.1252166,0.33541182,0.4635478,-0.3488407504590711,0.9371820158427882
0.5921404,0.1287507,0.773235,0.6142065,-0.21837303,-0.69515455,-0.42259926,-0.56154007,-1.1917197,-1.0272124,-0.5763324453485407,0.8172153403103564
-1.1405869,-1.779745,-1.3782929,-0.98718894,-0.7514613,-0.33692163,-0.97379696,-0.40890303,-0.7371564,-1.3158989,-0.9140439694421337,0.4056151155054109
-1.343748,-1.1042157,-0.79681116,-0.5913674,-0.70885074,-0.57949734,-1.3206165,-1.0737797,-0.1695231,0.29584488,-0.8315888468233532,-0.555391744482222
0.15994768,0.0350075,0.29995376,0.017202394,0.08811851,0.025420142,0.020550366,-0.45455715,-0.6478264,-0.94518715,-0.7827919993374912,-0.6222834448811997
-0.12615164,-0.83820426,-0.791637,0.051290832,0.4282419,0.54070336,0.31197602,0.94032943,0.5262462,0.40845844,-0.7253962458972356,-0.6883315236411863
0.29934508,-0.23313454,-0.25078747,-0.36492285,-0.5064507,-0.73411274,-0.64036953,-0.725895,-0.2536789,0.2518647,-0.6313359800949824,-0.7755094327198788
-0.3764886,-0.31759474,-0.27620164,-0.012168445,0.093292646,0.23923375,-0.047778685,0.09846677,0.1359032,0.09177084,-0.9135658123483328,-0.40669092257921224
-0.23374327,-0.46901435,-0.7016983,-0.89633715,-1.4166423,-0.46125314,-1.6143248,-1.5382345,-0.5767581,-0.30648556,0.6771126106306437,-0.7358794143913489
-0.25154835,-1.1903499,-0.8957284,-0.66852295,-1.4560572,-2.102216,-2.0757363,-1.9711882,-1.9649487,-2.1886542,0.8762203361353796,-0.4819106997596156
-1.4613832,-2.590715,-1.4543831,-0.7500917,-0.35700944,-0.3536615,-0.48803693,-0.031191012,-0.591824,-0.6997199,0.9935605854000711,0.11330208797488221
-1.0316256,-0.76591855,-0.49473283,-1.1287168,-1.0561268,-1.1206512,-2.1445217,-1.37251,-0.37390146,0.4236765,0.9683581795541195,0.24956449284830506
0.023289608,-0.09586771,0.51589787,0.02055036,0.07396572,0.041551273,-0.1648055,-0.32063833,-0.90942466,-0.6992635,0.9186677434086482,0.39503110918060885
-0.21061182,-1.3085941,-1.1940022,-0.18626295,-0.0024288918,0.056464966,-0.37542334,0.39339256,0.11459793,-0.079432234,0.827965846163085,0.5607785281084204
-0.09997659,-0.45303535,-0.4340128,-0.6528483,-0.7768755,-0.53460413,-0.44679597,-0.68845856,-0.14578293,0.08309656,0.822681508882637,0.5685025373229108
0.05676933,0.064834885,-0.55621374,-0.43842602,-0.4271647,-0.18443677,-0.13284758,0.026485404,0.15446922,0.07350918,0.3603462063984794,0.9328186380718517
0.12433746,-0.05843132,0.12768544,0.18490532,0.02450706,0.05144301,-0.15521811,0.048399396,-0.24485244,-0.58071476,-0.9925703711564995,0.12167192898219688
-0.39809823,-0.4606444,-0.38896737,0.09587971,0.021615628,0.24395135,0.025420142,0.43250299,0.40282777,0.024963591,-0.9838206762938049,0.17915601272857173
-0.13208668,-0.07699734,-0.32535595,-0.41727296,-0.15171798,-0.3490961,-0.30070266,0.102271296,0.599445,0.08918377,-0.9580649669593934,0.2865510758749593
0.11322828,0.2981276,0.5769223,0.13438138,-0.28228882,-0.28837606,-0.5276038,-0.3449872,-0.13436939,-0.2755929,0.3716601633518048,0.9283688507146876
-0.42092532,0.10714107,0.40724105,-0.0010592703,0.03455097,0.31730238,0.51133245,0.12677236,-0.35974875,-0.2845715,-0.01807036561940983,0.9998367176126214
-0.09845478,-0.10910743,-0.063148916,-0.1514136,-0.52790815,0.119163334,0.31699798,-0.014146784,-0.12615164,0.2832139,-0.3714333746452211,0.9284596104299114
0.5789007,-0.052952822,-0.28122357,-0.094802454,-0.22278626,-0.25900522,-0.4145337,-0.0037985141,-0.30465937,0.14959942,-0.06660864502256576,0.9977791781793495
0.39232734,0.36249995,0.46065634,0.35321695,0.29569268,0.08172692,0.41089335,-0.080497496,-0.2201992,0.15659975,-0.35944467934297764,0.9331663959294849
-0.13406502,-0.22385153,0.086292334,0.22675498,0.28747496,0.24851675,0.25871283,0.28990987,0.33906415,0.51331085,-0.43840423267314477,0.8987779084814397
-0.67826253,-0.69911116,-0.8520526,-1.0684534,-0.7529831,-0.483928,-0.16191408,0.1427513,-0.13619556,0.02055038,-0.9126178424463971,0.40881373955443717
0.6985145,0.71312386,0.6009669,0.08400964,-0.16997962,-0.50842905,-1.0628226,-0.3434654,0.13362047,-1.0188425,-0.92558768929801,0.3785332606521789
-0.49564594,0.43022028,0.3824356,-0.03788695,-0.36446628,-0.18717602,-0.38364103,-0.51086396,-0.6467611,-0.93407786,-0.9630177815446236,-0.26943784520529324
-0.9917544,-1.1121291,-0.4723623,-1.1451523,-1.8240296,-1.3181814,-0.5438871,-0.5568225,-1.37251,-0.90516365,-0.458887708529874,-0.8884942717655536
-1.0113857,-1.586628,-2.5001676,-2.2515044,-2.2420695,-1.8667923,-1.4689925,-1.545387,-1.2910935,-2.518277,-0.06586712639051594,-0.997828402913575
-1.9941673,-1.0092552,-0.26737514,-0.7526788,-0.47144923,-0.09647644,-0.7205687,-0.54358274,-0.25246146,-0.5081247,0.47957118951936406,-0.877502976737391
-0.7233079,-1.0474523,-0.751157,-0.7945284,-1.6933066,-0.8762493,-0.43005612,-0.19432852,-0.14258714,0.015680568,0.6774617401145095,-0.7355580131308616
0.15233867,0.21168908,0.02298525,-0.20361151,-0.33326933,-0.42031655,-0.6463046,-0.14152186,-0.47342753,-0.7876802,0.846006087019305,-0.5331732370686698
-0.4525788,0.011115177,0.23542921,-0.22309063,0.45426482,0.5329421,0.55089945,0.5309638,0.24425569,-0.010190098,0.9777754229433451,-0.20965500778174276
-0.23450418,-0.44451326,-0.7296995,-0.5301908,-0.51329887,-0.3005505,0.10561927,0.13316394,0.4346335,0.6368814,0.9751551002339761,-0.221523205302885
0.0990755,0.13392483,0.089031585,0.24151647,0.15690409,0.23619011,0.47298297,0.2450166,-0.0034941551,-0.07151884,0.15315140832046453,-0.9882027353379763
-0.3787713,-0.6409783,0.22568968,-0.55819213,-0.9657315,0.014463148,0.2450166,0.1701438,0.20590623,0.26053903,0.22160520146688678,-0.9751364697737546
0.49824497,0.08964031,-0.30283323,-0.4892544,-0.44268706,-0.82116,-0.9491438,-1.3061593,-0.51345104,-1.2521353,0.9904795525853701,-0.13765992848423692
-1.5526918,-0.85920507,-0.39246753,-0.7560268,-1.0638878,-0.67324054,-0.85753113,-0.9961676,-1.8068331,-2.0702577,0.6712891136994354,0.7411956056457879
-2.089889,-1.93223,-1.9252294,-2.4746013,-1.898598,-2.2887886,-2.0346475,-1.1804582,-0.5428218,-0.32596466,0.3949863766331071,0.918686977307423
-0.39292407,0.16223042,0.059204187,-0.51558155,-0.14350022,-0.41301188,-0.4583617,-0.65665287,-0.6785669,-0.8079203,-0.058654164606293246,0.9982783624692755
-0.48347145,-1.1611313,-0.8240514,-0.23709123,-0.33889994,-0.1646533,-0.51360315,0.56246513,-0.026929947,-0.11412938,-0.1338704619464315,0.9909988392618072
0.0065497574,-0.14091314,-0.16358805,-0.41879472,-0.79270226,0.20529748,-0.75511366,-0.61160743,-0.32900828,0.047181953,-0.15046439883859672,0.9886154281024244
0.1279898,-0.054322444,0.5531822,0.870935,0.115511,0.27377874,0.20575403,-0.1287387,-0.41331625,-0.7534396,-0.2636094281979065,0.9646294984942005
-0.6768928,-0.4321866,-0.3912501,-0.18078445,-0.017494764,0.15172996,0.15340395,0.34926024,0.60157555,0.6058367,-0.2618314257523156,0.9651136225794917
-0.3256603,-0.06177929,0.020550366,0.12190258,0.20955856,0.30801934,0.3410425,0.30345392,0.27910504,0.28367046,0.4294685581715986,-0.9030818111013023
0.026333217,-0.42701247,-0.5860411,-0.6534571,-0.48347145,-0.46718815,-0.6577182,-0.39901128,0.06285655,0.20879766,0.9789613299741536,0.20404586350925222
-0.15110925,0.0811182,0.28899676,0.23588577,0.4057192,0.20621058,0.1489907,-0.33189967,-0.37740168,0.09359701,0.8807650005181559,-0.47355360188921886
-0.26067922,-0.27224493,-0.23465635,-0.11580336,0.09709716,0.099075496,0.37467438,0.6231852,0.8353248,0.70216686,0.6404682205743852,-0.7679846733068835
0.16238259,0.049616847,-0.19174144,-0.45303535,-0.19021964,-0.54266965,-0.6771973,-0.81857294,-0.39003262,0.21792845,0.3758576980901149,-0.9266773930480877
0.16040424,0.51802844,0.88097894,1.0080496,0.7108411,0.22523315,-0.34316102,-0.40022874,0.198145,-0.19280669,-0.004162209409640803,-0.9999913379688997
-0.7884412,-0.37938,0.16846982,0.38441393,0.51787627,0.9120237,1.0655738,1.2166891,0.88371813,0.02846375,-0.07497886259528073,-0.9971851233165876
-0.44131747,-0.744461,-0.99175435,-1.0652575,-1.3854452,-1.1781756,-0.32292104,0.102880016,0.33739018,0.6968406,-0.13812349430824397,-0.9904150141834888
-0.37177095,-0.3763364,-0.3912501,-0.13756518,0.24090774,0.42154595,0.23284216,0.20514533,0.12768544,0.3529126,-0.22202200815749057,-0.9750416544403194
0.26769152,0.06726979,0.036833677,-0.0022767116,-0.32124707,-0.20939438,-0.2583965,-0.6916545,-0.6446306,0.2856488,-0.2131330061360789,-0.9770231940416758
0.2754527,0.073204815,-0.23526506,0.27119163,0.102271296,-0.059344403,-0.606129,-0.89253265,-0.91627276,-1.3122464,-0.1692621884985088,-0.9855710585973471
-1.7875062,-0.88218445,-1.955209,-1.5109942,-1.5068855,-1.1331301,-0.6759798,-0.87442315,-0.51375544,-0.324595,0.4448919928514541,-0.8955842309334515
-0.63336927,-0.64904386,-0.7505483,-0.62484705,-0.65543544,-0.63123876,-0.81431186,-0.6047593,-1.1156293,-1.0660183,0.8946259643716546,-0.44681582768752387
-0.6173903,-0.32200798,-0.038495667,-0.1521745,0.39887112,0.6157283,-0.00045054726,0.018115478,0.02724631,-0.20041573,0.9949462249380344,0.10040921014306511
-0.3270299,-0.38196707,-0.3148555,-0.5492134,-0.6257602,-0.6131292,-0.596085,-0.18276279,-0.06451853,0.11246739,0.9957184942730861,0.09243743918206647
-0.08871524,0.16573057,-0.47236225,0.16862199,0.188862,0.050225563,0.10607581,0.37863106,0.148382,0.0054844916,-0.855836572625964,-0.5172463252221738
-0.21730778,-0.6501092,-0.41666418,-0.24500462,-0.76454884,-0.7029157,-0.22232974,0.21184124,-0.051583193,0.82056326,0.2076213199933391,0.978209275914016
0.46613488,0.851456,0.7511689,0.2926491,-0.09130231,-0.6245428,-0.06847523,0.09040122,-0.054931168,-0.16845782,-0.3126367816624734,0.9498727508207249
-0.069692686,0.50128853,-0.35350928,-0.28761512,0.1684698,0.94032925,0.73519003,-0.20878565,-0.32033396,-0.44892648,-0.1803436547012052,0.983603663173848
-0.13026051,0.4052627,-0.8777711,-0.7385259,-0.30268103,0.50037545,-0.22309062,0.23679887,0.26860458,0.48683143,-0.06695781558732831,0.9977558072653716
0.38547918,-0.13056488,-0.28700644,-0.04306109,-0.7779407,-0.43736076,-0.315312,-0.44740468,-0.6883064,0.08629234,0.07652956834185709,0.9970673122560026
0.5997494,0.15614319,0.56079113,0.63307697,0.89284897,0.64738184,-0.1077378,-0.362488,-0.46870995,-0.9960154,0.3283772333723188,0.9445466598335636
-0.27117968,-1.3407042,-1.2019156,-0.26235318,0.49291867,0.5752483,0.25886506,0.8415642,0.612076,0.55394304,0.32418459533419675,0.9459938414958118
0.41348043,-0.13802172,0.548008,0.37147856,0.27271345,0.25262564,0.10835852,-0.095867716,-0.28518027,-0.33053008,0.06211581672532081,0.9980689481756991
-0.41575113,-0.16084878,-0.44907874,-0.043213267,0.0850749,0.24927767,0.6178588,0.5295941,0.46476525,1.0847485,0.05942415634718482,0.9982328233645822
1.0155065,0.7943883,0.9613303,0.7088628,0.31243256,1.0922054,0.9593519,0.65575176,1.671861,1.7366898,0.23765026285529875,0.9713507875967401
1.713102,1.3548689,1.2834963,2.01168,1.9553732,1.8409336,1.53292,1.2372334,0.9995275,0.6271419,0.8719897831435446,-0.4895240730477654
1.0307245,0.9263287,1.466113,1.4225894,1.2733002,1.233429,0.7811485,1.1924924,1.2900401,1.1536863,0.5904392436428653,-0.8070820897321667
0.83730316,0.25232127,0.07381354,-0.11580336,-0.36659685,0.08537926,-0.30983353,-0.46429667,0.08750977,0.52091986,0.15966304363160533,-0.9871715719662373
0.41667625,0.29097512,0.43448132,0.6609259,0.4261114,0.4612651,0.22051556,0.10014077,-0.12782563,-0.32200795,-0.3066257496766992,-0.9518301579773579
-0.8372911,-0.6872411,-0.6733927,-0.8643793,-0.594411,-0.41955566,-0.2122858,0.46126512,0.1960145,0.196471,0.15796402415291877,-0.9874448678652475
0.16055642,0.2395381,0.44817758,0.20544967,-0.25246146,-0.41133794,-0.51390755,0.1849053,0.60811937,0.5761614,-0.7742674690754474,-0.6328585041946588
0.44665578,0.9614824,1.6190542,1.0896183,1.3903271,2.031007,1.897849,2.1592953,1.8757828,1.3130194,-0.9832235127248453,0.18240483553079428
0.98811394,0.4621782,0.99054897,0.8864573,0.38532704,0.3238461,0.7861705,0.8281723,0.75543004,0.6555996,-0.8305072903271853,0.5570077564212155
0.73047245,0.7610607,0.58240086,0.08233566,-0.23237364,-0.46825343,-0.45075268,-0.36400977,-0.25733125,-0.25885305,-0.62859769360289,0.7777306343440042
-0.037734773,-0.25093967,-0.3973373,-0.33479115,-0.64950037,-0.7700273,-0.3512266,0.14457747,0.3675219,0.58970547,-0.12898972684610838,-0.9916459299408061
0.30984548,0.4370684,0.48333126,0.26951766,0.21716759,0.33632493,-0.2544398,-0.68800205,-0.5120814,0.021919992,-0.006729791372907059,0.9999773546976336
-1.0827583,-1.4285125,-0.026321245,0.019028557,-0.29811558,-0.70672023,0.16436093,0.16040425,-0.24165666,-0.2856368,-0.5909141693437816,0.8067344324303685
-0.21593817,-0.6534571,-1.2102855,-1.3980763,-0.5581921,-2.2559178,-2.2977674,-1.1927849,-0.59775895,-1.0203643,-0.8846390414751233,0.4662764912559661
-1.4435784,-1.0730188,-1.3140726,-2.342052,-2.631499,-2.7255466,-2.7218947,-2.0949109,-2.0638661,-1.5641053,-0.13870813494733505,-0.9903333041453427
-1.9902107,-3.1215208,-1.3099638,-0.4169686,0.044138346,-0.13634774,0.69273156,-0.18215407,0.099988595,0.041551273,0.03869731089418262,-0.999250978548212
-0.41818604,-0.81126827,-1.1357172,-0.26813605,0.6671652,-1.7235905,-0.52790815,-0.31318146,-0.08201929,0.42763326,0.1102138083977186,-0.993907901386477
-0.43096918,0.4589824,0.15523012,-0.06345327,0.14640364,0.44422084,0.09846678,-0.15034834,-0.15947917,0.61177164,0.17677210694037426,-0.9842518083335489
-0.560627,-0.71706855,0.29188818,0.25323436,0.0882707,0.25795195,0.22447224,0.74310344,0.41241518,0.21564578,0.15661436423253608,-0.9876598305672043
0.106075786,-0.20665511,-0.19691558,-0.29507202,-0.2675273,-0.46094874,-0.2567225,-0.31774688,-0.5384086,-0.013994611,0.14713107621514335,-0.9891170033983714
-0.017494759,-0.2358738,-0.36279234,-0.0016679902,0.13072905,0.22690713,0.5111803,0.18536183,-0.124782026,0.26586533,-0.33947369073677885,0.9406155502103661
0.033637885,0.097401515,0.10516273,0.17075254,-0.10408546,-0.43431717,0.017506748,0.2279724,-0.77824503,-0.5855846,0.9182571663874474,0.3959845658331849
0.24608187,0.27895287,0.44665578,0.6058366,0.53994244,0.8586084,1.0637476,0.9725916,0.4410251,0.34058595,0.06406287615681037,-0.9979458642123417
0.55363864,0.038659837,-0.025408158,0.5988363,-0.04366981,1.1194457,1.8159759,1.8057797,1.3881966,1.4994404,-0.3476547861245224,-0.9376226051481014
1.4235023,2.005897,1.8149107,1.6762742,1.3691739,1.0663348,1.0141369,0.9158283,2.2057102,1.5615301,-0.8819318225666293,-0.4713769832568233
0.7364074,1.4390248,2.1147063,1.8141499,1.5245502,0.72392863,1.568226,1.2656912,1.20071,0.63459873,-0.9912748093084834,0.13181142754112624
0.2623652,0.15249085,-0.061018385,0.71921104,0.1567519,-0.7485699,-0.0281474,0.29584488,0.27940938,0.49641877,-0.9323379936496918,0.3615879776724707
0.04063819,0.6607738,0.47861367,0.32749844,0.13772936,-0.0028854336,-0.2663099,-0.632304,-0.52456015,0.087661974,-0.9143306011984,0.40496858114200945
-0.47921038,-0.51436406,0.12966378,0.5720525,0.67842674,0.62668526,0.590162,1.2136453,0.8436947,0.6656435,-0.852779655370774,0.5222708678317256
-0.296746,-0.7033723,-0.9699925,-0.6453915,-0.27878872,0.10729325,0.34880373,-0.07699733,0.25110382,0.40084943,-0.06044332354697119,0.9981716308524281
0.2177763,-0.10180277,-0.076084256,-0.4209253,-0.83820426,-0.5735623,-0.45227447,-1.0882367,-0.84779155,-0.47068828,-0.46176296812239237,-0.8870033603492146
-0.22856914,-0.31318146,-0.6735449,-0.7608965,-0.8004635,-1.6456739,-1.8713578,-1.8512698,-1.531843,-1.7808104,-0.43855455292447715,-0.8987045699834914
-1.0367998,-2.0134943,-2.3609223,-1.5035374,-1.5677575,-0.63063,-1.3365954,0.010963006,-0.9258602,-1.1192816,-0.5436938956729311,-0.8392835920045095
-0.9296647,-1.1270429,-1.2812016,-1.1235427,-1.4454044,-1.0135162,-0.72482973,-1.7648314,-0.94899166,-0.58162785,-0.3058272682170886,-0.9520870138883698
-0.3311388,-0.1748494,-0.55119175,0.35458657,-0.2294822,-0.18519767,-0.11610772,-0.07441027,-0.2725493,-0.6714143,-0.083934656173224,-0.9964712607461806
-0.31668162,0.08781413,-1.0637357,-1.0221905,-0.18839349,0.09253173,0.12920725,-0.0060812277,0.7307768,0.5279201,0.07784360701534694,-0.9969655825788772
-0.13376066,-0.21700339,-0.045648154,-0.13102141,-0.24972221,-0.36111838,-0.33083442,-0.030734465,0.17333959,0.42945936,0.8703666458919829,0.4924042056265763
0.00031035233,0.52852887,0.3013234,0.2434948,0.53918153,0.4023712,0.096792795,-0.1100205,-0.67461014,-0.61617285,-0.43490310216369904,-0.9004772577519051
-0.251244,-0.74476534,-0.8465741,-0.4104248,0.46628708,0.029833373,0.18003552,0.42565486,0.42413306,0.5305072,-0.5221212439014964,-0.852871272037436
0.37391347,-0.07684516,-0.44831777,-0.71037257,-0.050517935,-0.16937092,-0.47692773,-0.47388408,0.27180037,0.9763961,0.22831660533690726,-0.973586938967153
0.31562832,0.031659544,0.20194952,0.4323508,0.37847885,0.104858354,-0.2745276,-0.3497048,-0.24043918,-0.018103493,0.024607107167869346,-0.9996971992942808
-0.67963207,-0.3503135,-0.1880891,0.26251736,0.32856372,0.07853113,0.29554054,0.6455556,0.36021727,-0.07151884,-0.20385512932180924,-0.9790010654995165
-0.27194056,-0.4302083,-0.4047942,0.04535579,-0.37253186,-0.76880985,-0.58482367,-0.08475856,-0.110477045,0.38076162,-0.6448592506187173,-0.7643013456035953
0.5023538,0.7986493,0.64159906,0.39278385,0.17029598,-0.13923918,-0.5253211,-0.52562547,-0.36659685,-0.6132814,-0.5888893514396965,-0.8082136671455968
-0.45714423,-0.16571859,0.09755369,0.34089032,0.33541182,0.52974635,0.6038583,0.72666794,0.3551953,0.15492575,-0.4068910351103173,-0.9134767022463433
-0.16267495,0.6225764,1.3510646,0.73975545,0.7108412,0.56474787,0.08857504,-0.5128423,-0.84596545,-0.16130534,-0.1231530767560563,-0.9923876861819261
-0.6383912,-1.065562,-0.8578355,0.016289303,0.27408308,-0.31576854,0.19342743,0.12509838,-0.037582587,0.30801937,0.9821801942334881,-0.18794165598788226
0.3816747,-0.19965482,-0.7753537,-1.8823148,-0.72482973,-1.601085,-1.2687228,-1.3177251,-0.84946555,-0.75237435,0.9344762284273623,0.3560255306915112
-1.4125335,-0.6843497,-1.1090856,-1.1153249,-1.1679794,-0.8757928,-0.65102226,-0.59623724,-0.7295473,-0.8732057,0.766714745141545,0.6419879279102806
-1.3242689,-0.79331094,0.096792795,0.47191772,0.15964334,-0.22917783,0.0436818,0.2754527,0.27667016,-0.28441936,0.7585184107926176,0.6516516097491373
-0.39048916,-0.62423843,-0.08034531,-0.29081097,-0.49168923,-0.63245624,-0.024495075,0.465374,-0.014603329,0.35169515,0.7319914671384994,0.6813137985072864
0.33175948,0.47907022,0.5525734,0.16420875,-0.06238801,-0.14532639,-0.3168338,-0.18489332,-0.5107117,-0.50584203,0.6768793832456983,0.7360939481730054
-0.58664984,-0.4190991,0.15462139,0.20940638,0.21001509,0.3221721,0.31715015,0.37056556,0.38471833,0.47907025,0.6321451862673461,0.7748499619145778
-0.5431262,-0.69698066,-0.53262573,-0.22628643,0.120989494,0.4559388,-0.019625286,0.34241214,0.91476303,0.4589824,0.6292779585227132,-0.7771803207219586
0.27606142,0.52883327,0.2926491,-0.51771206,-0.3325084,0.40800193,-0.44740468,-0.34681338,0.39324042,0.5916838,0.9619649892820644,-0.2731727647397481
0.579205,0.40069723,0.8435425,1.5484426,1.496549,0.8691088,0.7493428,0.7639521,0.67933977,1.6166193,0.9777291592309117,0.2098706534740255
1.2746699,0.9745699,1.3805875,1.7016884,1.741864,1.825259,1.4566778,1.9605474,2.334607,1.9708956,0.9835157536994826,-0.18082246051013334
1.1832094,1.0715088,0.68907934,0.3244548,2.0711827,1.2119714,0.63292474,0.75862586,1.0699872,1.2211024,0.8857889215510464,-0.4640883390664263
0.850695,0.30817154,0.7383858,0.6094889,0.7761267,0.68816626,0.75299513,0.34423828,-0.33661726,0.7800832,0.715874548122699,-0.6982289247446869
0.19144906,-0.42031655,-0.039713115,0.42154598,0.487288,0.18125297,0.033333533,0.800171,0.55302995,0.35245603,0.5760245670258118,-0.8174323814131209
0.28336608,0.30482355,-0.14867435,-0.5909109,-0.35107443,0.016289314,-0.2647881,0.041703455,0.4095237,0.3643261,0.5179957517596738,-0.8553831896635159
0.2888446,0.20423223,0.8109759,0.6845139,0.31425872,0.42321998,0.22295046,0.03500751,-0.076084256,-0.20178536,0.4532784472167623,-0.8913689748295937
-0.07973659,-0.024951607,-0.48910213,-0.40175053,0.057073683,-0.015364235,0.14336003,0.21853718,0.16466531,0.14138168,0.45342397558015896,-0.8912949558754854
0.18018772,-0.018103484,-0.3052681,-0.48651507,-0.21152489,-0.26341847,-0.23100403,-0.04975703,-0.07958441,-0.12432546,0.6078005472252804,0.794089727167308
-0.047017775,0.13133778,0.37589183,0.46278688,0.52183294,0.35321692,0.3238461,0.20423222,0.06300873,-0.12158622,0.9988655194921618,0.04762010047924712
-0.30115923,-0.4582095,-0.76576626,-0.6685229,-0.73319966,-1.2615706,-1.0777365,-0.0062334114,0.32278082,0.06346526,0.999821945234872,0.018870024556334908
0.7067323,0.7669958,0.6379467,0.56733495,0.34028164,-0.20528552,-0.49442846,-0.5642793,0.16968726,-0.61556417,0.9973662835074869,-0.07252928044909503
-1.1506308,-0.5703665,0.2465384,0.21503702,-0.64036953,-0.08704126,0.81204116,1.1949272,0.64646876,-0.028451754,0.9902909349805881,0.13901030211920423
-0.34103054,-0.35624856,-0.3160729,0.35093424,-0.36446628,-0.67628413,-0.20072007,0.6886228,0.21655884,-0.4146859,0.9555881192587018,0.2947055247728094
0.10881505,0.49672315,0.92526346,0.66655654,0.011267359,-0.2723971,-0.55180055,-0.67004484,0.33434653,-0.43903473,0.8634286377223664,0.5044709977401066
-0.89435875,-0.1100205,0.6607737,0.15827371,-0.3349433,0.5921403,0.5886402,0.46233034,0.65240383,0.7526908,0.9723502155192529,0.233527425326582
0.5633783,0.13970771,-0.18671946,0.09253174,0.013397883,-0.37222752,-0.065583766,0.8688045,0.764713,0.61527175,0.9646116502070774,0.2636747319801029
0.640686,1.0040929,0.72316784,0.6408381,0.81128025,0.741886,0.51437604,0.3699568,0.5060062,0.68984026,0.7015888307992908,0.7125820040512417
-0.19280669,-0.24622205,-0.53764766,-0.1459351,-0.2789409,-0.28913698,-0.15704428,0.061943464,0.40313214,-0.060257494,-0.25361729983350134,-0.9673046393071647
0.7389946,0.6807094,0.8147804,0.60172766,0.3386076,0.093597,-0.24363498,0.6796441,1.2058842,0.7027756,-0.45310430545417824,-0.8914575078930496
0.839738,1.4283721,1.4353724,0.9829398,1.0610085,1.5157238,2.0206587,1.7409508,1.1249243,0.85221684,-0.7540883540949738,-0.6567729852988273
0.96422166,0.7208851,1.6557299,0.96513474,0.6720351,1.53779,1.7840179,1.5485948,1.0171804,2.098575,-0.9657884558121083,-0.259331175565267
2.3875656,1.9062189,1.2004058,0.5859009,0.0249636,0.21655886,0.7647131,0.5519647,0.81782407,1.3842398,-0.5685123881527583,0.8226747015174634
1.4149802,1.3830223,0.52396345,0.63962066,0.8657609,0.48393998,0.036681496,-0.15826173,-0.17789303,-0.35609642,-0.4278636179756023,0.9038433074448401
0.33906415,0.21397181,-0.47905824,0.050377734,0.4909403,0.49931026,0.36721754,0.5104194,0.857391,0.70901495,-0.35491968340740215,0.9348967955501769
-0.65946954,-0.3993931,-0.18649255,-0.017115662,0.025342697,-0.04009492,0.03569097,0.058061514,0.034473523,0.073127374,-0.5322642993951464,-0.8465782394967365
0.11786845,0.19685012,0.3153987,0.43364295,0.46270946,0.3983371,0.34735662,0.27659267,0.3278775,0.36729226,-0.4870319680819519,-0.8733841434707987
0.33959547,0.31920323,0.3298559,0.29454997,0.3195076,0.27689704,0.27674487,0.27644053,0.25985283,0.21861194,-0.8609322577876929,-0.5087196158008708
0.15637013,0.024429616,-0.058660936,-0.083466366,-0.08103147,-0.07342246,-0.1510345,-0.20627601,-0.31386766,-0.43500334,-0.6388471725783621,0.7693336662909224
-0.4736572,-0.47487468,-0.44352546,-0.3439994,-0.24736477,-0.1542303,-0.15118667,-0.10096714,-0.05044319,-0.029137924,-0.6470039567189724,0.762486642499391
-0.05356154,-0.30846387,-0.5540832,-0.17150143,-0.25535288,-0.73319966,-0.46992737,-0.33129096,0.07868332,0.18551402,0.21153902606701538,-0.9773695516285632
-0.02479943,0.21975465,0.3596085,0.41485006,0.4119586,0.23695102,0.1022713,-0.07212756,-0.3904892,0.17151342,0.3624110400880644,-0.9320183678567109
-0.3980982,-0.64280444,-0.2649403,0.087814145,0.18140516,0.04322526,0.23451614,0.35139078,0.44224256,0.34302086,0.3636617908389906,-0.9315310525601271
0.29995373,0.23299435,0.1911447,0.38608792,0.7981927,0.7902794,0.38045725,0.74873406,1.1912749,1.1270547,-0.7422407162950074,-0.6701333591710492
1.4531776,1.5250067,2.185166,2.090205,1.8566082,1.07577,0.8204111,0.52441996,-0.04123492,0.9162847,-0.9612663880483809,-0.27562099195892087
0.78358346,0.231016,0.38213125,0.97030884,1.0365074,0.7470601,0.62014157,1.2920183,0.99846226,0.96635216,-0.9802065934201416,0.19797735783589293
0.44498178,0.21762411,-0.0905414,-0.5422131,-0.7044376,-0.6345867,-0.83424747,-0.36172703,-0.1820019,-0.0406262,-0.983135025339461,0.1828811689343038
0.051138643,-0.03286499,-0.095259,-0.39064136,-0.16297933,0.24608186,-0.25550508,-0.05432244,-0.0048637805,0.066965416,-0.33674882251591,0.9415945149235674
0.19768846,0.51468045,0.17425267,0.5171154,0.60340166,0.41926327,0.20073208,0.02070254,-0.17043617,-0.2163947,-0.33193046323465236,0.943303857501298
0.08690106,0.06529144,-0.08414982,0.061486926,0.34180337,0.50859326,0.5469427,0.39567527,0.59822756,1.053095,0.39590902810336315,0.918289737210566
0.9173501,0.40921932,0.43189424,0.6749266,0.30345392,0.8998493,1.3906313,1.18884,1.8149107,1.9967663,0.34274189582256925,0.9394296103742692
1.8063886,2.0608344,1.7764089,2.2066236,2.34739,1.9116974,1.2069495,0.66381735,0.4568519,0.3965884,0.2842044908340266,0.958763686937387
1.1801656,0.5979232,0.22036335,0.685427,0.8821964,0.8071714,0.5265506,0.7621259,0.9716786,0.7097759,0.9726331244116885,0.232346304677214
0.62820715,0.5668784,-0.027690854,-0.25976613,-0.46429676,-0.36157486,-0.1326954,-0.21989484,-0.042908907,0.41819805,0.9960780188311467,0.08847926537566783
0.18444876,0.23558141,0.3564127,-0.12752126,-0.14486983,-0.0812584,-0.7336561,-0.34529158,0.14822981,0.28610533,0.8623117119339161,0.5063778346863128
0.33495528,-0.008972651,0.5324856,0.71525437,0.43874237,0.21503706,0.36493483,-0.021908002,-0.7292429,-0.31181186,-0.9796778183125499,0.20057759672097641
0.03470316,-0.5204513,-0.29476762,0.48911414,0.36249992,-0.006994311,0.17136124,0.51970243,0.65149075,0.5880315,-0.8563883815874334,0.516332199152887
0.5009842,0.55333436,0.6916664,-0.13467374,0.8258896,0.96680874,0.37817454,0.94900364,1.4344594,1.5548341,-0.6547651867449159,0.755832355901026
1.7656041,1.4869616,1.9395466,2.300823,1.8213022,1.3040407,1.1690565,1.1719481,1.3083017,1.8305852,0.38385622329908864,0.9233928740436327
0.6910577,1.4967012,1.9354376,1.6841877,1.6464468,1.3306723,1.6193588,1.4405468,1.6808395,1.0940316,0.7771853202823155,0.6292717838403967
0.6364249,0.33617273,-0.34300885,0.9662,0.5814877,-0.3659881,0.036681484,0.6377945,0.5055496,0.45639533,0.9063991135560078,0.42242235611397677
0.92648095,0.81432384,0.78784454,0.44224256,0.054790977,-0.20239405,-0.6131292,-0.24606986,0.1287507,-0.47860172,0.9674645001802956,0.2530068000882404
-0.5518005,0.20621057,0.35930413,0.36097813,0.25338653,0.94215554,0.6073584,0.67005676,0.52335477,0.18292697,0.9605850455918428,0.2779862769730144
-0.19600248,-0.3879021,-0.3107466,-0.17226233,-0.20878565,-0.22309063,-0.027843032,0.19388394,0.26723495,0.471309,0.30074318646948295,0.9537051618777062
0.64890367,0.7158631,0.44422087,0.08598798,-0.01414679,-0.35487893,-0.51390755,-0.28974566,-0.11732517,-0.110629246,-0.3316520230142958,0.9434017890753255
0.14107732,0.17516576,0.66381735,0.6654913,0.2928013,0.4877445,0.6295768,0.5186372,-0.0865847,0.100140765,-0.18796132318049197,0.9821764306825117
0.7307768,0.3816747,1.0890096,1.3063233,0.8797615,1.1375552,1.2736046,1.961917,1.6764265,1.1716436,0.09582792655425058,0.9953979146513785
1.8459555,1.9559821,1.9412204,1.5694436,0.6527082,0.13438137,-0.17211016,-0.2693535,0.2894533,-0.021755828,0.9925545210748964,-0.12180116047798226
-0.47129703,0.21655884,0.79180115,0.41743708,0.17303523,0.47328734,0.47724408,0.17425267,0.26190862,0.28123555,0.9422038337891977,-0.33504019996552314
0.019637277,-0.53460413,-0.27102748,0.17973116,-0.27894086,-0.30024615,0.066508874,0.25810412,0.09451008,-0.046561234,0.895813027938606,-0.4444311183698394
0.32947677,-0.02282108,0.50950634,0.47830933,0.28367046,0.14868636,0.06924813,-0.09693299,-0.056300793,0.18794893,0.9007968070946598,-0.43424084599225127
-0.22430809,-0.34376976,-0.24622206,-0.07638862,0.15614319,0.39156643,-0.0031897959,0.49063593,0.44391653,0.2809312,0.9708524710916564,-0.23967786584335354
0.21914591,0.17288306,-0.18915437,-0.515125,-0.6274342,0.1960145,-0.6374782,-1.0619096,-0.11686864,0.023289612,0.2653834326460019,-0.9641429529260819
0.034398787,-0.23343892,-0.066040345,0.14457747,-0.14319587,-0.7359389,-0.8044201,-0.8563137,-1.1332822,-1.7305907,0.29937860622361057,-0.9541343983609482
-1.5685185,-2.4233165,-2.4522307,-1.4280559,-0.65452236,-1.1131943,-0.65939206,-0.81902945,-1.5540613,-1.2282429,0.6010285918075133,-0.7992275219422047
-1.7531135,-1.8788146,-1.7607224,-1.9619052,-1.2235253,-1.239352,-2.3265297,-1.6843278,-1.0352781,-0.5833019,0.48257213044094366,-0.8758562318792329
-0.23130837,-1.0036246,0.034246616,-0.46551418,-0.8232904,-0.5860411,-0.76652724,-0.6530005,-0.48134094,-0.95173085,0.6460726647314311,-0.763275908100621
-0.99434143,-0.6992634,-1.198872,-0.9488395,-0.04777869,0.11246739,0.12479401,0.4029799,0.34773844,0.12738107,0.9826874023976365,-0.18527133930801484
0.021615626,-0.12919524,-0.28518027,-0.39368492,-0.71219873,-0.87837994,-0.645848,-0.7811365,-0.6569572,-0.30678988,0.9944321866591146,-0.10537848991313008
0.0038105096,0.0835531,0.16755675,0.48363566,0.43585092,0.39415354,0.14549056,-0.18337151,-0.29248494,-0.36111832,0.9981531741536099,-0.06074735325158826
0.28427917,0.11901115,0.34560794,0.30878022,0.063617446,-0.03256063,-0.2795496,-0.34316105,-0.48894995,-0.3105944,-0.9814364300531376,0.1917877310063202
-0.7010895,-0.5327779,-0.32809517,-0.057974774,0.31014985,0.5198546,-0.11565119,0.7210372,0.2708873,0.41271952,-0.9810997616335748,0.19350260391669907
0.53735536,0.12905505,-0.1428915,-0.3661403,-0.44025224,-0.096780814,-0.14152189,-1.0094073,-0.9302735,0.335564,-0.93837152543975,0.3456282399397894
0.27134386,0.19494924,0.1514256,0.5729656,0.5830094,0.6555996,0.5907707,0.7523864,0.97167856,0.4363075,-0.9449756358208671,0.32714071544970996
0.050529923,0.93667704,0.560639,-0.32809517,1.2316028,1.7954315,1.5313982,1.4504384,0.8815877,1.4749395,-0.9594962036296645,0.28172155618671024
1.2731482,1.2042103,0.69410133,0.31517178,0.12464183,-0.02312544,-0.18839346,0.34286866,-0.41544676,-0.8974024,-0.8099134767746453,0.5865493671796144
0.6831443,0.7234721,0.36934805,0.08842286,0.45304734,0.6533169,0.3007147,0.27453962,0.23238564,0.087205425,0.10882760912394943,0.9940606377341198
-0.23663469,-0.38698906,-0.49975473,-0.14456548,-0.37070575,-0.3927719,0.084313996,0.37802237,0.26738715,0.240299,0.6035577379979933,0.7973192941994729
0.82999843,0.8436947,0.66016513,0.2847357,0.06118256,-0.036821686,-0.1976765,-0.2812236,-0.4504483,-0.45318753,0.6280997397797798,0.7781328401298668
-0.20863347,0.010506456,-0.12812999,-0.8400303,-0.4254907,-0.2905066,-0.14258714,0.16710019,0.5035712,0.8525211,-0.9923945617008064,-0.12309766003732285
0.97502655,0.8671306,0.6689915,0.17638323,-0.22872129,-0.2506353,-0.40266365,-0.68298006,-0.79133254,-1.2754189,-0.9600203290698465,-0.27993029091654936
-1.6202599,-1.1950675,-0.76257044,-0.68891513,-0.60019386,-0.51208144,-0.7510048,-1.031169,-1.1075637,-1.4240992,-0.41026281930851544,-0.9119673344440733
-1.6485654,-1.6564789,-1.4412957,-1.4225771,-1.360792,-1.5914978,-1.3035723,-0.44405666,0.023137433,0.19921027,0.4052790996326204,-0.914193005552423
0.29523614,0.47648314,0.6834487,0.90076244,0.47572225,0.18688364,0.035464052,-0.30922478,-0.45531806,-0.51345104,0.4936094459864924,-0.8696836866544686
0.26312608,0.36995676,0.23634233,-0.036517322,-0.23846085,-0.9753189,0.5212242,-0.26935348,-0.6645662,-0.008363937,0.5521940915458798,0.8337155901515939
0.68847066,0.26906112,0.10364092,0.7205807,0.52655053,0.584227,0.36523917,0.21564579,0.10835851,-0.37831473,0.5698052914836856,0.8217797331385046
0.86028236,0.18064429,-0.4825584,1.1342072,1.0880965,0.97015667,1.069074,1.1016407,1.7505385,2.1201847,0.9805659163381334,-0.1961899174676333
1.5545299,1.3003883,1.1339029,0.75543004,1.2118194,1.1077279,1.381044,2.1200325,2.9381547,3.0840962,-0.7686814564697121,-0.6396317835126725
2.6602733,2.0320723,1.8231283,2.2490819,1.7077755,1.2789309,0.7333638,0.27119166,-0.6385434,0.1590346,-0.8977257385171535,-0.44055476209414807
0.86089116,-0.15445721,-0.5175599,0.3138022,0.6093368,0.12935942,-0.1521745,0.71829796,0.42885065,0.42245907,-0.9394350551062131,-0.3427269718560042
-0.03545206,-0.3023767,-0.59699816,-1.0401478,0.14229475,-0.13786955,-0.49001524,0.07076993,0.42839408,0.32704186,-0.9415250501652436,-0.33694299207927686
0.26297387,0.17440484,0.05189955,-0.0865847,-0.22309063,-0.43523023,-0.31394237,-0.14243497,-1.0625182,-1.0112334,-0.9357637315702346,-0.35262762041245427
-0.0171904,0.29995373,0.2830617,0.29173604,0.522746,0.642512,0.58514005,0.36554357,0.24151646,0.08111821,-0.9997601614453472,-0.021900218875009255
-0.30313757,0.802606,0.61527175,-0.4659707,-0.23967826,0.9999841,0.9479384,0.7234721,0.40784976,1.2491035,4.5773634688957305e-05,0.9999999989523872
1.5030928,1.4962447,1.4910705,1.1547515,1.1509472,1.0311811,2.263691,1.621185,1.3221501,1.578118,0.16284243024499545,0.986652088079635
2.2162106,2.5017014,2.139816,2.0159411,2.4164803,2.4587862,1.9489815,1.2793874,1.0737916,0.36615232,0.2754738285072771,0.9613085715874707
0.9789831,1.6631868,0.30938897,0.28275737,0.4790702,0.61816317,0.5282245,0.63718575,0.21564578,0.8006277,0.8736579136593541,0.4865406970648856
0.522746,0.5560736,0.2756049,0.108510695,-0.35259625,-0.39414153,-0.2412001,-0.3014636,-0.80609417,-1.1183685,0.999962137901416,-0.008701882763483187
0.38137034,0.7942361,-0.13741301,0.73184204,0.31517178,0.35139078,0.5664218,0.77293074,0.5067671,-0.4563833,0.7035762160145153,-0.7106198057039335
0.6443382,-0.5568225,-0.6109987,0.0070063025,-0.11565118,0.2606912,0.8974144,0.0079193795,1.0193108,0.5976189,0.7035762160145153,-0.7106198057039335
