-0.07973659,-0.10560727,-0.14517419,0.8364423584601774,0.5480549068967234
-0.21517722,-0.15415286,0.023289617,-0.8364407831314694,-0.5480573111586178
0.07229174,0.08522708,0.42854628,-0.8364359337492442,-0.5480647121764273
0.21792848,0.19799283,0.3232374,0.8364409003583464,0.5480571322478334
0.15583883,-0.072127566,-0.2886804,-0.836440074090355,-0.5480583932900958
-0.49777645,-0.39946786,0.082031295,0.8364594894208952,0.5480287607030632
-0.7257428,-0.7739841,-0.06908395,0.8364412876689056,0.5480565411367544
0.23892938,0.13148996,-0.023734162,0.20678473599788671,-0.97838646401015
0.16786109,0.47541785,0.6126847,0.12340593703543765,-0.9923562740792269
0.6385554,0.3221721,-0.17058836,0.9727186208438567,0.23198811319467472
-0.51847297,-0.6778059,0.032420427,0.18046634080716153,-0.9835811607771233
-0.32718208,-1.4189252,-0.9037941,0.8572854757987056,-0.5148413473921718
-0.4676447,-0.5187773,-1.0022548,-0.6235890839783305,0.7817522973059091
-0.5435828,-0.58147573,-0.37938,-0.790737063342813,0.6121559414528164
-1.0663228,-2.0113637,-2.0058851,-0.8283105972691571,0.5602691803513845
-1.5945414,-1.4869498,-0.84261745,-0.5333771383496546,0.8458775492267977
-1.2565485,-2.4001849,-1.8021156,-0.9419781650477522,0.3356741523758862
-0.69424146,-0.24698298,-0.3583791,-0.9933489638567968,-0.11514267673034216
-0.28031054,0.080661654,-0.20315497,-0.9970626779672355,-0.0765899223449464
-0.09875915,-0.20102443,-0.4782973,-0.9915712900104013,-0.12956225077972514
-0.6507178,-0.718286,-0.5356694,-0.9931839848064308,-0.11655716333207324
-0.42062092,-0.85737896,-0.6848063,-0.9965543930581903,-0.08294179692062308
-0.28289756,0.09253175,0.29127946,-0.9806527947883847,-0.19575519424457233
0.22295043,0.42017636,0.6158805,-0.9825622564526226,-0.18593389200124505
0.38867497,0.5169632,-0.022516718,-0.9885925019017767,-0.15061495670611746
-0.29872435,-0.39825037,-0.3775538,-0.9796358682871519,-0.2007823836029394
-0.38074964,-0.80944204,-0.65269613,-0.9911239185381466,-0.13294125808637958
-0.3959677,-0.18245843,-0.30846387,0.3998790014194198,0.9165679375931758
-0.09328065,0.057986766,0.17060034,-0.3998613949644364,-0.9165756187118961
0.09801024,0.10166257,-0.012320624,-0.3998768648967242,-0.9165688697093999
-0.23846087,-0.064822905,0.09040122,0.3998790509729827,0.9165679159740137
-0.56991,-0.44436112,-0.2294822,-0.9172363942050381,-0.3983433156784985
0.014463146,0.11946769,0.031963903,-0.9378787468387598,-0.3469631914600703
-0.05690952,0.2926491,0.36189124,-0.9849945996775072,-0.17258516334304985
0.4142413,0.15203431,-0.022060176,-0.9315520625722566,-0.3636079684459273
-0.13863043,-0.13315195,-0.22598204,-0.9176504516329557,-0.3973885360926162
0.025267962,-0.1444133,-0.045039434,-0.9233186537358543,-0.3840347167423925
0.34926027,0.348195,0.45761275,-0.8469883142124163,-0.5316115081406809
0.4950492,0.58133554,0.62364167,-0.8296803864548278,-0.5582387090951035
0.8831095,0.8237591,0.6135978,-0.908189638451962,-0.4185589332561123
0.52502877,0.61329347,0.5617042,-0.8283614156000709,-0.5601940424041
0.59716225,0.4802877,0.67599183,-0.617032717591046,-0.7869374977863288
1.1454686,1.3259547,1.5989664,-0.7048761893115244,-0.70933035867758
1.9588735,1.9508079,2.195514,-0.6260805743629843,-0.7797583692435214
2.4129798,2.0380075,1.8229762,-0.6390263250553959,-0.7691848645717072
1.8266284,1.7059494,1.3370638,-0.7083983479147111,-0.7058128510247654
1.5248547,1.4067625,0.9483949,-0.6892743268064154,-0.724500450245245
1.40798,1.3586735,1.045334,-0.7275551562875262,-0.6860491925215227
0.96635216,0.818585,0.77293074,-0.8022754685221872,-0.5969539953861646
0.5238113,0.83365077,0.81295425,-0.6843726256910591,-0.7291324359845238
0.8758049,0.78845316,0.49048376,-0.3844143534797548,-0.9231606603613165
0.27286562,0.027246308,-0.2138076,-0.06791305284047738,-0.9976912434485363
-0.02419071,-0.054626815,-0.37222752,-0.16192295763009681,-0.9868034028074295
-0.16587077,0.06726978,0.1731874,-0.13265500982826656,-0.9911622714608656
0.08416181,0.16892636,0.31593272,-0.10877440929903094,-0.9940664604952965
0.55774754,0.48363563,0.37452218,-0.11406836677572925,-0.9934729023486839
0.33739018,0.19084035,-0.112607576,-0.116885932062188,-0.9931453463043329
-0.16906655,-0.27833214,-0.027538674,-0.06341236042103864,-0.9979874110157062
-0.2460699,-0.24606988,-0.07928004,-0.11589112206367788,-0.9932619230730744
0.0882707,0.1631435,0.107445434,-0.10710864719936349,-0.9942473221966063
-0.069388315,-0.07517117,-0.079432234,-0.5657958594262328,0.8245453568216431
-0.57371455,-0.57371444,-0.6971329,0.5657995212369634,-0.8245428441069772
-0.8158336,-0.6910457,-0.3971851,0.565790293481576,-0.8245491760968732
-0.076236434,0.285801,0.643273,-0.5657921261696507,0.8245479185374408
0.1170328,0.8369988,0.045507975,0.5657865934361701,-0.824551714986934
0.09359701,0.15553448,0.14564274,-0.31284265930219535,0.9498049644641422
0.093597,0.17851374,-0.09434592,-0.3716661268093399,0.9283664633012891
-0.24926567,0.2068193,-0.3752711,-0.334006940147888,0.942570614825778
-1.1252166,0.33541182,0.4635478,-0.3253898930785271,0.9455799371191971
0.5921404,0.1287507,0.773235,-0.37247447598682576,0.9280424369275037
0.6142065,-0.21837303,-0.69515455,-0.6562768194880317,0.7545202026471347
-0.42259926,-0.56154007,-1.1917197,-0.7371081043324152,0.6757748460304461
-1.0272124,-1.1405869,-1.779745,-0.7157333288648733,0.6983736836049932
-1.3782929,-0.98718894,-0.7514613,-0.7437543605111107,0.6684530284325959
-0.33692163,-0.97379696,-0.40890303,-0.735328220885843,0.6777111534930355
-0.7371564,-1.3158989,-1.343748,-0.8726656206203222,-0.48831825133548706
-1.1042157,-0.79681116,-0.5913674,-0.8013463789937183,-0.5982006192521502
-0.70885074,-0.57949734,-1.3206165,-0.804278127567751,-0.5942530551171888
-1.0737797,-0.1695231,0.29584488,-0.8704995422489593,-0.4921692259216866
0.15994768,0.0350075,0.29995376,-0.7914979653873242,-0.6111718013682617
0.017202394,0.08811851,0.025420142,-0.7234630969502196,-0.6903630547409074
0.020550366,-0.45455715,-0.6478264,-0.8282157494469269,-0.5604093792648953
-0.94518715,-0.12615164,-0.83820426,-0.6906452981029433,-0.7231936616206592
-0.791637,0.051290832,0.4282419,-0.7390874721221673,-0.6736094629323913
0.54070336,0.31197602,0.94032943,-0.7762322660395288,-0.6304470391390051
0.5262462,0.40845844,0.29934508,-0.5535136889472152,-0.8328400783752218
-0.23313454,-0.25078747,-0.36492285,-0.5056539722076726,-0.8627363794291987
-0.5064507,-0.73411274,-0.64036953,-0.6532522142123965,-0.7571403731320906
-0.725895,-0.2536789,0.2518647,-0.6808021042469831,-0.7324674019046037
0.42808977,0.28169212,0.42428523,-0.22825247248250352,-0.9736019765826402
0.5355292,0.5502907,0.52259386,0.9135639572456061,0.40669508974383795
0.25034294,-0.11473811,-0.060714025,0.913563988543627,0.4066950194387188
-0.2389174,-0.3764886,-0.31759474,0.9135638798969019,0.40669526349309626
-0.27620164,-0.012168445,0.093292646,0.9135641452771812,0.40669466736603904
0.23923375,-0.047778685,0.09846677,0.9135639970499898,0.4066950003307716
0.1359032,0.09177084,-0.23374327,0.913563625025759,0.40669583601236226
-0.46901435,-0.7016983,-0.89633715,0.9135632912719569,0.4066965857249718
-1.4166423,-0.46125314,-1.6143248,0.9135641711887941,0.4066946091604018
-1.5382345,-0.5767581,-0.30648556,0.9710421462197281,-0.2389082465403492
-0.25154835,-1.1903499,-0.8957284,0.9985870762029199,-0.053139921344538286
-0.66852295,-1.4560572,-2.102216,0.9970194237169461,-0.07715094770078162
-2.0757363,-1.9711882,-1.9649487,0.9640927774426113,-0.2655656538089809
-2.1886542,-1.4613832,-2.590715,0.9992165499976182,0.03957633397445158
-1.4543831,-0.7500917,-0.35700944,0.9751556947851997,0.22152058804543326
-0.3536615,-0.48803693,-0.031191012,0.9840141291781734,0.17809040843830104
-0.591824,-0.6997199,-1.0316256,0.9768998120845581,0.21369781737106014
-0.76591855,-0.49473283,-1.1287168,0.9767466494157417,0.21439678835076337
-1.0561268,-1.1206512,-2.1445217,0.9683944674172595,0.24942364658476637
-1.37251,-0.37390146,0.4236765,0.9174399599231124,0.39787425141152055
0.023289608,-0.09586771,0.51589787,0.9172487449718091,0.3983148752527842
0.02055036,0.07396572,0.041551273,0.9181283657330684,0.3962831109652857
-0.1648055,-0.32063833,-0.90942466,0.9174664841116412,0.39781308491780853
-0.6992635,-0.21061182,-1.3085941,0.8873538480176392,0.46108908944832844
-1.1940022,-0.18626295,-0.0024288918,0.833761604965478,0.5521246110122154
0.056464966,-0.37542334,0.39339256,0.8453134550057915,0.53427068306821
0.11459793,-0.079432234,-0.09997659,0.8502374141297236,0.5263994107272546
-0.45303535,-0.4340128,-0.6528483,0.8346473909125635,0.5507846519674005
-0.7768755,-0.53460413,-0.44679597,0.8470966604799627,0.531438846720575
-0.68845856,-0.14578293,0.08309656,0.8494420255751428,0.527681954577564
0.18079643,0.14609928,0.15081689,0.8335416711289354,0.5524565887846591
0.03789894,0.030898634,0.008832465,-0.3603478197995743,-0.9328180148162306
-0.028299576,-0.11793389,-0.19250235,-0.36034486188893045,-0.9328191574524226
-0.25596163,0.05676933,0.064834885,0.3603486764658218,0.9328176838854044
-0.55621374,-0.43842602,-0.4271647,-0.3603463078709966,-0.9328185988731899
-0.18443677,-0.13284758,0.026485404,-0.36034453505613523,-0.9328192837067519
0.15446922,0.07350918,0.12433746,-0.6743502018096317,0.7384116773990707
-0.05843132,0.12768544,0.18490532,-0.9943895315072259,-0.10578024214776527
0.02450706,0.05144301,-0.15521811,-0.9981207438509598,-0.06127789727468154
0.048399396,-0.24485244,-0.58071476,-0.9750779992199191,0.22186233442673253
-0.39809823,-0.4606444,-0.38896737,-0.9874592515266962,-0.15787408455581592
0.09587971,0.021615628,0.24395135,-0.9969374323743199,-0.07820329872133498
0.025420142,0.43250299,0.40282777,-0.9507696471995456,0.3098984962274769
0.024963591,-0.13208668,-0.07699734,-0.9976001669967673,0.06923804451327262
-0.32535595,-0.41727296,-0.15171798,-0.9985425651019108,0.05396985899274006
-0.3490961,-0.30070266,0.102271296,-0.9428957852539565,0.33308788352374047
0.599445,0.08918377,0.11322828,-0.6807813803261975,0.7324866634971297
0.2981276,0.5769223,0.13438138,0.37388410326796073,0.9274754321940355
-0.28228882,-0.28837606,-0.5276038,0.37093207614962004,0.928659999614139
-0.3449872,-0.13436939,-0.2755929,0.37414236562434006,0.9273712796097486
-0.42092532,0.10714107,0.40724105,0.37380234176469784,0.9275083877201479
-0.0010592703,0.03455097,0.31730238,-0.05140776045057851,0.9986777469061058
0.51133245,0.12677236,-0.35974875,-0.6254784038047358,0.780241479526614
-0.2845715,-0.09845478,-0.10910743,-0.3522552994502942,0.9359039502049253
-0.063148916,-0.1514136,-0.52790815,-0.533330190775897,0.8459071507009178
0.119163334,0.31699798,-0.014146784,-0.5737724077232816,0.8190147887159477
-0.12615164,0.2832139,0.5789007,-0.3954496762817786,0.9184876447337964
-0.052952822,-0.28122357,-0.094802454,-0.10323878210285299,0.9946566009784079
-0.22278626,-0.25900522,-0.4145337,-0.3411438725939403,0.940011094717296
-0.0037985141,-0.30465937,0.14959942,-0.06882225734723002,0.9976289374780745
0.39232734,0.36249995,0.46065634,-0.4359318730710597,0.8999796675707499
0.35321695,0.29569268,0.08172692,-0.6075368990612866,0.7942914554991739
0.41089335,-0.080497496,-0.2201992,-0.6146066786845081,0.7888337153775806
0.15659975,-0.13406502,-0.22385153,-0.40915735491263727,0.9124638397881278
0.086292334,0.22675498,0.28747496,-0.6826540520478973,0.730741708966025
0.24851675,0.25871283,0.28990987,-0.3495822458152551,0.9369056801037992
0.33906415,0.51331085,0.11688063,-0.6906818456534458,0.7231587571790511
0.11368483,0.1614695,0.18140514,0.8436680921899743,-0.5368651136184293
0.13696845,-0.031038824,-0.12310803,0.8436686632852987,-0.5368642161574912
-0.2797018,-0.67826253,-0.69911116,0.8436668093790503,-0.5368671295136009
-0.8520526,-1.0684534,-0.7529831,0.8436672098794704,-0.536866500141506
-0.483928,-0.16191408,0.1427513,0.803655039663737,-0.5950954353908937
-0.13619556,0.02055038,0.6985145,-0.9220264684445914,0.38712684160052124
0.71312386,0.6009669,0.08400964,-0.9954105994066472,0.09569607405165256
-0.16997962,-0.50842905,-1.0628226,-0.9792286379393282,0.20275915426803326
-0.3434654,0.13362047,-1.0188425,-0.926118577816948,0.37723252752422287
-0.49564594,0.43022028,0.3824356,-0.940629179264656,-0.33943592490468605
-0.03788695,-0.36446628,-0.18717602,-0.657450415623443,-0.7534978108770867
-0.38364103,-0.51086396,-0.6467611,-0.9302509801331101,-0.366923853083154
-0.93407786,-0.9917544,-1.1121291,-0.5637647804331761,-0.825935392354107
-0.4723623,-1.1451523,-1.8240296,-0.7600312289611623,-0.6498865524103304
-1.3181814,-0.5438871,-0.5568225,-0.2987708807287984,-0.9543248717436522
-1.37251,-0.90516365,-1.0113857,0.05035397009450807,-0.9987314342182895
-1.586628,-2.5001676,-2.2515044,0.0556666516390372,-0.9984494097826379
-2.2420695,-1.8667923,-1.4689925,-0.07143504867763219,-0.9974452535454887
-1.545387,-1.2910935,-2.518277,0.07763628115200323,-0.9969817490049089
-1.9941673,-1.0092552,-0.26737514,0.4275913860364921,-0.9039721271075737
-0.7526788,-0.47144923,-0.09647644,0.542324378779479,-0.8401691902119788
-0.7205687,-0.54358274,-0.25246146,0.5462080950454524,-0.8376495191348335
-0.5081247,-0.7233079,-1.0474523,0.544641098364018,-0.8386692279873132
-0.751157,-0.7945284,-1.6933066,0.541996630565353,-0.8403806592585317
-0.8762493,-0.43005612,-0.19432852,0.8385241857160474,-0.5448643775924793
-0.14258714,0.015680568,0.15233867,0.8377886062951481,-0.5459947354709873
0.21168908,0.02298525,-0.20361151,0.8384191675173499,-0.5450259622619035
-0.33326933,-0.42031655,-0.6463046,0.8383559687387521,-0.545123169274714
-0.14152186,-0.47342753,-0.7876802,0.8646661727184701,-0.502346901808295
-0.4525788,0.011115177,0.23542921,0.9756900439511489,-0.21915505500582266
-0.22309063,0.45426482,0.5329421,0.964508959700251,-0.26405012148821205
0.55089945,0.5309638,0.24425569,0.9753267239463691,-0.2207663505972844
-0.010190098,-0.23450418,-0.44451326,0.9661386679248182,-0.2580233988235524
-0.7296995,-0.5301908,-0.51329887,0.9665286251126912,-0.2565587980127964
-0.3005505,0.10561927,0.13316394,0.9682031671244742,-0.2501651997583543
0.4346335,0.6368814,0.606141,0.9755698348423719,-0.21968954764764556
0.4605042,0.49078813,0.13788152,0.9640833083815301,-0.26560002729691795
-0.2772669,-0.37481457,-0.52684295,-0.47143085195178325,0.8819030285853519
-0.50325495,-0.38759777,-0.24759166,0.4714369949527643,-0.8818997447498822
-0.10286803,0.0990755,0.13392483,-0.47142849375954976,0.8819042891785945
0.089031585,0.24151647,0.15690409,-0.47143151799208366,0.8819026725459446
0.23619011,0.47298297,0.2450166,-0.4714303176742507,0.8819033141890074
-0.0034941551,-0.07151884,-0.3787713,0.2451640930368748,-0.969481597290741
-0.6409783,0.22568968,-0.55819213,0.16754029983889593,-0.9858652280762786
-0.9657315,0.014463148,0.2450166,0.2620699767913989,-0.965048872992739
0.1701438,0.20590623,0.26053903,0.1733010467402698,-0.9848688984828015
0.49824497,0.08964031,-0.30283323,0.29589684141569517,-0.9552199009862675
-0.4892544,-0.44268706,-0.82116,0.8983397829764105,0.43930130243592014
-0.9491438,-1.3061593,-0.51345104,0.9867042627788005,0.162525991195697
-1.2521353,-1.5526918,-0.85920507,0.8577061002975868,0.5141402974989473
-0.39246753,-0.7560268,-1.0638878,0.9983604046777433,0.05724074048868164
-0.67324054,-0.85753113,-0.9961676,0.4807406666990561,0.8768628235828835
-1.8068331,-2.0702577,-2.089889,0.3393017010484255,0.9406776045307154
-1.93223,-1.9252294,-2.4746013,0.3673797031548003,0.9300710476678063
-1.898598,-2.2887886,-2.0346475,0.4265846448569104,0.9044476440194333
-1.1804582,-0.5428218,-0.32596466,0.3393017010484255,0.9406776045307154
-0.39292407,0.16223042,0.059204187,0.10325347401200706,0.9946550759456526
-0.51558155,-0.14350022,-0.41301188,-0.14091092108275924,0.9900222786986201
-0.4583617,-0.65665287,-0.6785669,-0.14002146078520133,0.9901484689275535
-0.8079203,-0.48347145,-1.1611313,-0.09445311230390442,0.9955293112591442
-0.8240514,-0.23709123,-0.33889994,-0.15103121264759278,0.9885289944185741
-0.1646533,-0.51360315,0.56246513,-0.15864167130940468,0.9873362244565722
-0.026929947,-0.11412938,0.0065497574,-0.13678726489627904,0.9906004462759923
-0.14091314,-0.16358805,-0.41879472,-0.17414171761187025,0.9847206010778832
-0.79270226,0.20529748,-0.75511366,-0.17271624156108875,0.9849716239065021
-0.61160743,-0.32900828,0.047181953,-0.14993667175477138,0.9886956025304765
0.1279898,-0.054322444,0.5531822,-0.2787861816426288,0.9603531980084843
0.870935,0.115511,0.27377874,-0.2688841159298318,0.9631725350115797
0.20575403,-0.1287387,-0.41331625,-0.2505294954663801,0.9681089669563862
-0.7534396,-0.6768928,-0.4321866,-0.2743917427096001,0.9616179966768449
-0.3912501,-0.18078445,-0.017494764,-0.2739174341515111,0.9617532112074555
0.15172996,0.15340395,0.34926024,-0.26541802716272084,0.9641334300069929
0.60157555,0.6058367,0.7017103,-0.25664170931927827,0.966506613033599
0.46537396,0.022528712,-0.104998544,-0.2792894894183601,0.9602069470173769
0.046116687,-0.0044072387,-0.103628926,0.42947424896240616,-0.903079104773318
-0.2506353,-0.3311388,-0.40662032,0.42947368337077046,-0.9030793737495852
-0.37801042,-0.3256603,-0.06177929,0.4294736339628284,-0.9030793972463123
0.020550366,0.12190258,0.20955856,-0.42946938491751796,0.9030814179344898
0.30801934,0.3410425,0.30345392,0.42947444885675223,-0.9030790097102185
0.27910504,0.28367046,0.026333217,0.4294693849175175,-0.90308141793449
-0.42701247,-0.5860411,-0.6534571,0.42947554605754606,-0.903078487917065
-0.48347145,-0.46718815,-0.6577182,0.4294738494960994,-0.9030792947460382
-0.39901128,0.06285655,0.20879766,0.9310214672283956,-0.3649644195807113
-0.15110925,0.0811182,0.28899676,0.5573738571479477,-0.830261635490897
0.23588577,0.4057192,0.20621058,0.7004998414486994,-0.7136525570124073
0.1489907,-0.33189967,-0.37740168,0.7872782676448172,-0.6165978667609674
0.09359701,-0.26067922,-0.27224493,0.7079053200507842,-0.7063073395086565
-0.23465635,-0.11580336,0.09709716,0.5349505583545955,-0.8448833648001993
0.099075496,0.37467438,0.6231852,0.6218451943118739,-0.7831401881599663
0.8353248,0.70216686,0.16238259,0.593831440717286,-0.804589472970926
0.049616847,-0.19174144,-0.45303535,0.5258373217585579,-0.8505851580211042
-0.19021964,-0.54266965,-0.6771973,0.46430727980882336,-0.8856741781922578
-0.81857294,-0.39003262,0.21792845,0.022601654163377696,-0.999744549987185
0.16040424,0.51802844,0.88097894,0.15550299623389577,-0.9878354205849682
1.0080496,0.7108411,0.22523315,-0.010703389044014988,-0.9999427170908204
-0.34316102,-0.40022874,0.198145,-0.0004296353056176104,-0.9999999077067478
-0.19280669,-0.7884412,-0.37938,0.10945317712187243,-0.9939919526927409
0.16846982,0.38441393,0.51787627,-0.06395088393051394,-0.9979530472143997
0.9120237,1.0655738,1.2166891,-0.0963020768143573,-0.9953521537633009
0.88371813,0.02846375,-0.44131747,0.03828654955308282,-0.9992668012714718
-0.744461,-0.99175435,-1.0652575,-0.14645159907456495,-0.9892178370452602
-1.3854452,-1.1781756,-0.32292104,-0.09237208442903194,-0.995724559312582
0.102880016,0.33739018,0.6968406,0.041025689491084864,-0.9991580919963472
0.8039756,0.7843443,0.58940107,-0.11298647581825819,-0.9935965259008157
0.16283914,-0.103628926,-0.36035743,-0.05759202135209135,-0.998340202073712
0.03455097,-0.00014618438,-0.033930257,-0.5154166151443579,-0.8569397369903751
-0.06740997,-0.12949961,-0.2854846,0.5153418803920963,0.8569846826600451
-0.43081698,-0.37177095,-0.3763364,-0.5154114453237407,-0.856942846419347
-0.3912501,-0.13756518,0.24090774,0.515419365546277,0.8569380827223593
0.42154595,0.23284216,0.20514533,-0.27383323480703814,-0.9617771880821012
0.12768544,0.3529126,0.26769152,-0.21745211254672872,-0.9760709906297619
0.06726979,0.036833677,-0.0022767116,-0.21857635825084312,-0.9758198479298313
-0.32124707,-0.20939438,-0.2583965,-0.26265124060386874,-0.9648908362137392
-0.6916545,-0.6446306,0.2856488,-0.20494126479401148,-0.9787742732543755
0.2754527,0.073204815,-0.23526506,-0.16499718382191672,-0.9862940379678042
0.27119163,0.102271296,-0.059344403,-0.20176565083572065,-0.9794338273425305
-0.606129,-0.89253265,-0.91627276,-0.17807274225723338,-0.9840173263032459
-1.3122464,-1.7875062,-0.88218445,-0.1715583316871901,-0.9851739637387439
-1.955209,-1.5109942,-1.5068855,0.09929345307254821,-0.9950581943670077
-1.1331301,-0.6759798,-0.87442315,0.7688699168159253,-0.6394052322396746
-0.51375544,-0.324595,-0.63336927,0.943175713699067,-0.3322944072479334
-0.64904386,-0.7505483,-0.62484705,0.7840147357257355,-0.6207422123272309
-0.65543544,-0.63123876,-0.81431186,0.8427757791105167,-0.538264791849385
-0.6047593,-1.1156293,-1.0660183,0.9741437349943625,-0.22592915608932226
-0.6173903,-0.32200798,-0.038495667,0.9999669223837218,0.008133519436735029
-0.1521745,0.39887112,0.6157283,0.9954401908441896,0.0953877688809387
-0.00045054726,0.018115478,0.02724631,0.9934427781237575,0.11433042724380377
-0.20041573,-0.3270299,-0.38196707,0.9999669191078286,0.008133922177978262
-0.3148555,-0.5492134,-0.6257602,0.9956124448770101,0.09357275033909487
-0.6131292,-0.596085,-0.18276279,0.9952632853732888,0.09721621669231639
-0.06451853,0.11246739,0.148382,0.9999973109896875,-0.0023190544181021216
-0.18565421,-0.25033095,-0.26889697,-0.8558361022379902,-0.5172471035260464
-0.32976916,-0.28761515,-0.2873108,-0.8558368257944351,-0.5172459063289971
-0.32976916,-0.08871524,0.16573057,-0.8558362342393249,-0.5172468851168186
-0.47236225,0.16862199,0.188862,0.8558627500808883,0.5172030094885168
0.050225563,0.10607581,0.37863106,-0.85583702647417,-0.5172455742834834
0.148382,0.0054844916,-0.21730778,-0.8558360826232893,-0.5172471359804928
-0.6501092,-0.41666418,-0.24500462,0.855836225107174,0.517246900226867
-0.76454884,-0.7029157,-0.22232974,-0.8558457992781413,-0.5172310584815644
0.21184124,-0.051583193,0.82056326,-0.6887657255577372,0.7249839827864639
0.46613488,0.851456,0.7511689,-0.32859046293164595,0.9444725023368159
0.2926491,-0.09130231,-0.6245428,-0.636233255634729,0.7714967559390211
-0.06847523,0.09040122,-0.054931168,-0.404983697867079,0.9143239056603008
-0.16845782,-0.069692686,0.50128853,-0.5208554989655424,0.8536448612844547
-0.35350928,-0.28761512,0.1684698,0.12356881476328926,0.9923360056039466
0.94032925,0.73519003,-0.20878565,-0.350499252428906,0.9365630112527283
-0.32033396,-0.44892648,-0.13026051,-0.1393800147229625,0.9902389668639721
0.4052627,-0.8777711,-0.7385259,-0.32829686522928997,0.9445745964616142
-0.30268103,0.50037545,-0.22309062,-0.10376392375184662,0.9946019546168311
0.23679887,0.26860458,0.48683143,0.062089286190712356,0.9980705989760081
0.38547918,-0.13056488,-0.28700644,-0.14663757699281021,0.9891902855435235
-0.04306109,-0.7779407,-0.43736076,0.0729347580740223,0.9973367139861461
-0.315312,-0.44740468,-0.6883064,0.08395605031433889,0.9964694584459758
0.08629234,0.5997494,0.15614319,0.04323978435236421,0.9990647231531904
0.56079113,0.63307697,0.89284897,0.3316157890983285,0.9434145262930251
0.64738184,-0.1077378,-0.362488,0.3366218852858193,0.9416399026945602
-0.46870995,-0.9960154,-0.27117968,0.2004233323963828,0.9797093894778844
-1.3407042,-1.2019156,-0.26235318,0.17854745302372016,0.983931301981364
0.49291867,0.5752483,0.25886506,0.517628947521915,0.8556052084269674
0.8415642,0.612076,0.55394304,0.20655079916174265,0.9784358780040956
0.57372653,0.19388397,0.11718498,0.33411497160264914,0.9425323261039703
-0.00014618466,-0.17728429,-0.22248192,0.3391373963306595,0.9407368529031171
-0.14502202,-0.13543464,-0.13908698,-0.4907657155846925,-0.8712915771466201
-0.3005505,-0.2746798,-0.2708753,-0.490765350737997,-0.871291782650916
-0.13543466,0.41348043,-0.13802172,0.4907647833606332,0.8712921022326501
0.548008,0.37147856,0.27271345,-0.30144360100683004,0.9534840089964988
0.25262564,0.10835852,-0.095867716,-0.06515621446226277,0.9978750762079127
-0.28518027,-0.33053008,-0.41575113,0.04452769751768939,0.9990081501938676
-0.16084878,-0.44907874,-0.043213267,-0.14271135709666785,0.9897643500124802
0.0850749,0.24927767,0.6178588,-0.09396878548164547,0.9955751440022519
0.5295941,0.46476525,1.0847485,0.16105977682172737,0.9869446531037772
1.0155065,0.7943883,0.9613303,0.14177160220026128,0.9898993952971032
0.7088628,0.31243256,1.0922054,0.1545956292478721,0.9879778294159511
0.9593519,0.65575176,1.671861,0.2599314186828845,0.9656270799752371
1.7366898,1.713102,1.3548689,0.10672378816189754,0.9942887070868172
1.2834963,2.01168,1.9553732,0.7861567819036414,-0.6180271145078592
1.8409336,1.53292,1.2372334,0.8307250431357952,-0.5566829463051937
0.9995275,0.6271419,1.0307245,0.7433750337045095,-0.66887484574083
0.9263287,1.466113,1.4225894,0.7490499917258053,-0.6625134790293484
1.2733002,1.233429,0.7811485,0.7661580121067157,-0.6426522391501376
1.1924924,1.2900401,1.1536863,0.09190447397467226,-0.9957678281926158
0.83730316,0.25232127,0.07381354,0.10668816151795785,-0.994292530491866
-0.11580336,-0.36659685,0.08537926,0.14949841416462095,-0.9887619653699588
-0.30983353,-0.46429667,0.08750977,0.10262434210839508,-0.9947201839747795
0.52091986,0.41667625,0.29097512,0.06346821207079943,-0.9979838606192668
0.43448132,0.6609259,0.4261114,-0.31622822744620144,-0.9486831442406012
0.4612651,0.22051556,0.10014077,-0.3369489821850007,-0.9415229064682876
-0.12782563,-0.32200795,-0.32398632,-0.31666261176959565,-0.9485382387164254
-0.20193754,-0.21304668,-0.0054725003,-0.33081249710584354,-0.9436965040512739
0.25627798,0.30649754,0.42032856,-0.33362238759532614,-0.9427067956131397
0.033485707,0.05235609,0.16375221,0.15796413146180266,-0.9874448506987711
0.25977808,0.12981597,-0.09206321,0.15796550497351664,-0.9874446309735356
-0.35320494,-0.8372911,-0.6872411,0.15796387059930098,-0.9874448924295914
-0.6733927,-0.8643793,-0.594411,0.1579678133478905,-0.9874442616907984
-0.41955566,-0.2122858,0.46126512,0.15796437673746616,-0.9874448114613514
0.1960145,0.196471,0.16055642,-0.12121418886928811,-0.9926263750358241
0.2395381,0.44817758,0.20544967,-0.857104079497897,-0.5151432780383166
-0.25246146,-0.41133794,-0.51390755,-0.8088223875025734,-0.5880530124696556
0.1849053,0.60811937,0.5761614,-0.5699406103327377,-0.8216858893114488
0.44665578,0.9614824,1.6190542,-0.8088222022474844,-0.5880532672739176
1.0896183,1.3903271,2.031007,-0.948551807739209,-0.3166219639170327
1.897849,2.1592953,1.8757828,-0.9600101985339098,0.27996503122869293
1.3130194,0.98811394,0.4621782,-0.8398865648187887,0.5427619719885456
0.99054897,0.8864573,0.38532704,-0.8594028330482638,0.5112991008681884
0.3238461,0.7861705,0.8281723,-0.9629277600518862,0.2697593907938279
0.75543004,0.6555996,0.73047245,-0.739197802863645,0.6734883876070618
0.7610607,0.58240086,0.08233566,-0.6468809833638605,0.7625909738268641
-0.23237364,-0.46825343,-0.45075268,-0.7344290169532095,0.6786855082121191
-0.36400977,-0.25733125,-0.25885305,-0.6229909161615224,0.7822290702730417
0.067574136,0.40069723,0.5493776,-0.6438096565813605,0.7651856807942702
0.25323436,0.09131429,-0.16708818,-0.1289976924332873,-0.9916448937734147
0.43509007,0.17638318,0.075791895,0.12899079488978335,0.9916457910129514
-0.0027332518,-0.037734773,-0.25093967,0.12896914363407141,0.9916486071135754
-0.3973373,-0.33479115,-0.64950037,0.12898955841168908,0.9916459518501336
-0.7700273,-0.3512266,0.14457747,0.12899095267633512,0.99164577048846
0.3675219,0.58970547,0.30984548,-0.04231164342523798,0.9991044614206542
0.4370684,0.48333126,0.26951766,-0.0323416857527548,0.9994768708492808
0.21716759,0.33632493,-0.2544398,0.05399881728355095,0.9985409995247956
-0.68800205,-0.5120814,0.021919992,-0.0029933027375339733,0.9999955200593258
-1.0827583,-1.4285125,-0.026321245,-0.005324455062766353,0.9999858249886768
0.019028557,-0.29811558,-0.70672023,-0.23479345793224274,0.9720452829535361
0.16436093,0.16040425,-0.24165666,-0.8517397290655316,0.5239651075514234
-0.2856368,-0.21593817,-0.6534571,-0.8963973694526731,0.44325134634688684
-1.2102855,-1.3980763,-0.5581921,-0.6222210524585542,0.7828415943710253
-2.2559178,-2.2977674,-1.1927849,-0.8274022512875023,0.5616097529106604
-0.59775895,-1.0203643,-1.4435784,-0.6663817794376776,-0.7456107054176961
-1.0730188,-1.3140726,-2.342052,-0.1418855736567723,-0.9898830658153965
-2.631499,-2.7255466,-2.7218947,-0.1394227112560131,-0.99023295622092
-2.0949109,-2.0638661,-1.5641053,-0.1384421615167441,-0.9903705205197556
-1.9902107,-3.1215208,-1.3099638,-0.14188557154071024,-0.9898830661187038
-0.4169686,0.044138346,-0.13634774,0.05839931072040433,-0.9982933038478129
0.69273156,-0.18215407,0.099988595,0.11999662034818781,-0.9927743001835879
0.041551273,-0.41818604,-0.81126827,0.08281916667629276,-0.9965645918007746
-1.1357172,-0.26813605,0.6671652,0.0864179889676296,-0.9962589679309245
-1.7235905,-0.52790815,-0.31318146,0.09438645270428252,-0.9955356334887779
-0.08201929,0.42763326,-0.43096918,0.19585340197905604,-0.9806331857189162
0.4589824,0.15523012,-0.06345327,0.17670181621737083,-0.984264429990987
0.14640364,0.44422084,0.09846678,0.17458247287594575,-0.9846425545163684
-0.15034834,-0.15947917,0.61177164,0.21457481867122918,-0.9767075545895041
-0.560627,-0.71706855,0.29188818,0.16741564635307196,-0.9858864038803776
0.25323436,0.0882707,0.25795195,0.1628759621799686,-0.9866465532012715
0.22447224,0.74310344,0.41241518,0.17708456509319978,-0.9841956394974285
0.21564578,0.106075786,-0.20665511,0.14829535797443663,-0.9889431160603899
-0.19691558,-0.29507202,-0.2675273,0.15048257780650637,-0.9886126611452581
-0.46094874,-0.2567225,-0.31774688,0.18657248912757038,-0.9824411973755696
-0.5384086,-0.013994611,0.2693655,0.18657224608586495,-0.9824412435308666
0.29401872,0.22614624,0.22888549,0.10853435626831169,-0.9940926986500923
0.16451313,0.24729931,0.10394528,0.8772507062810033,-0.4800324971598077
0.016898032,0.034550972,-0.14380458,0.8772981204202854,-0.47994583851413325
-0.58938915,-0.017494759,-0.2358738,0.877296638295426,-0.4799485476960465
-0.36279234,-0.0016679902,0.13072905,0.8772984254885585,-0.47994528087615984
0.22690713,0.5111803,0.18536183,0.8772975347436803,-0.4799469090770989
-0.124782026,0.26586533,0.033637885,0.9214632909740429,0.38846544683830814
0.097401515,0.10516273,0.17075254,0.9469256793305922,0.3214525747669423
-0.10408546,-0.43431717,0.017506748,0.9984806188415565,0.05510402705594647
0.2279724,-0.77824503,-0.5855846,0.8995359873750366,0.4368466635070227
0.24608187,0.27895287,0.44665578,0.9614741545805561,0.2748953438558118
0.6058366,0.53994244,0.8586084,0.2619506614915272,-0.9650812664973615
1.0637476,0.9725916,0.4410251,-0.16041081895096637,-0.9870503377049623
0.34058595,0.55363864,0.038659837,-0.16040999055662875,-0.9870504723313911
-0.025408158,0.5988363,-0.04366981,0.011328423872148798,-0.9999358313474785
1.1194457,1.8159759,1.8057797,-0.1885536706480459,-0.9820628866244504
1.3881966,1.4994404,1.4235023,-0.8256489303068536,-0.564184228672823
2.005897,1.8149107,1.6762742,-0.8307533960181959,-0.5566406336266105
1.3691739,1.0663348,1.0141369,-0.8812302233914378,-0.4726873103664586
0.9158283,2.2057102,1.5615301,-0.8778031000864338,-0.4790216252724364
0.7364074,1.4390248,2.1147063,-0.8713531350739083,-0.4906564113479729
1.8141499,1.5245502,0.72392863,-0.9386805154159465,0.3447881813207246
1.568226,1.2656912,1.20071,-0.9394564119576182,0.34266842578755047
0.63459873,0.2623652,0.15249085,-0.943422233869495,0.331593860981611
-0.061018385,0.71921104,0.1567519,-0.9399434017890512,0.3413303406279995
-0.7485699,-0.0281474,0.29584488,-0.9353901759668496,0.35361733371641463
0.27940938,0.49641877,0.04063819,-0.9167966436974264,0.3993543715863572
0.6607738,0.47861367,0.32749844,-0.915170800075633,0.40306625595418655
0.13772936,-0.0028854336,-0.2663099,-0.9132946698387719,0.4072994550009716
-0.632304,-0.52456015,0.087661974,-0.9167078745839102,0.3995580967467058
-0.47921038,-0.51436406,0.12966378,-0.8953166045552906,0.4454303285673141
0.5720525,0.67842674,0.62668526,-0.8182370580622975,0.5748809588197858
0.590162,1.2136453,0.8436947,-0.8080565454842378,0.5891049306363678
0.6656435,0.53492045,0.366761,-0.8206790596382928,0.5713894303110685
0.051747374,-0.20087227,-0.38546723,-0.8063249551836957,0.5914727945121492
-0.56671417,-0.15719645,-0.25185272,-0.8196474223873227,0.5728683120699013
0.34636882,0.06453053,0.17440484,0.06044331316443772,-0.9981716314811324
-0.025408149,-0.06619252,-0.21456853,0.06044329612930977,-0.9981716325126779
-0.6519352,-0.296746,-0.7033723,-0.06044710840477379,0.9981714016568004
-0.9699925,-0.6453915,-0.27878872,0.060443425705152945,-0.9981716246663324
0.10729325,0.34880373,-0.07699733,0.06044365274942153,-0.9981716109178357
0.25110382,0.40084943,0.2177763,-0.0604439675685882,0.9981715918541099
-0.10180277,-0.076084256,-0.4209253,0.06044331316443772,-0.9981716314811324
-0.83820426,-0.5735623,-0.45227447,-0.09454952671354795,-0.9955201590114808
-1.0882367,-0.84779155,-0.47068828,-0.47290895872796584,-0.8811112964630695
-0.22856914,-0.31318146,-0.6735449,-0.28421232019169007,-0.9587613660610528
-0.7608965,-0.8004635,-1.6456739,-0.3023388047772628,-0.9532005282866014
-1.8713578,-1.8512698,-1.531843,-0.4787848203575826,-0.8779322842880066
-1.7808104,-1.0367998,-2.0134943,-0.40816626560936575,-0.9129076073834114
-2.3609223,-1.5035374,-1.5677575,-0.4860741334923802,-0.8739175800666971
-0.63063,-1.3365954,0.010963006,-0.5516328060617309,-0.8340870741574052
-0.9258602,-1.1192816,-0.9296647,-0.4448365819850446,-0.8956117547954933
-1.1270429,-1.2812016,-1.1235427,-0.46871941649004417,-0.883347105392457
-1.4454044,-1.0135162,-0.72482973,-0.265340464265203,-0.964154779080375
-1.7648314,-0.94899166,-0.58162785,-0.07251046716483302,-0.9973676514463147
-0.3311388,-0.1748494,-0.55119175,-0.07126797594481697,-0.9974572048989013
0.35458657,-0.2294822,-0.18519767,-0.09657116123367579,-0.9953260826573266
-0.11610772,-0.07441027,-0.2725493,-0.06873394468021586,-0.9976350258730379
-0.6714143,-0.31668162,0.08781413,0.04730778872438518,-0.9988803597658776
-1.0637357,-1.0221905,-0.18839349,0.07810637769515155,-0.9969450304622328
0.09253173,0.12920725,-0.0060812277,0.07556552461181301,-0.9971408383423785
0.7307768,0.5279201,0.46765667,0.07561325635342636,-0.9971372199770857
0.15249085,-0.1366521,-0.32139924,0.07806880484420635,-0.9969479734219822
0.105771445,0.06331309,0.10394528,0.8703651665645163,0.4924068204555269
0.25201687,0.10455401,0.08309656,-0.8703634332109641,-0.49240988427246624
-0.07486682,-0.13376066,-0.21700339,0.8703645624167818,0.4924078883294254
-0.045648154,-0.13102141,-0.24972221,0.8703635743890967,0.4924096347317295
-0.36111838,-0.33083442,-0.030734465,0.8703642379857867,0.49240846178291964
0.17333959,0.42945936,0.00031035233,-0.8703610243589615,-0.4924141420357657
0.52852887,0.3013234,0.2434948,0.8703636313559205,0.4924095340394369
0.53918153,0.4023712,0.096792795,-0.6559852632507658,-0.7547736974735032
-0.1100205,-0.67461014,-0.61617285,-0.3443583748473762,-0.9388382766336671
-0.251244,-0.74476534,-0.8465741,-0.41669113303349475,-0.9090481283470433
-0.4104248,0.46628708,0.029833373,-0.44218944937377236,-0.896921674876084
0.18003552,0.42565486,0.42413306,-0.5554824338659419,-0.8315282711167251
0.5305072,0.37391347,-0.07684516,0.10434945134911786,-0.9945406939905164
-0.44831777,-0.71037257,-0.050517935,0.005880946283831275,-0.9999827070858809
-0.16937092,-0.47692773,-0.47388408,0.46578854586251706,-0.8848960563497172
0.27180037,0.9763961,0.31562832,0.4556870273511604,-0.8901400637561837
0.031659544,0.20194952,0.4323508,0.2865690442508272,-0.9580595925500498
0.37847885,0.104858354,-0.2745276,-0.12935670828709792,-0.9915981252609984
-0.3497048,-0.24043918,-0.018103493,0.11349004911411763,-0.9935391329746781
-0.67963207,-0.3503135,-0.1880891,-0.3755013765847469,-0.9268218362678774
0.26251736,0.32856372,0.07853113,0.14428265350586214,-0.9895365156967718
0.29554054,0.6455556,0.36021727,0.09858287684448244,-0.9951288441167131
-0.07151884,-0.27194056,-0.4302083,-0.6728059113326362,-0.7398190357620307
-0.4047942,0.04535579,-0.37253186,-0.4063372875064544,-0.9137231576259283
-0.76880985,-0.58482367,-0.08475856,-0.5638200747870661,-0.8258976469678958
-0.110477045,0.38076162,0.5023538,-0.7024500727736601,-0.7117330224601636
0.7986493,0.64159906,0.39278385,-0.4490582591171906,-0.8935024789661403
0.17029598,-0.13923918,-0.5253211,-0.06023228261975982,-0.9981843878414515
-0.52562547,-0.36659685,-0.6132814,-0.5622578939804058,-0.8269619463171922
-0.45714423,-0.16571859,0.09755369,0.17267323980326668,-0.9849791633612578
0.34089032,0.33541182,0.52974635,-0.20874238871720224,-0.9779706617034256
0.6038583,0.72666794,0.3551953,-0.5734743021349687,-0.8192235499488589
-0.53810424,0.0048757684,-0.47997135,-0.12315611031100777,-0.992387309719881
-0.63397795,-0.19858956,-0.2513962,-0.12315391027112038,-0.9923875827442284
0.11490227,-0.16267495,0.6225764,-0.12315561727829581,-0.992387370905536
1.3510646,0.73975545,0.7108412,-0.12315391027112078,-0.9923875827442284
0.56474787,0.08857504,-0.5128423,-0.12315602063227261,-0.9923873208490842
-0.84596545,-0.16130534,-0.6383912,0.9026010516215359,-0.43047803847780364
-1.065562,-0.8578355,0.016289303,0.9651315060330967,-0.2617654982274912
0.27408308,-0.31576854,0.19342743,0.946373444521783,-0.3230747645731181
0.12509838,-0.037582587,0.30801937,0.9012841771122375,-0.4332283832889032
0.3816747,-0.19965482,-0.7753537,0.9664287060574484,-0.25693492582388655
-1.8823148,-0.72482973,-1.601085,0.9998127273458038,-0.019352266982069537
-1.2687228,-1.3177251,-0.84946555,0.7831947927755962,0.6217764200813592
-0.75237435,-1.4125335,-0.6843497,0.7748593744160509,0.6321336487480842
-1.1090856,-1.1153249,-1.1679794,0.7986076039503872,0.6018520540071466
-0.8757928,-0.65102226,-0.59623724,0.8336977066397842,0.5522210915417521
-0.7295473,-0.8732057,-1.3242689,0.7774400386813989,0.6289570623302239
-0.79331094,0.096792795,0.47191772,0.8329892844331311,0.5532891215445865
0.15964334,-0.22917783,0.0436818,0.7885752618346826,0.6149382541543188
0.2754527,0.27667016,-0.28441936,0.7631144544976136,0.646263359116707
-0.39048916,-0.62423843,-0.08034531,0.8396660996415096,0.5431029746860301
-0.29081097,-0.49168923,-0.63245624,0.7104990666005292,0.7036981429276169
-0.024495075,0.465374,-0.014603329,0.698708730786582,0.715406254880822
0.35169515,0.33175948,0.47907022,0.7524940767302907,0.6585990164628456
0.5525734,0.16420875,-0.06238801,0.6998640864184349,0.7142760394565182
-0.14532639,-0.3168338,-0.18489332,0.715132134167034,0.698989292251107
-0.5107117,-0.50584203,-0.58664984,0.6964091404862727,0.7176449742366839
-0.4190991,0.15462139,0.20940638,0.649027522448008,0.7607649276254791
0.21001509,0.3221721,0.31715015,0.6451973464453439,0.7640159580400707
0.37056556,0.38471833,0.47907025,0.7090286590816397,0.7051796654760346
0.14853418,-0.026625592,-0.1249342,0.6451969435583403,0.7640162982705119
-0.28228885,-0.27589726,-0.4536441,0.663591362622499,0.7480952502541471
0.0067019383,0.068639405,-0.1746972,0.629274799217497,-0.7771828787806503
-0.11519464,-0.22978656,-0.4792104,-0.6292836494052918,0.7771757128160645
-0.30983353,-0.5431262,-0.69698066,0.6292743196414483,-0.7771832670868515
-0.53262573,-0.22628643,0.120989494,0.6292743196414483,-0.7771832670868515
0.4559388,-0.019625286,0.34241214,-0.6292811759759592,0.7771777155595196
0.91476303,0.4589824,0.27606142,0.6292726629592714,-0.7771846084760989
0.52883327,0.2926491,-0.51771206,0.6292753001271361,-0.777182473200408
-0.3325084,0.40800193,-0.44740468,-0.6292825259495407,0.7771766224833101
-0.34681338,0.39324042,0.5916838,0.9997096970442653,0.02409401659464908
0.579205,0.40069723,0.8435425,0.9961371600416541,0.0878109240592989
1.5484426,1.496549,0.8691088,0.7926919058068876,0.609622458959842
0.7493428,0.7639521,0.67933977,0.9961370097625374,0.087812628826101
1.6166193,1.2746699,0.9745699,0.9707271459556964,0.24018494562463324
1.3805875,1.7016884,1.741864,0.991553798006246,-0.12969605105549206
1.825259,1.4566778,1.9605474,0.9665552529334943,-0.25645846257565563
2.334607,1.9708956,1.1832094,0.9641408636367776,-0.26539102295618183
1.0715088,0.68907934,0.3244548,0.990752207374567,-0.13568368944874395
2.0711827,1.2119714,0.63292474,0.9380749900882327,-0.3464322631784781
0.75862586,1.0699872,1.2211024,0.7150138466049786,-0.6991102911294841
0.850695,0.30817154,0.7383858,0.7179855719385203,-0.6960579850042062
0.6094889,0.7761267,0.68816626,0.7128070052376138,-0.7013602307546277
0.75299513,0.34423828,-0.33661726,0.7121391769928841,-0.7020383127664026
0.7800832,0.19144906,-0.42031655,0.6721232700013742,-0.7404392682203313
-0.039713115,0.42154598,0.487288,0.567175868376873,-0.8235967061195305
0.18125297,0.033333533,0.800171,0.5653587353811563,-0.8248451371792282
0.55302995,0.35245603,0.28336608,0.5615414875727167,-0.8274485831365115
0.30482355,-0.14867435,-0.5909109,0.5667106665515885,-0.8239168771281812
-0.35107443,0.016289314,-0.2647881,0.5286642157913749,-0.8488310473478751
0.041703455,0.4095237,0.3643261,0.4306727507945156,-0.9025081615825339
0.2888446,0.20423223,0.8109759,0.4592095127740518,-0.8883279931296875
0.6845139,0.31425872,0.42321998,0.4530656586262497,-0.8914771500008077
0.22295046,0.03500751,-0.076084256,0.4399407440702484,-0.8980268045592605
-0.20178536,-0.07973659,-0.024951607,0.4586843284389506,-0.8885992836169231
-0.48910213,-0.40175053,0.057073683,0.4535651002909847,-0.8912231481497936
-0.015364235,0.14336003,0.21853718,0.4314809435131417,-0.9021220512685681
0.16466531,0.14138168,0.23771194,0.4592093274986009,-0.8883280889053788
0.008984646,-0.02829958,-0.05614861,-0.6077990600580945,-0.7940908654508607
0.02557232,0.17683974,0.21184127,-0.6077965956907682,-0.7940927516774806
0.20971073,0.18018772,-0.018103484,-0.6078754952417871,-0.7940323559431015
-0.3052681,-0.48651507,-0.21152489,-0.6077973580893986,-0.7940921681389052
-0.26341847,-0.23100403,-0.04975703,-0.6077970052455454,-0.7940924382051164
-0.07958441,-0.12432546,-0.047017775,-0.607831905796858,-0.7940657241660539
0.13133778,0.37589183,0.46278688,-0.6077979978247726,-0.7940916784856755
0.52183294,0.35321692,0.3238461,0.9992485425102916,-0.038760163712993505
0.20423222,0.06300873,-0.12158622,0.999544725874965,0.030171857343243024
-0.30115923,-0.4582095,-0.76576626,0.9998507890321492,-0.017274248805335103
-0.6685229,-0.73319966,-1.2615706,0.999970434905261,-0.0076895588549015835
-1.0777365,-0.0062334114,0.32278082,0.9998837584061749,0.01524695627139942
0.06346526,0.7067323,0.7669958,0.9924881254261727,-0.12234100248094112
0.6379467,0.56733495,0.34028164,0.9917847792227877,-0.12791775366228902
-0.20528552,-0.49442846,-0.5642793,0.9971785397365689,-0.07506636989254291
0.16968726,-0.61556417,-1.1506308,0.9927495135726687,-0.12020151122689637
-0.5703665,0.2465384,0.21503702,0.9973036394517645,-0.07338563031183296
-0.64036953,-0.08704126,0.81204116,0.9669837952862249,0.2548378693480396
1.1949272,0.64646876,-0.028451754,0.9781065591543759,0.20810468264598736
-0.34103054,-0.35624856,-0.3160729,0.9810034123175747,0.19399047662520585
0.35093424,-0.36446628,-0.67628413,0.9685521692764251,0.24881056125078616
-0.20072007,0.6886228,0.21655884,0.9480268545603397,0.31819032517100265
-0.4146859,0.10881505,0.49672315,0.8845444457639379,0.4664559180331706
0.92526346,0.66655654,0.011267359,0.8645756833540352,0.5025026246229001
-0.2723971,-0.55180055,-0.67004484,0.8788506647340033,0.47709695984841555
0.33434653,-0.43903473,-0.89435875,0.8868403600657304,0.4620759415490983
-0.1100205,0.6607737,0.15827371,0.9589159978013395,0.28369016401817937
-0.3349433,0.5921403,0.5886402,0.9930956242515021,0.1173076344170285
0.46233034,0.65240383,0.7526908,0.9932342154558126,0.11612834816648543
0.5633783,0.13970771,-0.18671946,0.9858208184667212,0.16780141202506033
0.09253174,0.013397883,-0.37222752,0.9925454424702778,0.12187511900088739
-0.065583766,0.8688045,0.764713,0.8435441035933482,0.5370599084766009
0.61527175,0.640686,1.0040929,0.7104118705690403,0.7037861707611178
0.72316784,0.6408381,0.81128025,0.7264153616778691,0.6872559365465027
0.741886,0.51437604,0.3699568,0.7248485675560731,0.6889082334476115
0.5060062,0.68984026,0.7691263,0.707191611680032,0.7070219405148603
0.17501357,0.29082292,0.3480428,0.4970404678249168,-0.8677273611822943
0.21366742,0.22097208,0.12875071,0.4970582095404283,-0.8677171983592717
0.012180435,-0.19280669,-0.24622205,-0.497131560882847,0.867675176073503
-0.53764766,-0.1459351,-0.2789409,0.4970533975333311,-0.8677199548244655
-0.28913698,-0.15704428,0.061943464,0.4970566136811095,-0.8677181125203439
0.40313214,-0.060257494,0.7389946,-0.4187130545100512,-0.9081185924662389
0.6807094,0.8147804,0.60172766,-0.43726442883755073,-0.8993329857585401
0.3386076,0.093597,-0.24363498,-0.3265708937778448,-0.9451727097928397
0.6796441,1.2058842,0.7027756,-0.45815296131963207,-0.8888733678280903
0.839738,1.4283721,1.4353724,-0.43237794354650444,-0.9016924719295907
0.9829398,1.0610085,1.5157238,-0.6280683080766812,-0.7781582103850702
2.0206587,1.7409508,1.1249243,-0.9126139472223759,-0.40882243497048243
0.85221684,0.96422166,0.7208851,-0.9264656531994523,-0.3763793212195803
1.6557299,0.96513474,0.6720351,-0.8491670406822179,-0.5281243575323947
1.53779,1.7840179,1.5485948,-0.9030638031099405,-0.4295064231331245
1.0171804,2.098575,2.3875656,-0.7741801336909303,0.6329653391760824
1.9062189,1.2004058,0.5859009,-0.5770209608320483,0.8167293375166952
0.0249636,0.21655886,0.7647131,-0.5687549789775629,0.8225070053733476
0.5519647,0.81782407,1.3842398,-0.5704467072880846,0.8213346176462929
1.4149802,1.3830223,0.52396345,-0.5716414511664853,0.820503535219852
0.63962066,0.8657609,0.48393998,-0.3579386001796378,0.9337451250215134
0.036681496,-0.15826173,-0.17789303,-0.3364158666734422,0.9417135257870924
-0.35609642,0.33906415,0.21397181,-0.36289295809606253,0.93183083280405
-0.47905824,0.050377734,0.4909403,-0.35639232411094435,0.9343364015785747
0.49931026,0.36721754,0.5104194,-0.35700487913630163,0.934102519144914
0.857391,0.70901495,0.40039292,-0.3385687276952356,0.940941664837321
0.07076994,-0.124782026,-0.23465633,-0.3595357021709651,0.9331313299125857
-0.53125614,-0.34087834,-0.26524463,-0.35762559191514376,0.9338650523535738
-0.12577254,-0.24386463,0.14845672,0.5322875576665429,0.8465636160108623
0.3172249,-0.3143242,-0.55035615,-1.0,0.0
-0.6924927,-0.65946954,-0.3993931,-0.5323038679468067,-0.846553360497062
-0.18649255,-0.017115662,0.025342697,0.5322872763161627,0.8465637929133993
-0.04009492,0.03569097,0.058061514,0.5322784423953086,0.8465693472842164
0.034473523,0.073127374,0.11786845,0.0,1.0
0.19685012,0.3153987,0.43364295,-0.46534918243916523,-0.8851271876985818
0.46270946,0.3983371,0.34735662,-0.48413908443581466,-0.8749910553380824
0.27659267,0.3278775,0.36729226,-0.48819536644899303,-0.8727343720615875
0.33959547,0.31920323,0.3298559,-0.47552889934954506,-0.87970009996783
0.29454997,0.3195076,0.27689704,-0.48624042602726836,-0.8738250672170149
0.27674487,0.27644053,0.25985283,-0.8206275510633038,0.5714634042839882
0.21861194,0.15637013,0.024429616,-0.47026994555656293,0.8825226219798715
-0.058660936,-0.083466366,-0.08103147,-0.6307617075716652,0.775976590021424
-0.07342246,-0.1510345,-0.20627601,-0.5927024912330985,0.8054214777904044
-0.31386766,-0.43500334,-0.4736572,-0.5009650262672696,0.8654675282510801
-0.47487468,-0.44352546,-0.3439994,-0.6381418302339638,0.7699188298162651
-0.24736477,-0.1542303,-0.15118667,-0.6271250723902058,0.778918573138155
-0.10096714,-0.05044319,-0.029137924,-0.4682311552047326,0.8836060124827364
-0.0049412223,0.036908414,0.0807364,-0.6418856815179439,0.7668003468062888
0.18064426,0.27971372,0.24775586,-0.21155280235437968,0.9773665698273135
0.17607883,-0.14608729,0.0436818,-0.21155384972362645,0.9773663431217147
0.03515969,-0.05356154,-0.30846387,-0.2115529014794414,0.9773665483715053
-0.5540832,-0.17150143,-0.25535288,-0.21155277962958052,0.977366574746138
-0.73319966,-0.46992737,-0.33129096,-0.2115549129113328,0.9773661129909704
0.07868332,0.18551402,-0.02479943,-0.21155245974631887,0.9773666439853992
0.21975465,0.3596085,0.41485006,-0.2115531535290322,0.9773664938148442
0.4119586,0.23695102,0.1022713,0.6334818451056508,-0.7737575537088737
-0.07212756,-0.3904892,0.17151342,0.5617700304069998,-0.8272934382288538
-0.3980982,-0.64280444,-0.2649403,0.6960769098376015,-0.7179672245938081
0.087814145,0.18140516,0.04322526,0.3710110185420295,-0.9286284639835276
0.23451614,0.35139078,0.44224256,0.6175583448986023,-0.7865250731197949
0.34302086,0.29995373,0.23299435,-0.5699516361265711,-0.8216782414526044
0.1911447,0.38608792,0.7981927,-0.6691084392135774,-0.7431647842660268
0.7902794,0.38045725,0.74873406,-0.6202182309449626,0.7844293123051311
1.1912749,1.1270547,1.4531776,-0.9596518088436385,-0.2811910485473045
1.5250067,2.185166,2.090205,-0.8176260301892203,-0.5757496632713007
1.8566082,1.07577,0.8204111,-0.9964505394244192,0.0841802974619601
0.52441996,-0.04123492,0.9162847,-0.9157822448779767,0.4016750925390488
0.78358346,0.231016,0.38213125,-0.9703048306384195,0.24188537706886679
0.97030884,1.0365074,0.7470601,-0.9171130232218256,0.39862727282127003
0.62014157,1.2920183,0.99846226,-0.8999177421768504,0.4360596946695714
0.96635216,0.44498178,0.21762411,-0.9703047645167474,0.24188564231078152
-0.0905414,-0.5422131,-0.7044376,-0.9184260967772202,0.395592599473954
-0.6345867,-0.83424747,-0.36172703,-0.9247333885328979,0.38061550169753283
-0.1820019,-0.0406262,0.25186473,-0.9697301879573386,0.2441789560224731
0.08629235,-0.07851914,0.1187068,-0.955178075268336,0.29603183025931
0.09024904,0.2614521,0.17364395,0.955179387992765,-0.2960275945815976
0.04033383,0.051138643,-0.03286499,-0.9551780571197362,0.29603188881768455
-0.095259,-0.39064136,-0.16297933,-0.9551778127216293,0.29603267739275674
0.24608186,-0.25550508,-0.05432244,-0.23704618650463816,0.9714983816062734
-0.0048637805,0.066965416,0.19768846,-0.44056298999312266,0.897721700666927
0.51468045,0.17425267,0.5171154,-0.3289706320528446,0.9443401523004049
0.60340166,0.41926327,0.20073208,-0.24521491167098927,0.9694687447742649
0.02070254,-0.17043617,-0.2163947,-0.44223883469046354,0.896897325835918
0.08690106,0.06529144,-0.08414982,0.3611993543670511,0.9324886199867672
0.061486926,0.34180337,0.50859326,0.402983728498086,0.9152071429822765
0.5469427,0.39567527,0.59822756,0.3583816766730311,0.9335751570307701
1.053095,0.9173501,0.40921932,0.4029833335896516,0.9152073168681354
0.43189424,0.6749266,0.30345392,0.4178963950542387,0.90849469068381
0.8998493,1.3906313,1.18884,0.24480605727105667,0.9695720676274664
1.8149107,1.9967663,1.8063886,0.27596181371629386,0.9611685998670647
2.0608344,1.7764089,2.2066236,0.26863219856519555,0.9632428260278035
2.34739,1.9116974,1.2069495,0.2137038353480464,0.9768984956266106
0.66381735,0.4568519,0.3965884,0.32051805281142587,0.9472424071070574
1.1801656,0.5979232,0.22036335,0.974215255157442,0.22562055894470262
0.685427,0.8821964,0.8071714,0.9640754990537216,0.2656283722126037
0.5265506,0.7621259,0.9716786,0.9702727240504405,0.2420141338098622
0.7097759,0.62820715,0.5668784,0.9730141173448644,0.2307455903101818
-0.027690854,-0.25976613,-0.46429676,0.9832323378360112,0.182357258790354
-0.36157486,-0.1326954,-0.21989484,0.9998187401305573,-0.019039088311817647
-0.042908907,0.41819805,0.40602356,0.999756646658499,-0.022060087537294548
0.39354476,0.7336682,0.8243678,0.9999995330718353,-0.0009663623086444259
0.8249765,0.5936622,0.113532655,0.99983227859451,-0.018314329922506697
-0.0865847,0.034855332,-0.12828216,0.8623106922958471,0.5063795710257837
0.08218347,0.07716151,0.004267056,0.8623103505341724,0.5063801530092116
-0.14456548,0.18444876,0.23558141,0.8623108517838907,0.5063792994344664
0.3564127,-0.12752126,-0.14486983,0.8623100386734877,0.5063806840736802
-0.0812584,-0.7336561,-0.34529158,0.8623103694740224,0.5063801207567049
0.14822981,0.28610533,0.33495528,-0.997305844954364,0.07335565158774184
-0.008972651,0.5324856,0.71525437,-0.6247322639423084,0.7808390348781994
0.43874237,0.21503706,0.36493483,-0.9999164852121958,0.012923722408366081
-0.021908002,-0.7292429,-0.31181186,-0.3361085316923804,0.9418232609803138
0.03470316,-0.5204513,-0.29476762,-0.7861678947505943,0.6180129782321876
0.48911414,0.36249992,-0.006994311,-0.9362113848526806,0.3514373953810632
0.17136124,0.51970243,0.65149075,-0.5314868915307336,0.8470665169459825
0.5880315,0.5009842,0.55333436,-0.3728649884576227,0.927885607379755
0.6916664,-0.13467374,0.8258896,-0.7830506303131555,0.6219579651119277
0.96680874,0.37817454,0.94900364,-0.77419808721248,0.6329433795818843
1.4344594,1.5548341,1.7656041,0.49995071259722534,0.8660538580097236
1.4869616,1.9395466,2.300823,0.35450191558546407,0.9350552881227059
1.8213022,1.3040407,1.1690565,0.4390792368594423,0.8984483422873736
1.1719481,1.3083017,1.8305852,0.4568952840422148,0.8895204884767882
0.6910577,1.4967012,1.9354376,0.3449816436274851,0.9386094318512247
1.6841877,1.6464468,1.3306723,0.8499739835540698,0.5268246646477609
1.6193588,1.4405468,1.6808395,0.9003664462658547,0.4351324653925465
1.0940316,0.6364249,0.33617273,0.8897342661787894,0.45647884462184124
-0.34300885,0.9662,0.5814877,0.8943315921830568,0.44740474206619507
-0.3659881,0.036681484,0.6377945,0.8939112854148604,0.4482439222208731
0.5055496,0.45639533,0.92648095,0.9564772966385917,0.2918067528604013
0.81432384,0.78784454,0.44224256,0.9566447759745104,0.29125722755097216
0.054790977,-0.20239405,-0.6131292,0.956644732564337,0.29125737013320047
-0.24606986,0.1287507,-0.47860172,0.9711349516954844,0.23853072253990515
-0.5518005,0.20621057,0.35930413,0.942803033502014,0.33335032626262756
0.36097813,0.25338653,0.94215554,0.9550098526513479,0.29657407394924273
0.6073584,0.67005676,0.52335477,0.9653077194161381,0.26111493031922645
0.18292697,0.044594884,-0.17850173,0.9584971389101837,0.285102147836511
0.1272289,0.10059731,0.013854421,-0.30074391221044816,-0.9537049330208763
-0.110477045,-0.33463892,-0.6362607,-0.3007440892846055,-0.953704877181811
-0.4168164,-0.19600248,-0.3879021,0.30072288287540166,0.9537115642137866
-0.3107466,-0.17226233,-0.20878565,-0.3007426029935364,-0.9537053458719166
-0.22309063,-0.027843032,0.19388394,-0.30074460707701245,-0.9537047138994824
0.26723495,0.471309,0.64890367,-0.3007363923125273,-0.9537073043333818
0.7158631,0.44422087,0.08598798,-0.8085303985593417,0.5884544116628508
-0.01414679,-0.35487893,-0.51390755,-0.6310895472971059,0.7757099865879864
-0.28974566,-0.11732517,-0.110629246,-0.32343797540892744,0.9462493730847985
0.14107732,0.17516576,0.66381735,-0.6398930252307714,0.7684639980252889
0.6654913,0.2928013,0.4877445,-0.6671449253512951,0.7449279485816163
0.6295768,0.5186372,-0.0865847,0.0754697345980837,0.9971480928927733
0.100140765,0.7307768,0.3816747,-0.9310394893600028,0.36491844191855405
1.0890096,1.3063233,0.8797615,-0.46909900291507184,0.88314558565623
1.1375552,1.2736046,1.961917,0.10495838175343827,0.9944766151598032
1.6764265,1.1716436,1.8459555,0.9671715116987828,-0.25412451073891207
1.9559821,1.9412204,1.5694436,0.8433743533412161,-0.5373264372113896
0.6527082,0.13438137,-0.17211016,0.9951919844448963,-0.09794342293706658
-0.2693535,0.2894533,-0.021755828,0.7707347280024186,-0.6371561653559025
-0.47129703,0.21655884,0.79180115,0.8829084574084664,-0.46954515846359496
0.41743708,0.17303523,0.47328734,0.9462963225110654,-0.32330058769206343
0.47724408,0.17425267,0.26190862,0.7744136951527111,-0.6326795624642255
0.28123555,0.019637277,-0.53460413,0.7713627388518075,-0.6363957299597776
-0.27102748,0.17973116,-0.27894086,0.9003091717178895,-0.4352509567142244
-0.30024615,0.066508874,0.25810412,0.7421174641883446,-0.670269848155697
0.09451008,-0.046561234,0.32947677,0.9003091717178895,-0.4352509567142244
-0.02282108,0.50950634,0.47830933,0.8001992345153857,-0.5997342620536122
0.28367046,0.14868636,0.06924813,0.7713622395085682,-0.6363963352034062
-0.09693299,-0.056300793,0.18794893,0.7744141870185134,-0.6326789604091912
0.74310344,0.5668784,0.26708275,-0.970849683873315,0.23968915562261955
0.19677539,0.024507055,-0.36659685,-0.9708527433773982,0.23967676290491666
-0.1263038,-0.22430809,-0.34376976,-0.9708548277911346,0.23966831946389236
-0.24622206,-0.07638862,0.15614319,0.9708675602630985,-0.2396167365372857
0.39156643,-0.0031897959,0.49063593,-0.9708549631446177,0.23966777116972368
0.44391653,0.2809312,0.21914591,0.9708560819424988,-0.2396632390569315
0.17288306,-0.18915437,-0.515125,-0.9708527603946008,0.23967669397374425
-0.6274342,0.1960145,-0.6374782,-0.9978087968321578,-0.06616347152592338
-1.0619096,-0.11686864,0.023289612,0.07861508711609437,-0.9969050446646004
0.034398787,-0.23343892,-0.066040345,0.4512084606983356,-0.892418581717256
0.14457747,-0.14319587,-0.7359389,-0.6936590309171177,-0.7203035116026613
-0.8044201,-0.8563137,-1.1332822,-0.8205205203102908,-0.5716170709047534
-1.7305907,-1.5685185,-2.4233165,0.8283872905887184,-0.5601557790392617
-2.4522307,-1.4280559,-0.65452236,0.3528860528272971,-0.9356663046834434
-1.1131943,-0.65939206,-0.81902945,0.5618862905509523,-0.8272144803440585
-1.5540613,-1.2282429,-1.7531135,0.5943258382037538,-0.8042243455923263
-1.8788146,-1.7607224,-1.9619052,0.32550494233847466,-0.9455403389138014
-1.2235253,-1.239352,-2.3265297,0.5427385938530529,-0.8399016720678742
-1.6843278,-1.0352781,-0.5833019,0.371486250452985,-0.9284384555393976
-0.23130837,-1.0036246,0.034246616,0.6850911207778815,-0.7284573812044917
-0.46551418,-0.8232904,-0.5860411,0.5434117737649552,-0.8394662852870419
-0.76652724,-0.6530005,-0.48134094,0.5598323293696005,-0.8286059153738929
-0.95173085,-0.99434143,-0.6992634,0.9448965972470842,-0.3273689363865813
-1.198872,-0.9488395,-0.04777869,0.9827693659463044,-0.18483607158100596
0.11246739,0.12479401,0.4029799,0.9827974584839398,-0.18468664163254644
0.34773844,0.12738107,0.021615626,0.9860899699597403,-0.16621242776879913
-0.12919524,-0.28518027,-0.39368492,0.9820180209173188,-0.1887871992313895
-0.71219873,-0.87837994,-0.645848,0.998159852133837,-0.0606375262371146
-0.7811365,-0.6569572,-0.30678988,0.9995177285840912,-0.031053345167615293
0.0038105096,0.0835531,0.16755675,0.9985197296175787,-0.05439071211555888
0.48363566,0.43585092,0.39415354,0.9982865776141019,-0.05851417738910513
0.14549056,-0.18337151,-0.29248494,0.9995177292876922,-0.031053322520714816
-0.011711903,0.0063975765,0.031050816,0.787188122809056,-0.6167129472520863
0.05874767,0.05844331,0.049769018,0.7871871635672475,-0.6167141716508153
0.07061776,0.28427917,0.11901115,0.7871872224944929,-0.6167140964348112
0.34560794,0.30878022,0.063617446,-0.7872289472474892,0.6166608343454365
-0.03256063,-0.2795496,-0.34316105,-0.9820196995048096,0.18877846748102298
-0.48894995,-0.3105944,-0.7010895,-0.9811692981306899,0.1931497046483097
-0.5327779,-0.32809517,-0.057974774,-0.9811842369090463,0.19307380257614581
0.31014985,0.5198546,-0.11565119,-0.9814075330533135,0.19193554664576673
0.7210372,0.2708873,0.41271952,-0.9811270234847403,0.19336432915088966
0.53735536,0.12905505,-0.1428915,-0.959631592381128,0.28126003431710767
-0.3661403,-0.44025224,-0.096780814,-0.9289978899881551,0.37008501779666175
-0.14152189,-1.0094073,-0.9302735,-0.9286042557258384,0.3710716052837539
0.335564,0.27134386,0.19494924,-0.928618717037026,0.3710354139007594
0.1514256,0.5729656,0.5830094,-0.9289327802730605,0.37024841624801286
0.6555996,0.5907707,0.7523864,-0.9581081305675863,0.2864067215347524
0.97167856,0.4363075,0.050529923,-0.959563883415226,0.2814909477142926
0.93667704,0.560639,-0.32809517,-0.9598082456091432,0.280656608083078
1.2316028,1.7954315,1.5313982,-0.9596218433454571,0.28129329493300576
1.4504384,0.8815877,1.4749395,-0.9595294348831918,0.28160835142577495
1.2731482,1.2042103,0.69410133,-0.8237602821016758,0.5669382661558199
0.31517178,0.12464183,-0.02312544,-0.8018784285825675,0.5974872264525427
-0.18839346,0.34286866,-0.41544676,-0.8018868363022049,0.5974759424154589
-0.8974024,0.6831443,0.7234721,-0.801937361797073,0.5974081249480547
0.36934805,0.08842286,0.45304734,-0.5654937251818553,0.824752597316279
0.6533169,0.3007147,0.27453962,0.6011175723992767,0.7991605997249867
0.23238564,0.087205425,-0.23663469,0.6026577342393401,0.7979997840610641
-0.38698906,-0.49975473,-0.14456548,0.6000474141928628,0.7999644371598397
-0.37070575,-0.3927719,0.084313996,0.6004983699158888,0.7996259798983274
0.37802237,0.26738715,0.240299,0.6134497600289911,0.7897337474873246
0.82999843,0.8436947,0.66016513,0.6287028118660645,0.7776456611797584
0.2847357,0.06118256,-0.036821686,0.6287022470434995,0.7776461178212455
-0.1976765,-0.2812236,-0.4504483,0.6316428165252039,0.7752595386914678
-0.45318753,-0.34940046,-0.09115012,0.6280294323879927,0.7781895861899051
-0.062083654,0.015071864,0.05296481,-0.9952518238150605,-0.09733348443776096
0.05129082,0.03759458,0.026485402,0.995251703904487,0.09733471053645369
0.017506754,-0.20863347,0.010506456,-0.99525172906876,-0.09733445323031138
-0.12812999,-0.8400303,-0.4254907,0.9987666520675895,0.049650525855207364
-0.2905066,-0.14258714,0.16710019,-0.9917687864605944,-0.1280416893143789
0.5035712,0.8525211,0.97502655,-0.9924233084905348,-0.12286568587160887
0.8671306,0.6689915,0.17638323,-0.9929351687195676,-0.11865812538483851
-0.22872129,-0.2506353,-0.40266365,-0.9917189326384951,-0.1284272504041267
-0.68298006,-0.79133254,-1.2754189,-0.6427396509911404,-0.7660846826844843
-1.6202599,-1.1950675,-0.76257044,-0.6257687219595549,-0.7800086580398358
-0.68891513,-0.60019386,-0.51208144,0.6018870869555158,-0.7985812009784624
-0.7510048,-1.031169,-1.1075637,-0.28365588765005584,-0.9589261376151236
-1.4240992,-1.6485654,-1.6564789,-0.4262426149976517,-0.9046088840819348
-1.4412957,-1.4225771,-1.360792,0.4205949878955417,-0.9072485084899006
-1.5914978,-1.3035723,-0.44405666,0.5287814126246705,-0.8487580442403228
0.023137433,0.19921027,0.29523614,0.41641942988291,-0.9091726230018105
0.47648314,0.6834487,0.90076244,0.3284682729763327,-0.9445150044588733
0.47572225,0.18688364,0.035464052,0.8687484649336455,-0.49525357613593723
-0.30922478,-0.45531806,-0.51345104,0.44346888339405716,-0.8962897686915924
-0.8067028,-0.7096117,-0.4676447,0.5287814459638248,-0.8487580234698264
0.11338048,0.028463751,0.23132035,-0.9826996104561625,0.18520657550234707
0.35869545,0.48409215,0.40191475,0.9826990580014945,-0.1852095067834681
0.18855764,0.26312608,0.36995676,-0.9826995277917764,0.1852070141161505
0.23634233,-0.036517322,-0.23846085,0.9826993047136777,-0.18520819775391795
-0.9753189,0.5212242,-0.26935348,0.5251680575431743,0.8509985377991721
-0.6645662,-0.008363937,0.68847066,0.5384331810877477,0.8426682084330278
0.26906112,0.10364092,0.7205807,0.5692252425624276,0.822181624235026
0.52655053,0.584227,0.36523917,0.7136124286408079,0.7005407209358839
0.21564579,0.10835851,-0.37831473,0.49795682954638076,0.8672018195945604
0.86028236,0.18064429,-0.4825584,0.9987374763228575,-0.05023398638620628
1.1342072,1.0880965,0.97015667,0.9447730320449144,-0.3277253696628614
1.069074,1.1016407,1.7505385,0.9440238437310621,-0.32987722332290725
2.1201847,1.5545299,1.3003883,0.9628074800669526,-0.27018837193174045
1.1339029,0.75543004,1.2118194,0.3248585331621537,-0.9457626200224525
1.1077279,1.381044,2.1200325,-0.9188632790950069,-0.3945760691308732
2.9381547,3.0840962,2.6602733,-0.8582160634497723,-0.5132886015067708
2.0320723,1.8231283,2.2490819,-0.9110253175376326,-0.41235042234179375
1.7077755,1.2789309,0.7333638,-0.9084114309648967,-0.4180773518050323
0.27119166,-0.6385434,0.1590346,-0.8912490966241916,-0.45351410977671075
0.86089116,-0.15445721,-0.5175599,-0.943010988063597,-0.3327615909195626
0.3138022,0.6093368,0.12935942,-0.9472098646782129,-0.32061421093938075
-0.1521745,0.71829796,0.42885065,-0.9199048870246403,-0.3921415545797002
0.42245907,-0.03545206,-0.3023767,-0.9437626192912284,-0.3306238322150413
-0.59699816,-1.0401478,0.14229475,-0.9441402337104171,-0.3295439562323043
-0.13786955,-0.49001524,0.07076993,-0.9225454527085898,-0.3858884394312727
0.42839408,0.32704186,0.5285289,-0.9422646162607353,-0.33486921767013667
0.71251506,0.7397555,0.5079845,-0.9468215618185979,-0.3217591180920769
-0.30815953,-0.3974895,-0.30070266,-0.9357603091820775,-0.35263670222973487
0.07868332,0.100749485,0.48804885,-0.9357609743445252,-0.3526349371429109
0.53492045,0.26297387,0.17440484,-0.9357605912122414,-0.35263595383074064
0.05189955,-0.0865847,-0.22309063,-0.9357621613978803,-0.3526317871320843
-0.43523023,-0.31394237,-0.14243497,-0.9357605831546022,-0.35263597521262446
-1.0625182,-1.0112334,-0.0171904,-0.9357614906794297,-0.3526335669805291
0.29995373,0.2830617,0.29173604,-0.9498917466652865,-0.3125790613863495
0.522746,0.642512,0.58514005,-0.970177748616862,-0.24239458758131743
0.36554357,0.24151646,0.08111821,-0.9790063055785716,-0.20382996256045555
-0.30313757,0.802606,0.61527175,-0.9804632325074387,-0.19670243948935665
-0.4659707,-0.23967826,0.9999841,-0.9766522618239358,-0.21482634725328817
0.9479384,0.7234721,0.40784976,0.08088806418678403,0.9967231918000679
1.2491035,1.5030928,1.4962447,-0.8190949662508638,0.573657943606202
1.4910705,1.1547515,1.1509472,-0.0720227791384861,0.9974029874053761
1.0311811,2.263691,1.621185,-0.3142264567870942,0.9493480572766916
1.3221501,1.578118,2.2162106,-0.018385060778539315,0.9998309804862868
2.5017014,2.139816,2.0159411,-0.2371826992420779,0.9714650622540381
2.4164803,2.4587862,1.9489815,0.16457739294884824,0.9863641729757627
1.2793874,1.0737916,0.36615232,-0.05689500382220798,0.998380167341114
0.9789831,1.6631868,0.30938897,0.3030975294675097,0.9529595414448045
0.28275737,0.4790702,0.61816317,0.7412526664803621,0.6712261052996621
0.5282245,0.63718575,0.21564578,0.9973907099166849,-0.07219260191938903
0.8006277,0.522746,0.5560736,0.8733881374376287,-0.48702480571653634
0.2756049,0.108510695,-0.35259625,0.9995735120063648,0.029202638498289326
-0.39414153,-0.2412001,-0.3014636,0.7423084274451075,-0.6700583545811303
-0.80609417,-1.1183685,0.38137034,0.9155274567712565,-0.4022554858519087
0.7942361,-0.13741301,0.73184204,0.5931786011578276,-0.8050708957156771
0.31517178,0.35139078,0.5664218,0.1436383096823409,-0.9896302521606744
0.77293074,0.5067671,-0.4563833,0.524422084533024,-0.8514584412958967
0.6443382,-0.5568225,-0.6109987,0.7002771753282301,-0.7138710511810344
0.0070063025,-0.11565118,0.2606912,0.14363811719325822,-0.9896302800991771
0.8974144,0.0079193795,1.0193108,0.028104003893159323,-0.999605004471853
0.5976189,0.7272767,0.16603494,0.9929086389602543,-0.11887991705117976
-0.122803666,-0.4058594,-0.5136032,0.1436383096823409,-0.9896302521606744
