1585732256201,-1.7063478,1.9602683,9.929395
1585732256402,-0.50525486,1.7724626,9.792374
1585732256598,0.49365973,2.3679786,9.153259
1585732256775,0.37149033,2.335879,9.610796
1585732256975,1.5601269,2.4566112,9.567198
1585732257174,1.2180524,2.635314,9.096727
1585732257373,1.2741066,2.0374026,9.818245
1585732257572,1.6794218,2.3560011,9.120202
1585732257793,2.0924022,1.4960244,9.944726
1585732257989,1.1572073,2.0057824,9.485753
1585732258175,0.9277204,1.944458,9.549951
1585732258366,0.9660481,1.934397,9.70901
1585732258564,1.1538537,1.9794319,9.548513
1585732258784,0.755725,1.8059994,9.339148
1585732258981,0.37436488,1.4567386,10.1478615
1585732259174,0.7538087,1.5750751,9.675474
1585732259360,0.9674853,1.6306502,9.750692
1585732259559,0.97658813,1.7437168,9.710927
1585732259776,1.120317,1.7633598,9.589237
1585732259976,1.0771983,1.7025144,9.757878
1585732260181,0.99910575,1.8242048,9.624211
1585732260372,1.0067713,1.834745,9.68314
1585732260571,1.0944458,1.8419313,9.631876
1585732260751,1.0388706,1.8587,9.775603
1585732260952,1.4595168,2.4024734,11.912371
1585732261152,3.3164914,4.5928993,11.65893
1585732261365,0.015522242,4.6312265,4.287564
1585732261565,-5.4969535,6.2376347,1.3780153
1585732261743,-4.2920275,8.822835,1.6266661
1585732261942,-4.9895906,8.132458,2.5613818
1585732262143,-6.636243,7.2926035,0.48450178
1585732262363,-6.2098475,4.1938124,7.227774
1585732262561,-4.9574904,5.9544888,5.827856
1585732262739,-5.1136765,6.347348,4.8940988
1585732262937,-4.812804,4.6489534,3.9081197
1585732263137,0.61391276,2.4221163,10.142114
1585732263336,1.8844745,2.8398879,11.88698
1585732263534,-0.013702631,2.4144511,8.35317
1585732263753,0.7978855,0.30978334,9.725779
1585732263953,2.651986,0.81618756,11.773434
1585732264153,0.39784056,0.88374007,9.358313
1585732264328,0.08786565,1.0729828,9.956703
1585732264525,0.42083716,1.3005532,9.659663
1585732264745,1.1016321,1.479735,9.771293
1585732264945,2.362133,1.1376607,9.143198
1585732265141,2.3640494,0.62359107,10.178045
1585732265320,1.5951008,1.2334797,10.01132
1585732265521,1.4633493,0.8252904,9.346814
1585732265741,1.0508481,1.3130097,9.744463
1585732265936,1.1131303,1.4538639,9.867592
1585732266137,1.351241,1.1716765,9.996469
1585732266317,2.372673,1.4049962,9.602172
1585732266515,2.663484,2.035007,8.847117
1585732266711,2.8417077,1.891278,7.753821
1585732266912,3.2776852,-0.111341715,4.810257
1585732267108,8.703444,-7.3533525,4.634908
1585732267331,10.129712,-8.3307085,-0.5239943
1585732267525,5.1241198,-10.192953,3.1746242
1585732267704,4.0509453,-10.963339,1.8623813
1585732267903,1.4020252,-9.59073,2.62606
1585732268105,3.6916237,-5.5418916,3.1717496
1585732268319,7.9709063,-5.6875367,1.0761851
1585732268521,8.585586,-6.794248,-0.32996085
1585732268701,8.617685,-5.415889,1.0321082
1585732268897,8.086847,-4.591845,0.68715936
1585732269095,8.332145,-4.2330027,0.6747029
1585732269314,8.510847,-5.4882326,0.33837765
1585732269512,8.670385,-4.9114013,0.44473687
1585732269712,8.548217,-4.6598763,0.404972
1585732269910,8.724045,-3.986747,0.2756161
1585732270109,8.478269,-5.28845,-0.62316746
1585732270291,8.555403,-5.2827005,-0.7937255
1585732270487,6.431572,-6.359708,-0.79133
1585732270706,6.80383,-5.151908,1.2486594
1585732270903,-1.5698054,-13.302763,-3.7713058
1585732271102,-4.7787886,-7.086496,-4.54217
1585732271281,-5.583669,-2.234215,-2.853837
1585732271482,-6.969693,-3.2292964,-4.5718737
1585732271698,-7.9762726,-5.44176,-4.7534513
1585732271901,-6.1154656,-4.6656256,-5.911905
1585732272097,-5.795909,-5.32534,-5.7202673
1585732272289,-4.191896,-6.254307,-6.5500603
1585732272473,-2.8566568,-6.0382347,-6.906986
1585732272674,-1.6555636,-7.0337954,-6.3095546
1585732272873,-1.4150577,-7.5938582,-6.2108607
1585732273071,-2.042194,-7.9440775,-5.9214873
1585732273288,-3.1690269,-6.746817,-5.3829837
1585732273486,-2.328214,-8.034627,-5.5094643
1585732273679,-0.9000298,-7.8099303,-4.7587214
1585732273867,-0.8372682,-8.624873,-4.8416047
1585732274063,-0.34236225,-8.729795,-4.649967
1585732274284,-1.5348316,-8.437067,-3.8968284
1585732274483,-1.1180182,-8.823698,-4.4037123
1585732274679,-1.1625742,-8.135237,-4.7726154
1585732274858,-0.6638355,-8.4854555,-4.810464
1585732275059,-0.7218061,-8.254532,-4.6437387
1585732275278,-1.0734622,-8.754229,-5.2143416
1585732275474,-3.3640187,-9.210806,-6.3167405
1585732275672,-4.2292657,-3.2824764,-4.109068
1585732275873,-6.8623757,-3.8526,-6.097794
1585732276072,-6.2596736,-4.171199,-5.818002
1585732276251,-4.44438,-5.2467685,-6.9596877
1585732276447,-0.90817434,-6.3017373,-6.8619523
1585732276646,-0.85930663,-7.681533,-6.5337706
1585732276863,0.42898178,-8.500307,-6.446097
1585732277063,0.08067922,-6.2543073,-5.405501
1585732277242,0.8021973,-7.415155,-7.062693
1585732277441,0.073013686,-6.592069,-7.0780244
1585732277642,0.020792255,-7.1056604,-7.519271
1585732277860,-1.2550395,-5.419722,-7.3707514
1585732278056,-0.8430173,-4.655085,-9.138135
1585732278237,-2.2601826,-3.5862231,-8.830556
1585732278434,-3.995467,-2.6625266,-8.529204
1585732278635,-5.773391,-0.17410327,-7.0914392
1585732278831,-5.2698617,0.7903164,-7.2730155
1585732279031,-4.9196424,0.22450432,-8.211084
1585732279248,-3.7966418,-1.6621746,-8.125327
1585732279449,-2.2941985,-3.9153614,-9.081602
1585732279648,-2.12364,-4.9751215,-8.958475
1585732279829,-2.3545642,-4.211922,-8.885653
1585732280025,-3.319463,-2.665401,-8.027592
1585732280242,-4.161234,-2.1417494,-8.403204
1585732280441,-4.85736,-2.4895728,-8.631252
1585732280639,-4.319336,-1.613786,-8.101851
1585732280826,-5.678051,-1.3114765,-7.75307
1585732281017,-5.7628508,-0.598103,-8.242227
1585732281238,-5.541988,0.17276204,-7.7693586
1585732281434,-5.5228243,0.6231119,-7.7147417
1585732281631,-6.202182,0.39218786,-7.3257165
1585732281833,-5.289505,0.87463725,-7.7645674
1585732282034,-5.361848,0.15359822,-7.7152214
1585732282213,-4.189021,-1.4906583,-8.624546
1585732282413,-2.9864917,-3.5747247,-8.641314
1585732282607,-1.737489,-5.0000343,-8.25564
1585732282826,-0.47794637,-6.014759,-7.9485407
1585732283025,-0.3648798,-6.3070073,-7.4157867
1585732283204,-0.1291647,-5.906004,-7.708993
1585732283403,-1.0341766,-5.3023434,-8.720842
1585732283602,-2.00722,-4.322593,-8.644188
1585732283820,-4.261365,-3.144976,-8.575677
1585732284019,-5.3905935,-0.45437425,-7.4258475
1585732284195,-5.1203833,1.4821306,-7.01143
1585732284393,-5.369035,0.85978526,-7.3582945
1585732284593,-4.3059216,-1.5174876,-8.48369
1585732284792,-3.4521725,-3.593888,-8.329422
1585732284993,-1.3043864,-5.7387996,-8.3830805
1585732285211,-1.061964,-6.1934614,-7.420577
1585732285410,-0.3188866,-5.80779,-7.9662666
1585732285607,-1.11179,-5.2611413,-8.689702
1585732285787,-2.7450273,-4.3149276,-8.764441
1585732285983,-4.669076,-2.0411394,-8.512915
1585732286206,-5.3153753,1.0221987,-6.6707926
1585732286402,-4.951742,2.110225,-6.8849487
1585732286602,-3.9547439,-0.49797195,-7.84841
1585732286783,-2.7201142,-5.0177608,-9.347501
1585732286978,-1.5410596,-6.39516,-7.6093416
1585732287195,0.051933467,-5.8164134,-8.411346
1585732287395,-1.1606578,-4.446678,-8.804205
1585732287594,-3.182921,-3.8161883,-9.280907
1585732287792,-4.072122,-0.76914006,-7.6414413
1585732287989,-4.9627614,2.0326116,-6.457595
1585732288175,-4.1339254,0.02184688,-7.6011953
1585732288368,-2.7507765,-3.9704576,-8.9982395
1585732288568,-1.4620088,-6.158488,-8.572324
1585732288786,-1.042321,-5.977868,-7.8570337
1585732288984,-1.4303887,-5.651125,-8.810434
1585732289176,-3.8368866,-2.9576492,-9.637353
1585732289363,-3.9370174,0.021846896,-6.2817664
1585732289561,-4.9560537,1.9612262,-6.4906526
1585732289783,-3.8047872,-2.2936225,-9.043754
1585732289976,-1.942063,-5.147117,-8.840616
1585732290177,-0.44632602,-5.6952024,-8.275285
1585732290354,-0.42285037,-5.578303,-8.279118
1585732290552,-2.042194,-5.1365767,-8.988657
1585732290752,-3.7722085,-2.4272904,-6.695226
1585732290951,-3.073687,-3.1200628,-8.282471
1585732291150,-2.4920647,-4.798814,-8.611609
1585732291372,-2.0680652,-4.930086,-8.416617
1585732291568,-2.0910616,-4.793544,-8.250371
1585732291746,-2.1825688,-4.214796,-8.18186
1585732291945,-2.327256,-4.3158855,-7.8781137
1585732292142,-2.4599652,-5.021594,-8.33565
1585732292363,-2.244372,-4.9080477,-8.414701
1585732292562,-1.5865738,-4.4974627,-8.227375
1585732292738,-1.8884041,-4.893195,-8.31984
1585732292938,-1.3997266,-4.5094404,-8.264744
1585732293135,-1.0595686,-4.8112698,-7.7434874
1585732293376,-0.4511171,-6.093331,-8.6432295
1585732293552,-1.5583073,-6.0736876,-8.776897
1585732293752,-2.8303065,-4.446679,-8.348107
1585732293951,-4.883711,0.5871798,-6.531855
1585732294149,-4.725609,1.4193691,-7.2342095
1585732294328,-4.0783505,-1.3569906,-7.858949
1585732294529,-2.1054344,-5.464278,-9.034172
1585732294746,-0.6073022,-6.2710752,-8.258037
1585732294943,-0.63317335,-6.153218,-8.797977
1585732295142,-2.4321775,-4.398769,-9.16209
1585732295323,-4.6158957,-1.6822968,-7.5954466
1585732295522,-4.009361,1.6201103,-6.0158687
1585732295738,-4.5344496,0.5809516,-8.354815
1585732295938,-3.710884,-2.5777264,-8.766357
1585732296137,-1.3082192,-5.0872297,-8.787438
1585732296314,-0.42572492,-6.140761,-7.9298563
1585732296513,-2.0479429,-5.9644537,-8.205815
1585732296712,-2.1643631,-4.3709817,-9.489792
1585732296912,-4.918685,-0.6057685,-7.1288085
1585732297111,-5.298608,1.2857013,-6.729242
1585732297330,-6.3554926,-2.0464096,-7.9269814
1585732297529,-5.4126315,-2.790924,-7.915483
1585732297706,-4.037627,-4.137662,-4.2537546
1585732297904,-1.2521651,-10.939863,-9.113702
1585732298103,0.1070295,-8.226265,-4.3960457
1585732298321,-0.75678,-7.175129,-4.538817
1585732298522,-1.1343075,-9.084804,-5.7916517
1585732298704,-0.20150813,-8.239679,-4.594392
1585732298898,-0.9072161,-8.023607,-6.220922
1585732299097,-2.477692,-7.036191,-7.0171785
1585732299317,-4.2302237,-4.8107915,-7.0991044
1585732299513,-5.786327,-2.5427527,-6.9261503
1585732299713,-6.885372,-1.1207964,-6.3349466
1585732299912,-6.0546203,0.1655756,-6.4604697
1585732300109,-6.080013,-0.44239688,-7.7051606
1585732300306,-6.6142035,-0.38921732,-7.5235825
1585732300489,-6.683194,-0.7265006,-7.2447486
1585732300703,-6.327705,-0.3906545,-7.323321
1585732300903,-6.6635513,-0.3964037,-7.2174406
1585732301101,-7.0027504,0.32128167,-6.6185713
1585732301283,-7.5623345,1.2904923,-6.089649
1585732301482,-8.090777,0.039573442,-5.243087
1585732301701,-7.4138155,-1.6631329,-5.870703
1585732301898,-4.929225,-4.809354,-7.1906114
1585732302096,-3.3774338,-5.903609,-6.447055
1585732302274,-2.0215926,-7.166505,-6.7210975
1585732302473,-2.092978,-8.285193,-6.353632
1585732302672,-3.9638467,-6.640937,-7.2385206
1585732302871,-5.4543138,-2.3597379,-4.374487
1585732303069,-4.0079236,-7.0452943,-5.944005
1585732303291,-2.2793462,-7.8535285,-6.337821
1585732303488,-2.1207654,-7.001217,-5.444787
1585732303674,-1.2718079,-7.4170732,-6.9625616
1585732303863,-1.8994232,-7.1597977,-6.839434
1585732304063,-3.5604482,-5.808748,-7.880989
1585732304293,-4.5277424,-2.5116112,-4.0338492
1585732304479,-4.186147,-5.983139,-7.6270676
1585732304674,-2.794374,-8.026483,-6.927109
1585732304861,-2.27216,-7.132968,-6.524668
1585732305056,-2.487753,-6.0597944,-6.4810705
1585732305275,-2.6999922,-6.775084,-6.467656
1585732305474,-2.703825,-6.8541346,-5.85106
1585732305671,-3.1546543,-7.22208,-6.300931
1585732305873,-2.4604445,-6.891983,-6.1356425
1585732306069,-2.5332673,-6.8819213,-6.402499
1585732306254,-2.7675447,-6.6495605,-7.667791
1585732306449,-5.197039,-4.869721,-7.8991942
1585732306647,-3.829221,-0.9756304,-2.1787913
1585732306864,-5.496953,-5.6540003,-9.253597
1585732307068,-2.629086,-7.29634,-7.4488435
1585732307243,-2.027821,-6.863238,-7.1355147
1585732307442,-1.4754237,-6.456964,-6.521314
1585732307640,-0.6940185,-6.899648,-6.6286325
1585732307861,-0.48609105,-6.6586633,-8.3390045
1585732308058,-2.0613577,-5.117413,-8.201025
1585732308235,-4.3231683,-3.8842201,-8.670538
1585732308446,-4.935932,-0.11469543,-6.4585524
1585732308632,-5.473478,1.5094391,-6.3622546
1585732308833,-4.4252157,-0.89705867,-7.9792037
1585732309030,-2.4522996,-5.252517,-8.92398
1585732309251,-1.0629222,-6.3937235,-7.939917
1585732309450,-0.44201422,-6.2246027,-8.253725
1585732309647,-3.20448,-5.1777787,-9.294321
1585732309826,-4.7227345,-1.1897862,-6.8906984
1585732310023,-4.980008,1.4644041,-6.058508
1585732310381,-3.2289138,-4.213359,-8.726592
1585732310580,-1.6478981,-6.457443,-8.181381
1585732310778,-0.48369557,-6.4373217,-8.299239
1585732310976,-2.4863157,-5.2280836,-9.266054
1585732311175,-4.236932,-1.3157883,-7.605508
1585732311375,-4.258012,2.172028,-6.000538
1585732311573,-4.35958,-0.7015877,-7.988785
1585732311772,-3.0276937,-4.6340055,-8.936437
1585732311972,-0.7050378,-6.629918,-8.235998
1585732312174,-0.7366581,-5.5481195,-9.336002
1585732312367,-3.7626266,-3.766842,-9.606212
1585732312569,-4.545469,0.3054715,-5.816565
1585732312765,-5.3321443,2.1135788,-5.9583774
1585732312969,-4.2771754,-3.0989826,-8.386435
1585732313161,-1.552079,-6.917375,-8.848284
1585732313361,-1.277078,-5.61136,-8.858823
1585732313561,-3.4847512,-4.669458,-9.531473
1585732313761,-4.1411123,0.9148812,-5.6201353
1585732313957,-5.0494776,1.2531227,-6.3196154
1585732314155,-3.4291759,-4.2104845,-8.720843
1585732314354,-1.5999886,-6.389412,-8.555077
1585732314553,-2.0024288,-6.022424,-9.578424
1585732314752,-4.675783,-2.836438,-8.092269
1585732314951,-4.7505217,1.8586998,-4.4818044
1585732315149,-4.3020887,-1.1548122,-7.7166586
1585732315348,-2.0848331,-6.0933304,-9.138615
1585732315546,-1.0940635,-6.0645847,-9.194189
1585732315745,-3.7923305,-4.9626646,-9.633041
1585732315947,-4.455399,1.044237,-4.970482
1585732316142,-4.46019,0.71078646,-6.401062
1585732316342,-2.9462473,-5.4494257,-9.028422
1585732316539,-0.94937646,-6.255265,-8.935478
1585732316739,-2.4364896,-5.7292185,-9.943496
1585732316938,-4.394075,-1.4758064,-6.4968805
1585732317137,-4.666201,1.7667135,-5.0979214
1585732317335,-3.4751694,-3.6001167,-8.358646
1585732317533,-1.2559978,-6.2993417,-9.129033
1585732317732,-1.4668,-6.3644986,-9.282344
1585732317932,-4.109492,-3.3730252,-8.556993
1585732318132,-3.9015644,2.1327426,-4.212552
1585732318331,-4.0117564,-1.3866946,-7.632338
1585732318528,-2.4748173,-6.593507,-9.370497
1585732318725,-0.65712816,-6.59159,-9.153946
1585732318924,-3.503915,-4.7259912,-9.706822
1585732319123,-4.0117564,1.233959,-4.5048013
1585732319322,-4.1305723,0.6101764,-6.838956
1585732319522,-2.7162814,-5.3545647,-9.20952
1585732319723,-0.81331336,-6.2140627,-8.518664
1585732319921,-2.3473778,-6.0176334,-10.328689
1585732320115,-4.1688995,-0.818487,-6.3790236
1585732320314,-4.4429426,2.155739,-4.8516665
1585732320513,-3.8028705,-3.515796,-8.853074
1585732320711,-1.2310848,-6.428698,-9.427988
1585732320910,-1.9478118,-6.1834,-9.037046
1585732321109,-4.0366693,-2.980167,-8.340441
1585732321309,-4.5780478,2.1145368,-4.3227444
1585732321510,-3.875693,-1.018749,-7.957164
1585732321706,-1.9985962,-6.467025,-9.67616
1585732321906,-1.0653177,-5.985055,-8.552202
1585732322102,-2.678912,-4.857264,-9.855341
1585732322305,-4.2168093,0.9455434,-5.2588973
1585732322504,-4.094161,0.6705424,-6.219005
1585732322698,-2.6329188,-5.157178,-9.236351
1585732322900,-0.6398808,-6.410492,-8.696889
1585732323097,-2.3780398,-5.8576155,-10.320065
1585732323295,-3.9092298,-1.1346902,-6.326323
1585732323498,-4.4314437,2.089624,-5.2033224
1585732323692,-3.583445,-3.556998,-8.686348
1585732323890,-1.5175841,-6.5226007,-8.867447
1585732324091,-1.5999886,-6.192024,-9.298632
1585732324289,-4.0117564,-3.5550816,-8.601069
1585732324487,-4.591462,1.6105282,-4.335201
1585732324686,-3.5729046,-0.79357404,-7.311343
1585732324885,-2.7708983,-6.482356,-9.009258
1585732325084,-0.71653605,-6.5791335,-9.072499
1585732325282,-3.089976,-4.1108327,-9.391577
1585732325481,-4.59242,-0.7686611,-6.218047
1585732325679,-4.8501735,1.0279477,-5.895137
1585732325877,-3.1398022,-4.0523825,-8.729467
1585732326075,-1.2349176,-6.0023026,-9.149155
1585732326274,-1.8807386,-5.9026504,-8.59532
1585732326472,-4.1324883,-3.2427113,-8.661436
1585732326672,-4.1344047,2.1729865,-4.614035
1585732326869,-3.6878877,-2.1599548,-8.458299
1585732327068,-1.6162779,-5.5222487,-8.705511
1585732705972,-0.53208417,3.9504318,9.31711
1585732706179,-0.17755336,4.0175047,8.846159
1585732706378,-0.53974974,4.133446,8.932875
1585732706677,-0.4070402,4.5708613,8.876342
1585732706875,-0.5996367,2.8480325,7.2867036
1585732706987,-1.7556946,1.9090048,10.152174
1585732707173,-4.4165926,1.7916262,9.360229
1585732707373,-2.9208553,-0.5621708,11.647911
1585732707668,-0.5929293,-0.9320327,9.090498
1585732707868,-2.0680652,1.7183249,8.817413
1585732707987,-2.2103565,3.149384,8.868677
1585732708167,-1.2885764,3.061709,9.014801
1585732708366,-1.6790394,2.5538678,9.507791
1585732708663,-2.8015606,2.284616,9.087624
1585732708860,-2.293719,2.2707222,9.349689
1585732708987,-1.7609648,1.7906682,9.177693
1585732709178,-1.8907998,0.61544645,10.417593
1585732709377,-0.3222403,0.9321287,10.390763
1585732709674,-0.44345146,2.035007,9.60361
1585732709873,-0.83535177,3.0779986,8.784834
1585732709984,-1.1338284,4.0860157,8.940541
1585732710172,-1.1659279,4.835322,7.924859
1585732710370,-1.1874872,4.667638,8.856221
1585732710668,-0.81858337,5.186499,7.8026886
1585732710868,-1.0317811,5.2856717,9.014322
1585732710992,-1.3230712,4.9095817,7.9689345
1585732711169,-0.19336353,4.951263,8.993721
1585732711365,-0.5546017,5.2971697,8.050382
1585732711663,-1.2900136,4.771123,8.230043
1585732711861,-1.4538642,4.7787886,8.234833
1585732711990,-1.637358,4.981446,8.831308
1585732712186,-1.326904,4.9776125,8.460487
1585732712381,-1.2262939,4.751001,8.668894
1585732712679,-0.8195416,5.004922,8.491629
1585732712876,-1.2857018,5.132361,8.4039545
1585732712990,-1.4208068,5.055706,8.434616
1585732713172,-0.806606,5.533364,8.117455
1585732713377,-1.3230712,5.0691204,8.519416
1585732713673,-0.5234605,5.249261,7.9478545
1585732713872,-0.2010291,5.415507,8.526123
1585732713987,-1.541539,5.080619,7.5928445
1585732714173,-1.4543434,4.7078824,8.865802
1585732714369,-1.983744,5.0916376,8.664103
1585732714665,-1.0336975,5.15392,8.943894
1585732714865,-0.8770331,5.4097576,7.1721983
1585732714988,-0.9532094,5.363285,8.418326
1585732715181,-0.5431034,5.708234,8.474859
1585732715379,-0.6264661,5.417902,7.8874893
1585732715679,-1.4850056,5.3517866,7.807959
1585732715875,-2.193109,5.6598454,8.786752
1585732715988,-1.7207205,5.58319,7.9809127
1585732716178,-2.0613577,5.4662905,6.993975
1585732716371,-0.73234624,5.928618,8.16249
1585732716671,-0.5929294,5.861066,8.582177
1585732716868,-1.5276451,6.08145,7.0131392
1585732716986,-1.9449373,5.8404646,7.772985
1585732717169,-1.3388816,6.1600213,7.9296494
1585732717363,-1.3010328,6.041684,7.680999
1585732717663,-1.5333942,5.6727815,7.7356157
1585732717863,-1.5975931,5.7479987,8.014928
1585732717986,-1.3954146,5.8869367,8.690452
1585732718182,-1.0705879,6.022521,7.260352
1585732718379,-0.996328,5.9276595,7.2478967
1585732718485,-2.2692852,6.1351085,7.697767
1585732718677,-1.4088295,6.5289254,7.578472
1585732718875,-1.307261,5.762372,7.807959
1585732719174,-0.77594393,6.1605005,7.356172
1585732719370,-1.4299096,6.2175126,8.092543
1585732719485,-1.9382302,6.046955,7.594281
1585732719671,-0.9752477,5.621997,7.6167994
1585732719867,-2.0100942,6.2342806,7.265143
1585732720171,-2.0556085,5.942991,8.362272
1585732720363,-1.8021667,5.946824,7.9468966
1585732720484,-0.67006373,5.72644,7.34132
1585732720664,-1.1141856,6.5294046,8.349337
1585732720861,-0.51052487,5.9865885,6.775508
1585732721182,-1.3570869,6.1250467,7.7696314
1585732721376,-1.933439,5.940595,7.6225486
1585732721484,-1.9123589,6.0091057,8.053735
1585732721677,-0.94314843,6.0129395,7.9013815
1585732721874,-0.6839576,5.9765277,7.056737
1585732722176,-1.4668,6.3243513,7.941148
1585732722370,-1.8807389,5.6746974,8.133744
1585732722485,-1.7120968,5.6200805,7.1204557
1585732722670,-1.9559567,5.655054,7.845807
1585732722867,-1.6464609,5.8208213,8.521334
1585732723168,-1.1132272,5.8342357,7.5205016
1585732723364,-1.1050826,5.407362,8.075773
1585732723486,-0.89859235,6.0249166,8.119371
1585732723681,-1.7317398,5.266987,8.223334
1585732723886,-1.6795185,4.987674,8.097812
1585732724184,-2.3516898,3.732922,8.550078
1585732724377,-1.4246396,3.1795669,10.7524805
1585732724489,0.7336866,3.8938985,8.402037
1585732724678,0.9234087,4.9512634,8.497857
1585732724877,-0.97812235,3.9557018,7.301076
1585732725177,0.93059504,5.198476,9.432093
1585732725372,-1.3513379,6.689901,7.7859206
1585732725491,0.21626332,5.695778,7.678603
1585732725676,1.1188796,6.056057,8.158178
1585732725869,1.492095,5.1309233,7.800294
1585732726167,-0.62838244,5.8893323,8.398684
1585732726368,0.29723048,6.1341505,8.078648
1585732726494,0.6091218,5.9204736,7.588533
1585732726686,3.309784,2.7838335,9.78902
1585732726888,1.7790734,6.802489,5.675983
1585732727179,2.2936223,5.791117,8.751778
1585732727377,2.0804248,4.5876293,8.076732
1585732727486,3.2369618,4.977613,8.504564
1585732727676,2.4728043,5.12757,7.8994665
1585732727875,1.6942734,5.178354,6.8215003
1585732728182,1.925198,5.579357,8.487317
1585732728373,0.6819443,4.0697265,8.265974
1585732728493,0.5128236,4.2115393,10.161276
1585732728672,0.33364177,3.4766064,9.055524
1585732728867,0.37005302,4.0788293,8.2722025
1585732729166,0.9943147,3.685971,9.3865795
1585732729367,1.5974963,1.1208924,11.174086
1585732729487,2.2064269,0.16701286,9.900648
1585732729685,1.7316431,2.1705909,9.209313
1585732729888,0.1970995,2.596028,8.892632
1585732730181,0.21530512,3.811973,9.950476
1585732730377,-0.3217612,3.9384542,8.056609
1585732730484,-0.8823031,4.200041,9.106787
1585732730675,-1.2191074,4.5507393,8.917066
1585732730874,1.0297678,4.370599,10.867464
1585732731173,-1.8146235,2.6875355,7.843412
1585732731367,-1.6373581,2.9414563,8.072899
1585732731484,1.7488905,2.4408011,10.467419
1585732731671,1.980773,3.0248187,9.649603
1585732731867,0.14583626,4.2604065,8.638231
1585732732165,-0.24750133,4.5694237,8.794416
1585732732364,0.2608192,4.9301825,8.346463
1585732732485,-0.0113071455,4.7423773,8.698599
1585732732571,2.0689263,3.0248187,7.856827
1585732732594,1.8581243,3.0344007,7.0519457
1585732732629,1.2592547,3.1302197,7.056737
1585732732636,0.64122117,3.1110559,7.602906
1585732732650,0.32501805,3.3937225,8.556307
1585732732669,0.5334247,3.8033493,9.404305
1585732732691,1.0676165,3.9207277,9.65104
1585732732710,1.0292888,4.2992134,9.828305
1585732732729,0.6891308,4.7304,9.840282
1585732732748,0.30824968,4.852569,9.732487
1585732732768,-0.16365959,4.8501735,9.2486
1585732732788,-0.7960659,5.161586,8.896463
1585732732808,-1.0020771,5.6790094,8.474859
1585732732828,-1.4093084,6.0598903,8.290408
1585732732847,-1.5793874,5.652659,7.784962
1585732732867,-2.5327878,5.427484,7.5310416
1585732732887,-3.2514315,5.1424217,7.4639683
1585732732907,-3.5963802,4.651349,7.4519906
1585732732928,-3.9389338,4.2584906,7.8640137
1585732732948,-4.1665044,3.7817898,8.558702
1585732732976,-4.415634,3.376954,9.667809
1585732732988,-4.149736,2.9697227,11.033232
1585732733009,-3.6035666,2.8044348,11.965073
1585732733026,-2.9663696,2.6631014,12.214203
1585732733047,-2.353127,2.6415422,11.426089
1585732733066,-2.008178,3.0320053,9.928915
1585732733087,-1.9051725,3.5254736,8.553911
1585732733112,-1.7303026,3.9758239,8.285618
1585732733117,-1.8165398,4.1195526,8.977911
1585732733137,-1.806958,4.3591003,9.643853
1585732733157,-1.6105287,4.591462,9.940893
1585732733176,-1.4428451,4.627394,10.22835
1585732733196,-1.0188454,4.38066,10.479876
1585732733216,-0.5661,4.0285244,10.501434
1585732733239,0.018396787,3.6188974,9.785187
1585732733255,0.27710843,3.5111008,8.599425
1585732733276,0.3393909,3.5685923,7.7729845
1585732733298,0.22201246,3.5374513,7.42085
1585732733318,0.023187743,3.5638013,7.459177
1585732733335,-0.09658618,3.6428523,7.564578
1585732733366,-0.28822446,3.8009539,7.5693693
1585732733386,-0.54933167,4.042897,7.432827
1585732733405,-0.64275527,4.371078,7.3298216
1585732733424,-0.56130904,4.701654,7.681957
1585732733445,-0.46788538,4.747168,8.62338
1585732733464,-0.44153512,4.792682,10.326565
1585732733486,0.008814871,4.807055,11.349434
1585732733505,0.63163924,4.960366,11.205706
1585732733524,1.6065991,4.9052696,10.745773
1585732733544,2.047367,4.521993,9.809141
1585732733565,1.5203619,4.2824454,8.685662
1585732733584,0.7370403,4.241722,7.883177
1585732733608,0.039956097,4.287236,7.466364
1585732733613,-0.13730931,4.3064,7.135788
1585732733634,-0.24271038,4.531575,7.073505
1585732733653,-0.22833751,4.7399817,7.368149
1585732733674,-0.3552979,4.8956876,7.744239
1585732733693,-0.3744617,5.041812,7.9957647
1585732733713,-0.396021,5.0969076,8.450905
1585732733733,-0.48944467,5.120863,9.059357
1585732733753,-0.6020322,5.056185,9.785187
1585732733772,-0.45830345,4.8693376,10.597254
1585732733793,-0.3193657,4.613021,10.980531
1585732733813,-0.5517271,4.375869,10.84878
1585732733833,-0.6307779,4.0524793,10.508621
1585732733863,-0.621196,3.8416767,9.919334
1585732733883,-0.34811145,3.8680272,9.136012
1585732733903,-0.2403149,3.9351006,7.969414
1585732733922,-0.41518486,4.050084,7.083087
1585732733941,-0.58526385,4.196208,6.891449
1585732733962,-0.71701515,4.3902416,7.313053
1585732733981,-0.9062579,4.4237785,8.048465
1585732734002,-1.071546,4.5699024,8.836577
1585732734022,-0.95177203,4.7399817,9.009052
1585732734042,-0.79127496,5.1376314,8.683267
1585732734060,-0.5661,5.5448627,8.12512
1585732734082,-0.12533192,5.90658,7.619674
1585732734104,0.0615154,6.071868,7.3441944
1585732734120,-0.13730931,6.244342,7.545414
1585732734140,-0.3217612,6.1006136,7.8208942
1585732734160,-0.4990266,5.8562746,7.933482
1585732734181,-0.6116141,5.643077,7.7346573
1585732734202,-0.5948457,5.6574497,7.5813465
1585732734220,-0.62119603,5.6263084,7.559787
1585732734240,-0.786484,5.50893,7.519064
1585732734259,-0.9421901,5.5185122,7.64842
1585732734281,-0.89428055,5.5807943,8.074815
1585732734300,-0.80804336,5.549653,8.517979
1585732734321,-0.7050377,5.5041394,8.932396
1585732734343,-0.46788538,5.487371,9.102476
1585732734362,-0.3888346,5.468207,8.7766905
1585732734370,-0.45830345,5.425089,8.323945
1585732734388,-0.62598693,5.3891563,7.9837866
1585732734409,-0.7337835,5.2957325,7.8161035
1585732734429,-0.7769021,5.2358456,7.7059116
1585732734449,-0.73857445,5.238241,7.693934
1585732734469,-0.8319981,5.3053145,8.101166
1585732734493,-1.0859189,5.228659,8.592238
1585732734508,-1.1961108,5.072953,9.030611
1585732734529,-1.296721,5.113676,9.109661
1585732734547,-1.0571731,5.1903315,8.9946785
1585732734567,-0.64994174,5.192727,9.004261
1585732734588,-0.60682315,5.214287,9.080915
1585732734617,-0.6044277,5.128049,8.90365
1585732734637,-0.3648798,5.1639814,8.819809
1585732734657,-0.07981783,5.156795,8.630566
1585732734676,0.34657735,5.1448174,8.168239
1585732734696,0.58133423,5.1400266,7.5813465
1585732734717,0.7346449,5.3652015,7.2387934
1585732734736,0.53821564,5.276569,7.004036
1585732734757,-0.28103805,5.3412466,7.154951
1585732734778,-1.0308229,5.4490433,7.74903
1585732734796,-0.81283426,5.192727,8.599425
1585732734815,-0.511004,5.3747835,9.035402
1585732734836,-0.16365957,5.58319,8.50121
1585732734857,-0.072631404,5.7652464,7.8999453
1585732734866,0.23638532,5.5640264,7.643629
1585732734885,-0.53256327,5.887416,7.6364427
1585732734905,-0.13730933,5.470603,8.17782
1585732734930,-0.1636596,5.537676,8.625775
1585732734946,-0.2067782,5.523303,8.640148
1585732734965,-0.12772742,5.702964,8.534747
1585732734984,-0.29541093,5.590377,8.515583
1585732735003,-0.62598693,5.266987,8.02451
1585732735024,-1.1889244,5.782015,7.7801714
1585732735044,-0.80325234,5.5736084,7.8472447
1585732735064,-0.7553428,5.662241,8.103561
1585732735084,-0.68108296,5.9065795,8.137097
1585732735114,-0.13491385,5.578399,8.12512
1585732735133,0.36813664,5.53049,7.37294
1585732735154,-0.36727527,5.8969975,6.27102
1585732735173,-1.6847885,6.273088,5.8398337
1585732735195,-2.1998162,6.709065,6.414748
1585732735213,-1.4787773,6.6156416,8.010138
1585732735234,-1.5266869,6.7354155,9.07852
1585732735252,-1.5937603,6.871958,9.0473795
1585732735273,-1.287139,6.8623757,8.216148
1585732735293,-0.9996816,6.6611557,7.2771206
1585732735314,-0.9493766,6.2443423,6.8674936
1585732735333,-1.1362238,5.8323197,6.7165785
1585732735358,-1.4931502,5.873043,7.0615277
1585732735365,-1.3254666,5.6861954,7.787358
1585732735383,-1.1410148,5.477789,8.062838
1585732735402,-0.90146697,5.4490433,7.9694138
1585732735423,-0.5661,5.470603,7.6364427
1585732735441,-0.8152298,5.501744,7.281912
1585732735462,-1.0811279,5.650264,7.6460247
1585732735481,-0.98530877,5.899393,8.54912
1585732735502,-1.0236363,6.2395515,8.913233
1585732735520,-0.8248117,6.4719124,8.652125
1585732735543,-0.7577383,6.5821047,8.558702
1585732735568,-0.78408855,6.6300144,8.139493
1585732735580,-0.7769021,6.3713026,7.3441944
1585732735607,-0.8990715,5.9976077,6.939358
1585732735620,-1.1458058,5.650264,7.1309967
1585732735639,-1.2751616,5.9377213,7.3609624
1585732735659,-1.0260319,5.046603,7.269934
1585732735678,-1.8333082,5.6119356,7.128601
1585732735699,-1.3997265,5.5736084,7.432827
1585732735721,-1.29193,5.6694274,8.192194
1585732735742,-1.4955456,5.9041843,8.731176
1585732735759,-1.8500764,6.014376,9.140803
1585732735781,-1.7446754,6.004794,9.217459
1585732735799,-1.5554326,6.0550995,8.989887
1585732735821,-1.2991164,5.9760485,8.668894
1585732735840,-1.3182802,5.8251333,8.000555
1585732735869,-1.4644045,5.7293143,7.3753357
1585732735889,-1.5793874,5.6526585,7.04955
1585732735911,-1.8620539,5.793992,7.0663185
1585732735929,-2.2956357,5.83232,7.1381826
1585732735948,-2.6525617,5.978444,7.363358
1585732735972,-2.5471606,6.0742636,7.679561
1585732735988,-2.317195,6.0359354,7.933482
1585732736007,-2.0752516,5.813156,8.010138
1585732736029,-1.6177151,5.5903764,7.880781
1585732736047,-1.1889244,5.7892013,8.036488
1585732736068,-1.0404048,5.779619,8.149075
1585732736087,-1.3230712,5.7700377,8.37425
1585732736108,-1.5482461,5.662241,8.676081
1585732736116,-1.3590033,5.5903764,8.769505
1585732736137,-1.0236363,5.662241,8.616194
1585732736158,-0.96135396,5.6909866,8.2616625
1585732736177,-0.80325234,5.6933823,7.782567
1585732736196,-0.5301678,5.868252,7.241189
1585732736222,-0.5972412,6.110195,6.8219795
1585732736237,-0.8104388,6.1006136,6.7141833
1585732736256,-0.9996816,5.861066,6.7716746
1585732736275,-1.1937153,5.6909866,6.941754
1585732736296,-1.572201,5.7915964,7.1789064
1585732736315,-1.7973759,5.714941,7.5358324
1585732736336,-1.74228,5.5400715,7.842454
1585732736365,-1.7279071,5.8946023,7.6508155
1585732736394,-0.9206308,5.6861954,7.6987247
1585732736404,-0.54933167,5.9305344,7.538228
1585732736424,-0.23552395,5.947303,7.610092
1585732736444,0.15973002,5.839506,7.804126
1585732736464,0.2723175,5.8299246,7.9215045
1585732736485,0.24596724,6.1054044,8.359877
1585732736503,0.3609502,6.011981,8.700035
1585732736524,0.15254359,6.2012234,8.89407
1585732736544,0.26513106,6.1221724,8.561098
1585732736563,0.21482602,6.124568,7.794544
1585732736585,0.05672443,6.28267,7.444804
1585732736608,0.14535713,5.873043,7.468759
1585732736614,-0.40081197,5.8562746,7.6556063
1585732736634,-0.6906649,5.5616307,7.7466345
1585732736655,-1.3829582,6.110195,7.4855275
1585732736673,-1.0835233,6.083845,7.835267
1585732736693,-0.47986278,5.7987833,7.9574366
1585732736714,-0.5301678,6.297043,7.7466345
1585732736737,-0.2738516,5.7508736,7.5358324
1585732736754,-1.0188454,6.0311446,7.188488
1585732736774,-0.5780774,5.688591,7.274725
1585732736792,-0.2187556,5.518512,7.363358
1585732736813,-0.36008883,5.55684,7.6412334
1585732736837,-0.4870492,5.4706025,8.067629
1585732736863,-0.75773823,5.6574497,8.568283
1585732736882,-0.65712816,5.635891,8.862928
1585732736903,-0.8703258,5.3867607,8.963537
1585732736921,-1.0451957,5.597563,8.838972
1585732736942,-0.3433205,5.1759586,8.95156
1585732736962,0.3058542,5.18075,9.229435
1585732736985,0.48072413,4.9268293,9.739673
1585732737001,0.54779756,4.692072,10.084621
1585732737022,0.48072416,4.6681175,9.9121475
1585732737040,0.3609502,4.596253,9.342024
1585732737061,0.030374179,4.838196,8.762318
1585732737084,-0.24750134,5.077744,8.484442
1585732737105,-0.29061997,5.022648,8.410182
1585732737120,-0.43913963,5.0010886,8.690454
1585732737141,-0.43674415,4.7854958,8.879696
1585732737159,-0.515795,4.627394,9.071334
1585732737190,-0.32655212,4.466897,9.234226
1585732737202,0.15973002,4.371078,8.968328
1585732737221,0.53821564,4.4118013,8.60182
1585732737241,0.58133423,4.560321,8.232917
1585732737260,0.58372974,4.816637,7.8855724
1585732737288,0.61247545,5.1543994,7.64842
1585732737302,0.63163924,5.353224,7.6603975
1585732737320,0.85441875,5.487371,7.9095273
1585732737344,1.3191416,5.444252,8.04607
1585732737360,1.0867802,5.231055,7.947855
1585732737380,0.50467896,5.101699,8.388622
1585732737403,0.023187742,4.7998686,9.167153
1585732737420,-0.5756819,4.593858,9.730091
1585732737438,-0.9709359,4.40701,9.679786
1585732737458,-0.9589585,4.5076203,9.310883
1585732737483,-0.71461964,4.816637,9.109661
1585732737497,-0.23552394,4.955575,9.22704
1585732737517,0.41365075,4.969948,8.97312
1585732737534,0.8711871,5.1520042,8.759922
1585732737547,1.1370852,5.2621956,8.565887
1585732737567,1.0628254,5.0346255,8.113142
1585732737586,0.7777635,4.866942,7.4951096
1585732737607,0.27950394,5.022648,7.073505
1585732737627,-0.37925264,5.1112804,7.0184093
1585732737647,-0.80804336,5.1400266,7.301076
1585732737668,-0.76971567,5.1256533,7.4615726
1585732737686,-0.36727527,5.219077,7.6005106
1585732737706,-0.14689125,5.231055,7.7274704
1585732737726,-1.2440205,5.5664215,8.606611
1585732737745,-1.8884041,5.5161166,9.720509
1585732737767,-1.6919749,5.238241,10.067853
1585732737794,-1.6799974,5.087326,9.241413
1585732737816,-2.2070026,4.8717327,7.947855
1585732737835,-2.3387542,5.101699,7.0902734
1585732737856,-2.868155,4.9555745,6.57285
1585732737876,-2.659748,5.1975183,7.552601
1585732737897,-2.2620988,5.3005238,7.9718094
1585732737914,-1.9195453,5.3939476,8.472465
1585732737934,-1.2679752,5.0010886,9.155176
1585732737954,-0.89188504,4.692072,9.437843
1585732737974,-0.59005475,4.2177672,8.735968
1585732737994,-0.19240534,3.8033493,7.4472
1585732738015,-0.76013374,3.987801,7.222025
1585732738036,-1.4691954,4.3040047,7.684352
1585732738047,-1.8357036,4.371078,7.84964
1585732738065,-1.7063477,4.155485,7.943064
1585732738084,-1.2895346,3.9542644,8.587448
1585732738104,-0.7816931,3.8416767,9.310883
1585732738124,-0.47507182,3.5997336,9.504915
1585732738144,-0.36967075,3.1110559,9.095289
1585732738164,-0.24510586,2.8762991,9.1264305
1585732738183,0.24596724,2.5409322,9.60313
1585732738205,0.36334568,2.7589207,10.084621
1585732738224,0.4160462,2.849949,10.055876
1585732738245,0.3968824,3.1948977,9.782791
1585732738268,0.7633906,3.3458128,9.612713
1585732738295,0.73704034,3.391327,9.516893
1585732738313,0.85441875,2.9649317,9.320463
1585732738333,0.9071193,2.7277794,9.569593
1585732738353,1.1394807,2.655915,9.749254
1585732738373,1.2664411,2.7421522,9.964848
1585732738394,1.1346898,2.885881,10.031921
1585732738413,0.85441875,3.1996887,9.835491
1585732738432,0.58372974,3.621293,9.495334
1585732738453,0.49030605,3.9566598,9.279741
1585732738475,0.3489728,4.361496,8.932396
1585732738492,0.025583223,4.737586,8.99947
1585732738511,-0.2403149,4.8861055,9.351605
1585732738536,0.0064193904,4.5746937,10.221164
1585732738550,0.18128932,3.7985582,11.335062
1585732738572,-0.13730931,3.1350107,12.429795
1585732738590,-0.40081197,2.6032145,12.039331
1585732738611,-0.6116141,2.615192,10.35531
1585732738630,-0.6930604,3.010446,8.17782
1585732738652,-0.3529024,3.3529992,6.9225903
1585732738670,-0.4079984,3.5566149,6.764488
1585732738689,-0.21156916,3.8536544,7.341799
1585732738709,0.4160462,4.0836205,8.556307
1585732738729,0.5166563,4.033315,9.842678
1585732738748,0.45676935,4.150694,9.854656
1585732738769,0.9574244,4.7040496,7.9718094
1585732738788,-0.060654014,4.876524,5.466139
1585732738800,-1.0571731,5.2837553,5.9093027
1585732738820,-0.7026423,5.231055,8.417369
1585732738841,-0.043885656,4.986716,10.012757
1585732738859,0.19326672,4.80945,9.976825
1585732738879,-0.39362553,4.8262186,8.755131
1585732738902,-0.74815637,4.969948,7.667584
1585732738919,-0.68108296,5.017857,6.9920588
1585732738939,-0.66671014,4.9891114,6.944149
1585732738959,-0.6092186,4.972343,7.2363977
1585732738978,-0.5565181,5.022648,7.8400583
1585732738999,-0.82002074,5.13284,8.041279
1585732739017,-0.5732864,5.2550097,8.517979
1585732739048,-0.5876593,5.2765684,8.812622
1585732739067,-0.8343936,5.372388,8.891673
1585732739088,-0.97333133,5.4753933,8.6114025
1585732739110,-0.5996367,5.4107156,8.836577
1585732739127,-0.62838244,5.1855407,9.6414585
1585732739147,-0.93260825,5.161586,9.663017
1585732739168,-0.3768572,5.2071,8.922815
1585732739189,0.5070744,5.1903315,8.788668
1585732739207,0.21243054,5.072953,9.119244
1585732739226,-0.49663115,4.9459925,9.306091
1585732739246,-0.19240533,4.80466,9.210272
1585732739265,0.38011402,4.811846,8.642544
1585732739286,0.34178638,4.9340153,8.053255
1585732739296,0.30824968,4.9795294,8.242498
1585732739321,0.440001,4.8741283,8.788668
1585732739336,0.5789387,4.744773,9.018634
1585732739356,0.93107414,4.807055,8.747944
1585732739375,1.2089496,4.852569,8.520374
1585732739395,1.5227573,4.8142414,8.551516
1585732739414,1.7215819,4.9555745,8.357481
1585732739435,1.6209719,5.1999135,7.6460247
1585732739455,1.5922263,5.4562297,6.9201946
1585732739474,1.7000227,5.6406813,6.7908387
1585732739502,1.5299437,5.7245235,7.109437
1585732739515,1.1849948,5.6358905,7.5022955
1585732739544,1.0268933,5.655054,7.842454
1585732739564,1.1322942,5.702964,8.256871
1585732739583,1.1730175,5.772433,8.632961
1585732739605,1.0436616,5.803574,8.908442
1585732739623,1.0197068,5.6861954,8.7766905
1585732739644,1.0268933,5.5065346,8.117934
1585732739664,0.81130016,5.1951227,7.612488
1585732739690,0.6172664,4.7854958,7.904736
1585732739703,0.64840764,4.3974285,8.333527
1585732739723,1.0771983,4.1746483,8.244894
1585732739742,1.1993678,3.8847957,7.624465
1585732739764,0.9646108,4.1243434,7.5406237
1585732739787,1.0771983,4.421383,7.222025
1585732739794,0.8400459,4.9795294,7.3226347
1585732739813,1.4508929,5.322083,7.6460247
1585732739833,1.9635253,5.4490433,8.026905
1585732739853,2.1551638,5.2023087,8.201776
1585732739872,1.4125652,5.5999584,8.563493
1585732739891,1.4628704,5.113676,8.067629
1585732739913,1.1802039,4.9723434,7.39929
1585732739934,0.6747579,4.771123,7.1860924
1585732739953,0.6004981,4.6369762,7.5765557
1585732739972,0.47832865,4.5555296,8.42695
1585732739992,0.6172664,4.4836655,9.342024
1585732740012,0.7490177,4.4884562,9.770814
1585732740034,0.72027194,4.4597106,10.120554
1585732740051,0.7873454,4.5243883,10.594858
1585732740073,0.72506297,4.466897,10.860757
1585732740090,0.54540205,4.3902416,10.273865
1585732740111,0.46874672,4.3662868,9.217459
1585732740131,0.58133423,4.383055,9.097685
1585732740155,0.9717972,4.500434,9.320464
1585732740169,0.81130016,4.526784,9.598339
1585732740190,0.2842949,4.4357557,9.591153
1585732740210,0.21003507,4.4046144,9.389933
1585732740231,0.38730046,4.3327503,9.538452
1585732740251,0.16931194,4.2992134,9.55043
1585732740269,-0.32415664,4.296818,8.94677
1585732740304,-0.86313933,4.421383,8.436533
1585732740319,-0.8319981,4.500434,8.841368
1585732740340,-0.6882694,4.4141965,9.682181
1585732740361,-0.90865344,4.268072,9.60313
1585732740380,-0.9350037,4.3040047,8.85095
1585732740399,-0.36727527,4.4357557,8.987493
1585732740418,0.35855472,4.3519144,9.732487
1585732740438,0.4831196,4.1674623,10.582881
1585732740458,0.29627228,4.07883,10.417593
1585732740480,0.40646428,4.0405016,9.02582
1585732740499,0.54540205,3.9446826,7.3058662
1585732740517,-0.017535394,3.731485,6.421935
1585732740536,-0.1061681,3.8704228,5.7727604
1585732740548,-0.1852189,4.1482983,6.436308
1585732740567,-0.36248434,4.184231,8.391018
1585732740587,0.6244528,3.1925025,10.015152
1585732740607,-1.5075231,4.881315,10.736192
1585732740627,-1.3015119,4.493247,10.0774355
1585732740649,-0.7960659,4.8381963,10.321774
1585732740667,-0.3984165,5.0705576,10.240328
1585732740686,0.26752657,4.591462,9.277346
1585732740706,-0.14210027,4.4836655,8.02451
1585732740726,-0.6643146,4.6489534,6.9465446
1585732740746,-0.6475463,4.3878465,6.304557
1585732740766,-0.90865344,4.3854504,6.4195395
1585732740795,-1.2080882,4.718422,6.7237654
1585732740815,-1.2080882,5.1424217,7.0519457
1585732740835,-0.9350037,5.4226933,7.3154488
1585732740855,-0.6068231,5.7915964,7.95025
1585732740875,-0.5996367,6.5317993,8.793459
1585732740894,-0.53735423,6.694692,8.826996
1585732740915,-0.6523372,6.184455,7.8999453
1585732740935,-0.87990767,6.1509185,7.5406237
1585732740957,-0.6331734,5.8658566,8.513187
1585732740975,-1.0404048,5.472998,9.57678
1585732740995,-0.956563,5.3699923,9.823515
1585732741016,-0.49184018,5.3412466,9.943289
1585732741035,-0.19959177,5.1160717,9.933706
1585732741045,-0.11335454,5.650264,9.718113
1585732741067,-0.26906064,5.3963428,9.502521
1585732741084,-0.54933167,5.326874,9.064148
1585732741104,-0.62838244,5.338851,8.894069
1585732741124,-0.6475463,5.2238684,9.140802
1585732741147,-0.4990266,4.9795294,9.203086
1585732741164,-0.0031625181,4.876524,9.342024
1585732741184,0.7993228,4.7591457,9.0473795
1585732741204,1.2736275,5.293337,8.656916
1585732741225,2.3204517,5.238241,8.793459
1585732741244,2.3036833,5.264591,8.182611
1585732741266,2.342011,5.1831455,7.6603975
1585732741293,2.0234122,5.3484335,7.293889
1585732741313,2.2557738,5.087326,7.669979
1585732741332,2.171932,4.9435973,7.3825216
1585732741353,2.171932,4.95797,6.951336
1585732741373,1.9443614,5.113676,6.2734156
1585732741392,2.6630049,5.3101053,6.8315616
1585732741412,2.8762026,5.338851,7.5933237
1585732741432,2.7061238,5.4250884,7.4543858
1585732741452,2.8187113,5.5520487,7.339403
1585732741473,2.883389,5.3963428,7.363358
1585732741496,2.8211067,5.3053145,7.5070868
1585732741511,2.4066887,4.917247,6.7692795
1585732741538,1.8844745,4.9435973,5.7320375
1585732741553,1.2640456,5.1064897,5.087653
1585732741570,0.880769,5.1975183,5.4206247
1585732741590,0.6963172,5.3508286,6.0554266
1585732741610,0.63643026,5.6263084,6.7165785
1585732741631,0.86160517,5.9760485,7.504691
1585732741650,1.1730174,6.1988277,8.335922
1585732741670,1.2616501,6.3521385,9.004261
1585732741694,1.0963621,6.4814944,9.303696
1585732741710,0.9190967,6.359325,9.303696
1585732741729,0.8065092,6.0215626,9.42347
1585732741751,0.6819444,5.6718225,9.562407
1585732741769,0.52384275,5.326874,9.322859
1585732741785,0.5861252,5.1184673,9.42347
1585732741799,0.770577,4.95797,9.938498
1585732741820,0.8783736,4.9244337,9.830701
1585732741841,0.93586504,4.9148517,8.99947
1585732741861,1.3239325,4.8405914,8.577866
1585732741878,1.4029834,4.617812,8.16824
1585732741898,1.151458,4.4237785,7.5957193
1585732741918,1.285605,4.3902416,7.6076965
1585732741944,1.225718,4.3375416,7.9238997
1585732741958,0.8640007,4.4716883,8.149075
1585732741978,0.6004981,4.6800947,8.539537
1585732741997,0.75859964,4.888501,9.3971195
1585732742018,0.9981475,4.910061,10.182837
1585732742047,1.050848,4.869337,10.4271755
1585732742067,1.0915711,4.7998686,10.034317
1585732742087,1.2568592,4.5938573,9.684577
1585732742109,1.1682265,4.2536993,9.150385
1585732742127,0.76818156,3.9830103,7.9454594
1585732742147,0.33220446,3.9374962,6.5512905
1585732742166,0.46635127,3.9854057,7.0279913
1585732742186,0.55977494,3.8057446,8.939583
1585732742206,0.06870183,3.951869,10.0247345
1585732742227,0.073492795,4.335146,10.460712
1585732742246,-0.14689124,4.48127,10.87513
1585732742267,-0.41997582,4.5555296,10.786497
1585732742288,-0.45111704,4.6297894,9.995989
1585732742297,-0.32655215,4.4501286,9.365978
1585732742314,-0.5541226,4.0548744,9.018634
1585732742337,-0.85116196,3.9327052,8.6114025
1585732742356,-1.4811728,4.1075754,7.658002
1585732742375,-1.7183251,4.186626,6.944149
1585732742395,-1.7279071,4.236931,7.1309967
1585732742415,-1.6847885,4.3183775,7.7514257
1585732742435,-1.6704156,4.3902416,7.921505
1585732742455,-1.4500315,3.8800044,8.577866
1585732742475,-1.1529922,3.0679374,10.724215
1585732742496,-0.8152298,2.6199827,13.119694
1585732742513,-0.8703258,2.1983786,13.071783
1585732742543,-0.621196,2.2367063,11.538677
1585732742563,-0.029512782,2.1073506,11.059582
1585732742588,0.2387808,1.9133167,10.666723
1585732742606,-0.08939975,2.0378816,10.142113
1585732742624,0.21482602,2.4666722,9.222249
1585732742644,0.89035094,2.8739035,8.163448
1585732742664,1.3047688,3.192502,6.764488
1585732742694,1.046057,3.3506038,5.791924
1585732742703,0.7394358,3.3745587,5.8374386
1585732742722,0.40646428,3.6380613,6.953731
1585732742743,0.22440794,4.0045695,7.7011204
1585732742762,0.38011402,4.342332,7.6148834
1585732742785,0.605289,4.4165916,7.2411885
1585732742793,0.7058991,4.315982,7.6292562
1585732742814,0.4160462,3.9207277,7.9670186
1585732742840,-0.42716223,3.6045246,9.040194
1585732742853,-0.8751167,3.50631,10.338543
1585732742872,-0.89667606,3.1421971,10.108577
1585732742892,-1.2943255,2.9074402,9.97443
1585732742912,-1.5913649,3.1972933,9.775604
1585732742937,-1.7207206,2.720593,9.109662
1585732742954,-1.3446305,3.4224682,9.761232
1585732742973,-1.0260319,3.4033043,9.679786
1585732742992,-1.4140995,3.1853156,9.610317
1585732743011,-0.7960659,3.7793946,9.744464
1585732743034,-0.44153512,3.5709877,9.75165
1585732743054,-0.93979466,3.9039593,10.240328
1585732743070,-1.2009017,3.5829651,9.933706
1585732743091,-1.1985064,3.6069202,9.385141
1585732743111,-0.9709359,3.5973382,8.819809
1585732743131,-0.76013374,3.60692,8.985098
1585732743150,-0.5804728,3.5757787,8.953957
1585732743170,-0.28822446,3.6955528,9.001865
1585732743189,-0.5229814,3.2931123,9.112058
1585732743210,-0.6331734,2.9888866,9.809141
1585732743229,-0.058258522,2.6391468,9.557617
1585732743249,0.3202271,2.7469432,9.3444195
1585732743276,0.49030608,2.9840956,9.112057
1585732743302,0.6508031,3.2547846,9.102476
1585732743319,0.5573794,3.4200726,9.895379
1585732743342,0.24596724,3.0056548,10.460712
1585732743358,-0.33373857,2.8667173,10.257095
1585732743380,-0.39123005,3.1517792,9.821119
1585732743397,-0.38164815,3.041587,9.766024
1585732743418,-0.41278937,2.6894517,10.012757
1585732743437,-0.65952367,2.825994,10.197208
1585732743460,-1.021241,2.9289997,10.168464
1585732743477,-0.7122242,2.825994,9.928915
1585732743501,-0.65952367,3.0344007,8.819809
1585732743516,-0.3552979,2.7134066,7.571765
1585732743534,-0.27385163,2.4810452,7.3370075
1585732743552,-0.43913966,2.545723,7.74903
1585732743567,-1.0931053,2.7134066,8.07242
1585732743587,-1.7255116,2.821203,8.17303
1585732743607,-2.228562,3.2859259,9.2653675
1585732743626,-1.9530821,4.1099706,10.283446
1585732743651,-1.3446305,4.174649,10.240328
1585732743666,-1.0284274,4.150694,9.519289
1585732743699,-1.1961108,4.0692477,9.358791
1585732743706,-1.8357036,3.6596205,9.835492
1585732743726,-2.413014,3.6979482,9.9121475
1585732743745,-2.0968108,3.216457,9.818724
1585732743765,-2.3339632,2.7469432,9.586362
1585732743804,-2.973556,2.7493386,9.286927
1585732743815,-3.3759964,2.8068302,8.489233
1585732743835,-2.0345283,3.1469882,8.769504
1585732743855,-0.57089096,3.0296097,9.124035
1585732743875,-0.7218061,3.1230333,9.042589
1585732743898,-1.4644045,3.307485,9.617503
1585732743914,-1.4380542,3.4200726,10.740982
1585732743934,-0.9062579,3.4080954,11.25122
1585732743954,-0.4966311,3.496728,10.333752
1585732743975,-0.21396464,3.5733833,9.0210285
1585732743999,-0.15407768,3.5733833,8.4006
1585732744014,-0.23552394,3.4895415,8.676081
1585732744035,-0.4319532,3.5039144,9.092894
1585732744043,-0.51579493,3.5542197,9.497729
1585732744063,-0.38164815,3.6284792,9.500125
1585732744084,-0.12293645,3.6284792,8.958746
1585732744103,-0.07502688,3.741067,8.297594
1585732744124,-0.2618742,3.7506487,7.981392
1585732744146,-0.70982873,3.7506487,8.189798
1585732744164,-0.9900997,3.9255185,8.714408
1585732744183,-1.066755,4.210581,9.179131
1585732744204,-0.5661,4.3782644,9.078521
1585732744224,-0.14928672,4.48127,8.934792
1585732744244,-0.1397048,4.4309645,8.901256
1585732744268,-0.1397048,4.2489085,8.834182
1585732744295,-0.23552394,4.2057896,9.023424
1585732744313,-0.0726314,4.1914167,9.330046
1585732744335,-0.012744434,4.411801,9.171945
1585732744352,0.41365072,4.196208,9.171945
1585732744373,0.26752657,4.026129,9.354
1585732744391,-0.0726314,4.002174,9.557616
1585732744413,-0.05825853,4.0955977,9.440238
1585732744431,0.016001306,4.1866264,8.834182
1585732744453,-0.09898166,4.2441177,8.242498
1585732744478,-0.43434867,4.3998237,8.041279
1585732744497,-0.40081197,4.5195975,8.42695
1585732744511,0.04474705,4.802264,9.2486
1585732744534,0.29387683,4.9292245,9.818724
1585732744550,0.039956097,4.749563,9.57678
1585732744570,-0.4846537,4.620208,8.886883
1585732744591,-0.88709414,4.2536993,8.362272
1585732744617,-1.0787325,3.9758239,7.6675835
1585732744630,-1.2751616,4.102784,7.6675835
1585732744650,-0.93021274,3.9111457,7.9454594
1585732744669,-0.8319981,3.9255185,8.383832
1585732744689,-0.4630944,4.0093603,8.94677
1585732744711,0.011210349,4.160276,9.44982
1585732744730,0.21243054,4.383055,9.823515
1585732744749,0.35615927,4.356705,9.689367
1585732744768,0.37053213,4.4573154,9.368374
1585732744784,0.29148132,4.5219927,8.99947
1585732744799,-0.05825853,4.500434,8.704826
1585732744820,-0.5780774,4.4692926,8.568283
1585732744841,-0.8104388,4.45492,8.779086
1585732744858,-0.64275527,4.4477334,9.147989
1585732744879,-0.44872153,4.3926373,9.34921
1585732744898,-0.54693615,4.2704678,8.915628
1585732744919,-0.5589136,4.1075754,8.29999
1585732744939,-0.50621307,3.987801,8.010138
1585732744958,-0.56130904,3.877609,8.175425
1585732744977,-0.6691055,3.726694,8.661707
1585732744997,-0.4774673,3.7051346,9.013843
1585732745017,-0.41518486,3.812931,8.982701
1585732745047,-0.5229814,4.090807,8.834182
1585732745066,-0.3744617,4.356705,9.009052
1585732745087,-0.010348957,4.4141965,9.425865
1585732745106,-0.16845055,4.45492,9.533661
1585732745127,-0.48225826,4.5100155,9.104871
1585732745146,-0.6451508,4.4237785,8.819809
1585732745166,-0.73857445,4.28005,9.186317
1585732745185,-0.63077796,4.090807,9.976825
1585732745206,-0.41278937,3.8632362,10.532576
1585732745227,-0.17563699,3.846468,10.237932
1585732745245,0.4064643,3.9111457,9.516893
1585732745265,0.6891308,3.8704226,9.009052
1585732745285,0.5525885,3.9303098,8.692848
1585732745296,0.21003506,3.9710326,8.510792
1585732745315,0.008814871,4.05727,8.79825
1585732745342,-0.23791942,4.0548744,9.181526
1585732745356,-0.38643909,4.0141516,9.279741
1585732745375,-0.32415664,4.05727,9.365978
1585732745395,-0.36008883,4.136321,9.380351
1585732745415,-0.2738516,4.1866264,9.308487
1585732745443,-0.06784044,4.162671,9.212667
1585732745454,-0.29301542,4.076434,9.104871
1585732745475,-0.6691056,3.9662418,8.872509
1585732745493,-0.8224162,3.9542644,8.450905
1585732745514,-0.7122242,3.997383,8.141889
1585732745544,-0.64994174,3.9830103,7.9238997
1585732745571,-0.73138803,3.8536544,7.8328714
1585732745588,-0.96135396,3.8009539,7.729866
1585732745604,-1.2655797,3.7937675,7.5214596
1585732745624,-1.5362687,3.9159367,7.523855
1585732745644,-1.5578281,4.1482983,7.933482
1585732745664,-1.2583933,4.3710775,8.477255
1585732745697,-1.1482012,4.5339704,8.671289
1585732745707,-1.3398396,4.572298,8.692848
1585732745725,-1.6991613,4.562716,8.918024
1585732745744,-1.7734213,4.3782644,9.258182
1585732745764,-1.411704,4.277654,9.5097065
1585732745784,-1.2799525,4.416592,9.47617
1585732745793,-1.4668,4.4884567,9.159967
1585732745813,-1.6392744,4.557925,8.898859
1585732745837,-1.6081332,4.6249986,8.688058
1585732745852,-1.3518169,4.598648,8.93
1585732745873,-1.1026871,4.526784,9.6414585
1585732745892,-1.1577832,4.512411,10.137321
1585732745914,-1.2559978,4.4094057,10.132531
1585732745936,-1.1026871,4.3591003,10.1037855
1585732745954,-0.8296026,4.289632,9.919333
1585732745973,-0.6020322,4.2129765,9.473775
1585732745995,-0.46069893,4.20579,8.987493
1585732746012,-0.31936568,4.327959,8.371855
1585732746037,-0.50142205,4.4621058,8.031696
1585732746052,-0.5349588,4.617812,8.170634
1585732746072,-0.54214525,4.617812,8.029302
1585732746091,-0.6092186,4.5052247,7.64842
1585732746112,-0.9254218,4.275259,7.5549965
1585732746134,-1.241625,4.0285244,8.259267
1585732746152,-1.1721561,3.7482533,9.351604
1585732746172,-1.3566079,3.470378,10.235537
1585732746191,-1.5793874,3.281135,10.879921
1585732746211,-1.4811728,3.2883215,11.136236
1585732746232,-1.1985064,3.2643666,10.580486
1585732746252,-1.3542124,3.1589656,9.2390175
1585732746273,-1.7087433,3.027214,7.9262953
1585732746301,-1.4787773,3.060751,7.8256855
1585732746320,-0.60682315,3.120638,8.719199
1585732746339,-0.06784044,3.2691574,9.461798
1585732746360,0.22201246,3.3625813,9.845074
1585732746380,0.4088598,3.5134964,9.811537
1585732746402,0.5717523,3.5805697,9.145594
1585732746419,0.61008,3.6284795,8.446114
1585732746437,0.6172664,3.6188974,8.304781
1585732746460,0.61247545,3.5853605,8.647334
1585732746479,0.67954886,3.602129,8.810226
1585732746499,0.6843398,3.6596205,8.386227
1585732746517,0.6220574,3.7482533,7.8376627
1585732746534,0.4974925,3.8081403,7.684352
1585732746549,0.42083716,3.8440723,8.194589
1585732746567,0.42323264,3.7913718,9.124035
1585732746587,0.22201245,3.8009539,9.607922
1585732746607,-0.04388566,3.9351006,9.394724
1585732746627,-0.07742236,4.090807,8.92521
1585732746647,0.18128932,4.102784,8.918024
1585732746669,0.102238536,3.8776093,9.128826
1585732746686,-0.20198724,3.9039593,9.454611
1585732746706,-0.103772625,3.7913718,9.811537
1585732746726,0.047142528,3.7602305,10.408011
1585732746746,-0.10616809,4.026129,10.661932
1585732746768,-0.22354656,4.042897,10.2954235
1585732746796,-0.49423563,3.4536095,9.322859
1585732746816,-0.5804729,3.7458577,8.812622
1585732746836,-0.118145496,3.832095,8.462883
1585732746855,0.023187743,3.8201175,8.915628
1585732746875,0.07588827,3.836886,9.452215
1585732746895,0.15973002,3.9207277,9.9121475
1585732746916,0.28669038,3.776999,10.252305
1585732746935,0.071097314,3.7123213,10.465503
1585732746955,0.5573795,3.3697677,10.364893
1585732746975,0.52384275,3.5733833,9.9121475
1585732746995,0.89753735,3.060751,9.854656
1585732747017,0.20045315,3.5685925,8.862927
1585732747035,0.5142608,3.472773,8.54912
1585732747045,0.7825544,3.3601856,8.510792
1585732747064,0.5190518,4.0644565,8.728781
1585732747083,1.0412661,3.9039593,8.932396
1585732747104,1.1370852,3.367372,8.963537
1585732747124,0.43521005,4.1602755,9.152781
1585732747151,0.6867353,3.7051346,9.167153
1585732747169,0.42323264,3.6500387,8.922814
1585732747184,0.23878081,3.4056997,9.253391
1585732747204,-0.24271038,4.2129765,9.3013
1585732747226,0.38011402,3.8296995,8.755131
1585732747243,0.5142608,3.68118,7.737053
1585732747264,0.5861252,3.8488634,7.1860924
1585732747294,0.5789387,3.9398913,7.550205
1585732747313,0.6531986,3.4344456,8.625775
1585732747333,0.5933116,2.7493386,9.272554
1585732747353,0.42323264,2.7493386,9.8067465
1585732747373,0.39927787,2.8044348,9.102476
1585732747399,0.39927787,3.1445928,8.719198
1585732747416,0.770577,3.4631913,9.114452
1585732747432,1.3981924,3.3985133,9.521685
1585732747452,1.6569041,3.5853605,9.308487
1585732747482,1.5371301,4.006965,8.795855
1585732747492,1.1802039,4.006965,9.157572
1585732747512,1.0580344,3.6739936,9.691763
1585732747531,1.2233224,3.7650216,9.437842
1585732747552,1.216136,4.026129,8.661707
1585732747571,0.6148709,4.275259,8.309572
1585732747594,0.071097314,3.9662418,8.604216
1585732747613,0.30824968,3.5829654,9.363583
1585732747631,0.61247545,3.671598,10.00557
1585732747650,0.5837297,3.5733833,10.27626
1585732747670,1.0532435,3.2428074,10.084621
1585732747690,1.7000227,3.1469882,9.737278
1585732747711,1.9084294,3.0487735,9.490543
1585732747729,2.0904858,2.9745135,9.159967
1585732747750,1.9467571,3.206875,9.064148
1585732747768,2.1359997,3.1230333,9.25339
1585732747786,2.3252425,3.2835305,9.50252
1585732747802,2.5815587,3.341022,9.361187
1585732747821,3.1612647,3.5182872,8.8820915
1585732747842,3.1660557,3.561406,8.223335
1585732747859,2.8282933,3.8009539,7.835267
1585732747882,2.754033,3.9662418,8.441324
1585732747900,2.8306885,3.9734282,8.961143
1585732747920,2.6366549,4.1123657,8.280827
1585732747940,2.1192315,4.347123,7.4879227
1585732747957,1.8701017,4.327959,7.6556063
1585732747979,1.6952317,4.0524793,8.304781
1585732747999,2.0689263,3.8009539,8.429346
1585732748017,2.2605648,3.6093154,9.095289
1585732748047,2.2318192,3.2787395,9.334837
1585732748068,2.3491974,3.2523892,9.545639
1585732748090,2.318056,3.1517792,9.174339
1585732748107,2.2198415,3.096683,8.805435
1585732748127,2.2581692,2.7996438,9.121639
1585732748147,2.3971071,2.5217683,9.583967
1585732748167,2.6414456,2.555305,9.562407
1585732748188,2.8019428,2.6439376,9.236622
1585732748211,2.6103046,2.9601407,9.028215
1585732748227,2.4617848,3.1541746,8.743154
1585732748247,2.5336492,3.3242536,8.831786
1585732748266,2.5935364,3.4056997,9.071335
1585732748289,2.6342592,3.4320502,8.953957
1585732748296,2.7899654,3.396118,8.654521
1585732748314,2.833084,3.4224682,8.525166
1585732748336,2.8546433,3.4320502,8.834182
1585732748354,2.754033,3.3362308,9.27495
1585732748375,2.6390502,3.3122761,9.480961
1585732748397,2.5647905,3.4296546,9.286927
1585732748416,2.7372649,3.5398464,9.382746
1585732748439,3.0271177,3.566197,9.888192
1585732748454,3.0965867,3.5087054,10.199604
1585732748474,2.8067338,3.4751687,9.818724
1585732748495,2.406689,3.4104908,8.872509
1585732748513,2.0138304,3.4033043,7.9766006
1585732748543,1.5491076,3.446423,7.4951096
1585732748563,1.2185315,3.3889313,7.643629
1585732748584,1.0292888,3.3841405,7.902341
1585732748603,0.73704034,3.5997336,8.333527
1585732748624,0.61008,3.5973382,8.963537
1585732748643,0.5717523,3.6883664,9.744463
1585732748663,0.5957071,3.5374513,10.321774
1585732748687,0.4376055,3.472773,10.094204
1585732748704,0.63643026,3.2452028,9.622294
1585732748722,0.8759781,2.967327,9.363583
1585732748743,0.95742434,2.821203,9.988802
1585732748763,1.0748029,2.476254,11.200914
1585732748786,1.1275034,2.476254,11.25122
1585732748795,1.3430964,2.610401,10.216373
1585732748812,1.666486,2.7685025,9.442634
1585732748832,2.037785,2.825994,9.488148
1585732748852,2.2869148,2.830785,9.833096
1585732748872,2.332429,2.8283894,10.190023
1585732748892,2.2605648,2.6750789,10.07983
1585732748912,2.1479774,2.6798697,9.809141
1585732748932,2.227028,2.6415422,9.758837
1585732748952,2.272542,2.6127963,9.5887575
1585732748973,2.1144404,2.6080055,8.810226
1585732748991,1.8629153,2.7014291,7.7250752
1585732749012,2.0928812,2.7541296,7.1789064
1585732749032,2.447412,2.7349658,7.5933237
1585732749052,2.4761577,2.8379714,8.17303
1585732749071,2.3539882,2.9649317,8.3143635
1585732749091,2.2629602,3.041587,8.316759
1585732749112,2.2006779,3.1733384,8.292803
1585732749137,2.116836,3.33144,8.335922
1585732749150,2.2533784,3.364977,8.980306
1585732749171,2.387525,3.4607959,9.732487
1585732749190,2.5192761,3.6236882,9.955265
1585732749210,2.5815587,3.8512588,9.957661
1585732749230,2.7660108,4.045293,9.766024
1585732749253,2.6342592,4.2632813,9.0737295
1585732749269,2.5552087,4.2704678,8.558702
1585732749302,2.2509828,4.0979934,8.29999
1585732749322,1.6976273,3.877609,8.15147
1585732749340,1.3886105,3.647643,8.460487
1585732749359,1.225718,3.5446377,8.795855
1585732749383,1.1346898,3.5542195,9.203085
1585732749399,1.2017632,3.5302646,9.794769
1585732749419,1.1131305,3.4655867,10.05348
1585732749439,1.216136,3.4488184,9.904961
1585732749460,1.731164,3.4128861,9.9121475
1585732749478,2.2054687,3.3242536,10.10139
1585732749503,2.4330392,3.2787395,10.151695
1585732749517,2.6510277,3.166152,10.082226
1585732749535,2.617491,3.1421971,9.306091
1585732749546,2.6103046,3.2883215,8.371855
1585732749567,2.7564287,3.3985133,7.9047365
1585732749587,2.7372649,3.5182872,7.835267
1585732749607,2.6558187,3.717112,7.9119225
1585732749626,2.6606097,3.8440723,8.086793
1585732749646,2.603118,3.937496,8.20417
1585732749667,2.7995472,3.9111457,8.249685
1585732749687,2.9360895,3.767417,8.16824
1585732749706,2.892971,3.472773,7.947855
1585732749726,2.6845646,3.1901069,7.6005106
1585732749746,2.6007226,2.9840956,7.492714
1585732749765,2.823502,2.7541296,7.880781
1585732749796,2.943276,2.7062201,8.192194
1585732749816,2.823502,2.9433725,8.026906
1585732749835,2.9193213,3.3482084,8.19938
1585732749855,2.9504626,3.7051346,8.666498
1585732749874,3.0774229,3.9710329,9.040193
1585732749894,3.3552985,3.9854057,9.2486
1585732749914,3.3768578,3.8105357,9.076125
1585732749935,3.0055585,3.611711,8.788668
1585732749954,3.2091742,3.3122761,9.1959
1585732749975,3.508609,3.0871012,9.864238
1585732749995,3.2403154,2.9577453,9.710927
1585732750015,2.8546433,3.060751,8.90365
1585732750037,2.5935364,3.1925023,8.319154
1585732750044,2.5552087,3.2092705,8.22094
1585732750064,2.7013328,3.1733384,8.482046
1585732750084,3.1205416,3.2284346,8.676081
1585732750103,3.8894901,3.1925023,9.3180685
1585732750124,3.958959,3.096683,9.830701
1585732750142,3.5181909,3.0751238,8.965933
1585732750163,3.5181909,3.125429,8.738363
1585732750183,3.6259875,3.2979033,9.924125
1585732750203,3.6403604,3.6404567,10.491854
1585732750223,3.6978517,3.8991685,9.888192
1585732750243,4.148202,3.997383,9.109662
1585732750265,4.078733,3.7913718,8.769504
1585732750293,3.870326,3.372163,8.632961
1585732750315,3.5756824,2.8786945,8.192194
1585732750332,3.1540782,2.481045,7.4472
1585732750352,2.7540333,2.2319152,6.9273806
1585732750373,2.6701915,2.049859,6.9872675
1585732750393,2.447412,2.174424,7.056737
1585732750413,2.3204517,2.4738588,6.7812567
1585732750431,2.7731972,2.8643217,7.6076965
1585732750452,3.5493321,3.1781294,9.38035
1585732750473,4.1122694,3.482355,11.026045
1585732750492,4.2871394,3.6931572,10.800869
1585732750511,4.1218514,3.9231231,9.267763
1585732750534,4.114665,3.8536544,8.666498
1585732750551,3.4606996,3.6739936,8.865323
1585732750571,2.912135,3.4104908,9.042589
1585732750589,2.682169,3.1589656,9.286927
1585732750610,2.5671859,2.7421522,9.382747
1585732750629,1.836565,2.310966,8.853346
1585732750650,1.1490626,2.1959832,8.09877
1585732750670,1.3071642,2.1313052,8.120329
1585732750690,1.6377403,1.9779947,8.9946785
1585732750712,1.5179664,1.9205031,9.512102
1585732750729,1.4724523,2.0330906,9.282137
1585732750749,1.9443614,2.1265142,9.236622
1585732750769,2.4665759,2.2031696,9.701345
1585732750787,2.7372649,2.5121865,9.878611
1585732750799,2.9480672,2.9577456,9.6726
1585732750820,2.9959764,3.3482084,9.466588
1585732750845,2.9049485,3.4056997,9.622294
1585732750859,2.5695815,3.1925023,9.828305
1585732750879,2.3252425,3.166152,9.526476
1585732750898,2.8258977,3.1421971,9.770814
1585732750919,2.8354795,2.967327,10.309797
1585732750938,2.1479774,3.041587,9.691763
1585732750958,1.7790735,3.1948977,8.604216
1585732750977,1.7766781,3.2428074,8.429346
1585732750999,1.8054237,3.2332253,9.191109
1585732751018,2.2054687,3.206875,10.178045
1585732751048,2.5911407,3.1781292,10.693073
1585732751067,3.0654454,3.0990787,11.061977
1585732751095,3.3960214,2.950559,11.485976
1585732751107,3.3912306,2.67987,10.767333
1585732751127,3.1109595,2.5720735,8.896464
1585732751146,3.1588693,2.4618812,7.514273
1585732751167,3.048677,2.3468983,6.788443
1585732751187,2.751638,2.339712,6.2542515
1585732751211,2.5264628,2.4091806,6.0194945
1585732751227,2.7133102,2.7924573,6.1752005
1585732751246,3.4367447,2.9840956,7.4352226
1585732751265,3.4750724,3.2907166,8.747944
1585732751285,3.352903,3.5973382,9.021029
1585732751295,3.1900103,3.872818,8.417369
1585732751315,3.328948,3.8943772,8.443719
1585732751336,3.269061,3.8656316,9.495335
1585732751356,3.0846095,3.736276,10.654745
1585732751374,2.916926,3.4751687,11.045208
1585732751394,2.3923159,3.120638,10.082226
1585732751414,1.7790735,2.9122312,8.728781
1585732751434,1.5083845,2.792457,8.29999
1585732751455,1.7694917,2.5624914,9.133616
1585732751477,2.066531,2.380435,9.586362
1585732751493,2.2677512,2.3253388,9.322859
1585732751515,2.5959318,2.3157573,9.224646
1585732751543,3.0343041,2.4690676,9.734882
1585732751564,3.2043834,2.4522994,9.701345
1585732751585,3.187615,2.3876214,8.769504
1585732751604,3.3936262,2.2965932,7.9789963
1585732751625,3.6355696,2.2343109,7.8520355
1585732751644,3.6834788,2.136096,7.9957643
1585732751663,3.5972419,2.1624465,8.036488
1585732751683,3.6667106,2.2031696,7.9957647
1585732751703,3.5421457,2.4738586,7.9718094
1585732751723,3.7601342,2.9026494,8.115539
1585732751743,4.294326,3.1350107,8.391018
1585732751763,4.1913204,3.2931123,8.309572
1585732751786,4.1673656,3.5494285,8.371855
1585732751794,4.450032,3.6859708,9.567198
1585732751813,4.574597,3.6787844,10.37208
1585732751833,4.095501,3.9566598,10.453526
1585732751856,3.6571288,4.1794395,10.891897
1585732751873,3.3361344,4.5028296,11.030836
1585732751891,3.13731,4.6226034,10.479876
1585732751913,2.722892,4.5627165,9.75165
1585732751932,2.0353897,3.9710329,9.483356
1585732751954,0.5717523,3.731485,8.836577
1585732751972,1.2927914,3.7506487,7.8041263
1585732751993,3.537355,3.5733833,7.533437
1585732752012,3.5301683,3.4943326,8.779086
1585732752037,1.9611299,3.2739484,10.39843
1585732752053,1.2640457,2.6391468,11.162587
1585732752073,1.2400908,2.1911922,10.685886
1585732752090,1.1251078,2.0929775,9.351604
1585732752111,0.70110816,2.0450683,8.534747
1585732752131,0.16931194,2.15526,8.5323515
1585732752156,0.21003506,2.224729,8.712012
1585732752172,0.46874672,2.3229437,8.417369
1585732752189,0.49270153,2.5337458,7.9694138
1585732752209,0.2172215,3.0391917,8.15147
1585732752229,0.24836272,3.2140617,8.970724
1585732752255,0.32262254,3.2835302,10.091808
1585732752274,0.5645659,3.367372,10.470294
1585732752307,0.9071193,3.7626262,9.976826
1585732752321,1.1083395,4.018943,9.713323
1585732752339,1.1873903,4.23214,10.230745
1585732752361,1.321537,4.3902416,10.896688
1585732752380,1.7982373,4.6154165,11.629705
1585732752407,2.3276381,4.572298,12.23097
1585732752419,2.377943,4.545948,11.703965
1585732752438,2.1264179,4.7088404,10.249909
1585732752459,1.7694917,4.6106257,9.088102
1585732752481,1.3694466,4.2393265,8.587447
1585732752504,0.91430575,4.169858,8.60182
1585732752517,0.84244144,3.9566598,9.02582
1585732752537,0.9622153,3.68118,9.445029
1585732752547,0.6747579,3.5781744,9.0737295
1585732752567,0.40167335,3.6907618,8.132307
1585732752587,0.29627228,3.8967729,6.862703
1585732752606,-0.046281137,4.23214,5.9739804
1585732752627,-0.75294733,4.7064447,5.906907
1585732752646,-0.8679303,4.8789196,7.0064316
1585732752670,-0.6092186,4.790287,8.388622
1585732752687,-0.3193657,4.7807045,8.474859
1585732752706,-0.22115107,5.123258,7.6220694
1585732752726,-0.19719627,5.2813597,7.531041
1585732752747,-0.51579493,5.2813597,8.27364
1585732752769,-0.93021274,5.128049,8.316758
1585732752796,-0.9900997,5.226264,7.3705444
1585732752815,-0.6188005,5.331665,6.8674936
1585732752835,-0.54933167,5.1831455,7.3298216
1585732752855,-1.061964,5.2693825,7.6556063
1585732752876,-1.181738,5.331665,8.029302
1585732752894,-0.9493766,5.391552,8.288013
1585732752915,-0.76971567,5.501744,8.204171
1585732752936,-0.84397554,5.712546,7.978996
1585732752955,-0.62598693,5.8347154,8.438929
1585732752975,-0.33373857,5.686196,8.872509
1585732752995,-0.4774673,5.7317095,8.532352
1585732753014,-0.45111704,5.83232,8.019719
1585732753035,-0.23791942,5.849088,7.4304314
1585732753045,-0.19240533,5.95928,6.838748
1585732753064,-0.19240533,6.0071898,6.817189
1585732753085,-0.35769337,6.057495,7.169324
1585732753104,-0.41518486,5.892207,7.617279
1585732753124,-0.31936568,5.8946023,8.067629
1585732753144,-0.04388566,5.846693,8.062838
1585732753163,0.28189942,6.019167,8.129911
1585732753184,0.48791057,6.2323647,7.856827
1585732753203,0.6675714,6.380884,7.4711547
1585732753224,0.6076845,6.5246134,7.4472
1585732753249,0.54540205,6.5821047,7.8184986
1585732753264,0.54779756,6.462331,8.199381
1585732753300,0.63163924,6.392862,7.8640127
1585732753313,0.85441875,6.3856754,7.6603975
1585732753333,0.8280685,6.229969,7.3513803
1585732753352,0.49988794,6.2778788,7.222025
1585732753373,0.71787655,6.124568,7.078296
1585732753393,0.58133423,6.1988277,6.9609175
1585732753412,0.31304064,6.275483,6.9130077
1585732753432,0.061515402,6.285065,6.953731
1585732753452,-0.41997582,6.4647264,7.202861
1585732753472,-0.11095907,6.48389,7.5933237
1585732753489,0.1405662,6.565336,7.2962847
1585732753512,-0.07023592,6.802489,6.771675
1585732753533,-0.3289476,7.068387,6.508172
1585732753549,-0.1516822,6.85998,6.292579
1585732753571,0.2723175,6.955799,6.6638784
1585732753592,0.67954886,6.6300144,6.57285
1585732753610,0.45437387,6.802489,6.639923
1585732753630,1.1514581,6.574918,7.62207
1585732753649,1.1825993,6.565336,7.962228
1585732753670,1.050848,6.486285,7.5022955
1585732753689,1.5395257,6.7210426,7.1453695
1585732753709,1.3287235,6.8456073,7.1597424
1585732753729,0.98137915,6.8935165,7.37294
1585732753748,1.1370852,6.8168616,7.9167137
1585732753768,1.1298988,6.754579,7.9670186
1585732753788,1.3694468,6.8024883,7.4639683
1585732753799,1.1538537,6.7617655,6.8603077
1585732753819,1.3670511,6.836025,7.1932793
1585732753837,1.3383055,6.5126357,8.074815
1585732753859,1.3071642,6.4383755,8.010138
1585732753878,1.5419211,6.0023985,6.484217
1585732753899,0.6579895,6.627619,5.286478
1585732753923,0.9478425,6.613246,4.9008064
1585732753937,1.4173563,6.184455,5.140354
1585732753961,0.4543739,6.7162514,5.54519
1585732753978,0.30106324,7.401358,6.9920588
1585732753996,1.2808139,6.4814944,8.568283
1585732754019,0.940656,5.9377213,8.3407135
1585732754046,2.1623502,6.222783,7.4615726
1585732754065,3.103773,6.3162065,7.483132
1585732754086,2.96244,6.0694723,6.891449
1585732754106,2.116836,6.1988277,5.7631783
1585732754126,1.5083845,6.2203875,4.606162
1585732754149,1.3095597,5.7173367,4.3929644
1585732754166,1.0125203,5.5855856,4.625326
1585732754186,0.59331167,4.9196424,4.6636534
1585732754205,0.6987127,3.8991685,3.9977107
1585732754230,0.8759781,4.0093603,4.0120835
1585732754246,1.1227124,4.4932475,4.57023
1585732754269,1.8126103,3.326649,5.2840824
1585732754284,2.483344,3.0080504,5.5691442
1585732754296,3.4535131,3.3338356,5.5092573
1585732754316,4.4931507,3.0847058,5.7032914
1585732754336,5.700472,3.1972933,5.2433596
1585732754354,7.2287874,3.6452475,3.8324227
1585732754375,8.3905945,4.277654,4.0288515
1585732754395,7.9162893,4.914851,5.631427
1585732754417,7.7054873,4.6633263,7.8304763
1585732754434,8.713984,3.7290893,8.525166
1585732754455,8.831362,3.6811798,8.000555
1585732754481,7.9498262,3.5973382,6.786048
1585732754713,10.914949,-1.2650043,0.941559
1585732754911,8.257884,-4.8304343,3.964653
1585732755112,8.695779,-6.9058776,6.591056
1585732755307,4.457698,-8.624873,6.25473
1585732755507,6.4047422,-6.6692038,6.706997
1585732755709,8.687155,-3.3988965,-0.42865452
1585732755907,8.640683,-2.9686685,-2.49739
1585732756125,9.308063,-0.53725785,-2.877792
1585732756324,6.5460763,0.65569055,-3.2912514
1585732756516,11.295351,-3.9220688,-4.0831966
1585732756702,9.519823,-2.4766374,-2.683758
1585732756902,8.44042,-1.574021,-3.315206
1585732757119,6.84599,-6.127347,-5.15685
1585732757314,6.8857546,-5.7565265,-4.365863
1585732757523,3.7812142,-6.7257376,-5.2033224
1585732757716,3.2752895,-5.974515,-5.71308
1585732757918,2.502508,-10.605933,-7.002806
1585732758097,1.7536815,-6.095726,-7.317572
1585732758298,-1.5908859,-3.721328,-8.815702
1585732758492,-3.3611443,-0.40933925,-8.073106
1585732758713,-4.0074444,1.8586998,-7.815831
1585732758911,-4.430007,0.83822596,-7.7118673
1585732759091,-3.234663,0.3960206,-9.070104
1585732759283,-1.5832202,-1.12942,-9.26318
1585732759482,-0.6039485,-3.607303,-9.592318
1585732759705,-0.35481876,-5.1653223,-8.533038
1585732759905,0.6958381,-5.5481195,-8.178507
1585732760103,0.87933177,-5.761796,-7.843619
1585732760277,1.2678784,-5.390976,-8.03861
1585732760480,0.755246,-4.823248,-9.028902
1585732760700,-0.16078503,-3.4583042,-9.192273
1585732760899,-2.2400603,-1.9275936,-9.235872
1585732761098,-3.618898,0.26139468,-8.017051
1585732761293,-3.6802223,1.0619637,-8.365832
1585732761490,-3.3712056,0.6705424,-8.412306
1585732761672,-1.862533,-1.5476706,-8.744797
1585732761868,-0.6408389,-4.898945,-8.676766
1585732762086,0.9143057,-7.506663,-8.17707
1585732762284,0.8687916,-6.1383657,-6.793921
1585732762487,0.9248458,-6.62848,-8.046755
1585732762663,-0.16413869,-5.2022123,-9.073458
1585732762859,-1.9760786,-2.3338666,-8.291574
1585732763078,-2.4623609,-0.26944333,-7.3568583
1585732763279,-1.8615749,-2.9236336,-9.081123
1585732763478,-0.5550808,-5.5035634,-9.629687
1585732763679,-1.2009017,-4.7451553,-8.855469
1585732763877,-1.5228541,-2.872849,-8.29301
1585732764059,-1.1285583,-2.7593036,-8.824328
1585732764255,-0.66527283,-4.6028643,-8.673892
1585732764449,0.05193348,-5.5366216,-8.827682
1585732764670,0.60337263,-4.613883,-9.401638
1585732764873,-0.65185815,-3.166535,-9.442842
1585732765051,-2.1241193,-0.58660465,-8.019926
1585732765246,-2.5854886,-0.53486234,-8.241747
1585732765446,-2.01249,-2.5508971,-8.868883
1585732765663,-0.26091605,-4.47782,-9.674244
1585732765863,-0.7285134,-4.6785607,-9.305341
1585732766041,-1.5161468,-3.4036872,-9.175984
1585732766244,-1.8433691,-1.2851263,-8.912003
1585732766435,-3.234663,0.13635075,-8.924937
1585732766635,-2.893547,0.4108726,-9.305819
1585732766837,-3.2480779,0.407998,-9.357081
1585732767058,-3.5269115,0.60299003,-7.9447083
1585732767253,-4.021817,-0.84579545,-9.250722
1585732767451,-4.011756,-1.2448822,-8.679163
1585732767635,-3.5182877,-1.4930538,-9.382954
1585732767831,-3.5949433,-0.19326706,-8.921105
1585732768050,-3.818681,-0.0021079034,-8.946978
1585732768252,-3.6299171,-0.19518349,-9.0456705
1585732768446,-3.610274,-0.22824109,-9.025068
1585732768627,-3.6045246,-0.047622,-8.980034
1585732768822,-3.713759,-0.030374551,-9.018841
1585732769042,-3.7731667,-0.28094158,-8.934041
1585732769240,-4.1727324,-0.3015427,-8.736654
1585732769441,-3.9782195,0.28295404,-8.858822
1585732769640,-3.964805,0.50669175,-8.9824295
1585732769836,-4.0036116,0.7361785,-8.667185
1585732770022,-4.006486,0.6068228,-8.847324
1585732770216,-3.7832274,0.858348,-8.941227
1585732770414,-3.8464684,0.898592,-8.905774
