1585709930621,274.56854,335.0247,13.230832
1585709930820,276.805,334.15277,23.632057
1585709931019,265.238,341.75842,20.226576
1585709931219,263.11508,340.82092,14.465697
1585709931419,258.48062,345.73355,7.9545946
1585709931621,255.1452,350.26724,351.66394
1585709931822,251.47484,346.17487,321.1298
1585709931948,253.5361,1.3526227,321.613
1585709932145,279.93674,40.12837,275.71613
1585709932346,272.0132,31.036701,277.27042
1585709932566,287.1091,67.29852,268.17218
1585709932742,244.67645,64.4612,309.99927
1585709932939,244.54959,58.454514,306.59204
1585709933137,268.6048,50.565685,273.098
1585709933336,272.88998,30.898188,270.40506
1585709933536,270.638,37.245525,265.93842
1585709933734,284.70685,16.455221,283.53143
1585709933932,147.03319,65.40241,0.16166097
1585709934129,262.58154,42.336792,293.41388
1585709934330,273.1889,56.80292,269.6433
1585709934529,308.0972,21.633093,270.39575
1585709934728,307.7163,34.746883,274.87662
1585709934925,322.16107,20.57399,271.84064
1585709935131,331.77505,0.6288867,270.03003
1585709935326,332.7131,22.627094,275.35046
1585709935525,336.1487,22.746267,267.56235
1585709935727,331.71185,33.64202,244.8094
1585709935961,311.26758,56.3021,256.53198
1585709936158,209.86891,84.188705,303.8996
1585709936358,158.05464,83.09204,3.130595
1585709936556,215.9688,80.66321,344.45273
1585709936756,221.66685,80.785095,356.2314
1585709936954,281.93433,78.88626,314.40347
1585709937157,319.428,82.19262,271.2558
1585709937351,31.271397,73.89693,190.20392
1585709937550,60.39547,33.493263,125.07183
1585709937753,46.422256,1.2036347,119.94943
1585709937949,41.66844,344.05566,122.145226
1585709938145,45.681644,0.761794,126.45743
1585709938345,61.380695,28.423233,127.12971
1585709938548,69.3587,35.860153,119.34125
1585709938744,58.077824,27.512234,133.99551
1585709938945,53.491257,24.997173,125.51769
1585709939142,56.785805,28.3759,144.1283
1585709939338,54.76595,32.561855,146.36485
1585709939537,38.886578,23.731768,127.50337
1585709939738,34.521854,19.187092,128.43039
1585709939935,34.4489,18.27557,128.46236
1585709940138,33.80395,17.393064,128.3834
1585709940330,32.985073,16.976051,128.38489
1585709940530,33.411564,17.197039,130.77472
1585709940728,34.77762,18.075457,132.37975
1585709940927,34.40151,18.999434,130.96785
1585709941127,35.759037,19.867727,132.72124
1585709941329,35.43335,19.39097,133.29048
1585709941526,35.123093,19.666079,133.44896
1585709941723,34.965073,20.191402,132.96489
1585709941961,34.892273,20.8675,132.97662
1585709942161,35.426903,22.547556,133.40254
1585709942362,35.43699,23.493364,133.20699
1585709942559,35.650726,23.70218,134.73642
1585709942759,32.941196,20.518051,133.5089
1585709942952,33.158634,17.892435,137.49919
1585709943153,34.83645,19.442602,139.64032
1585709943355,35.57329,20.371641,140.5624
1585709943548,38.723896,24.759663,140.81633
1585709943751,45.883755,31.96486,144.20743
1585709943948,51.41433,37.37584,146.40215
1585709944149,57.379177,41.71212,146.48578
1585709944344,60.61674,44.303493,150.88055
1585709944542,66.33477,45.407467,144.4634
1585709944741,58.872814,33.39065,141.31076
1585709944942,53.67419,22.277838,135.01047
1585709945138,64.83327,27.749323,142.75891
1585709945336,71.725426,29.76047,147.31891
1585709945539,86.72348,37.460773,143.61285
1585709945737,98.67172,42.843815,142.20195
1585709945938,108.13819,47.14203,141.0498
1585709946135,117.78533,46.401917,134.61308
1585709946333,106.398155,40.49037,142.45299
1585709946529,112.19433,38.99467,136.60135
1585709946733,103.295746,39.17252,148.18478
1585709946930,109.83879,43.419132,146.99191
1585709947127,110.54763,45.125256,149.33565
1585709947326,130.07451,50.253437,136.8959
1585709947524,124.53451,44.171658,138.12852
1585709947720,122.19188,33.725075,131.55582
1585709947965,101.67731,19.756277,128.45244
1585709948161,109.457954,29.576239,138.31238
1585709948359,108.20542,37.160217,148.94771
1585709948559,117.10668,40.88084,142.87117
1585709948759,114.98109,45.347103,148.92052
1585709948957,116.56301,39.79519,143.26736
1585709949151,120.42294,30.466148,130.70601
1585709949350,115.112045,33.198273,137.36229
1585709949554,122.01527,45.30866,141.59926
1585709949753,121.010475,48.661793,144.81067
1585709949952,124.82169,50.487495,142.7806
1585709950150,108.517715,47.73386,157.68533
1585709950347,119.9564,46.918175,147.23773
1585709950542,116.25392,48.97418,155.4549
1585709950743,123.908104,46.744343,150.83241
1585709950939,113.30474,43.001163,163.15521
1585709951143,114.46014,39.315723,164.15762
1585709951340,121.3351,38.32632,160.65761
1585709951538,127.71372,36.691708,155.97762
1585709951734,124.28099,25.209963,150.18077
1585709951937,121.65042,21.115335,149.23444
1585709952135,110.27935,8.92062,142.87387
1585709952331,99.65508,1.6177939,142.25014
1585709952532,84.00782,350.59293,141.27734
1585709952729,77.417076,342.6836,144.58127
1585709952927,91.06443,350.54532,146.61533
1585709953128,102.67375,359.74323,146.22868
1585709953325,117.06034,19.404121,151.09377
1585709953521,123.08677,31.854172,151.1271
1585709953724,123.219246,40.96005,154.84111
1585709953966,115.134575,40.560253,161.9679
1585709954159,111.05604,33.991325,158.66612
1585709954359,106.438385,24.432108,148.18161
1585709954562,85.37116,11.314652,145.94545
1585709954755,65.68817,358.93054,141.8123
1585709954957,55.815582,347.54108,141.04926
1585709955153,65.368576,347.22308,143.40866
1585709955357,90.081566,0.04716875,138.12363
1585709955556,113.91703,15.254958,143.18073
1585709955752,120.9534,37.959343,156.26587
1585709955949,121.05243,37.959343,156.26587
1585709956153,117.45458,47.643154,164.25795
1585709956347,121.472946,38.00799,152.30307
1585709956544,118.55179,38.00799,152.30307
1585709956741,93.12719,11.720441,144.72244
1585709956944,78.0273,3.6756587,137.75702
1585709957142,54.8486,348.16144,135.27338
1585709957340,65.18758,350.41782,140.00867
1585709957542,95.07831,12.516346,149.79964
1585709957741,115.74672,40.944275,153.33212
1585709957931,117.77267,48.30051,156.26883
1585709958138,108.91089,34.238277,158.79703
1585709958335,107.43156,22.784801,149.06866
1585709958531,88.99216,3.9301548,142.92844
1585709958734,63.856873,346.85187,136.7412
1585709958926,63.791153,346.85187,136.7412
1585709959129,99.40956,13.193039,145.45392
1585709959329,113.34663,32.304314,150.61833
1585709959523,112.22033,32.304314,150.61833
1585709959724,107.2439,40.115055,159.08269
1585709959962,102.35025,30.529095,152.19566
1585709960159,87.49169,15.79667,144.96696
1585709960357,84.81679,22.167997,149.51535
1585709960556,86.83396,33.305805,151.40404
1585709960751,84.59617,39.821537,156.86736
1585709960954,80.72842,40.47466,158.84679
1585709961151,72.30676,30.41236,151.79636
1585709961351,54.6555,10.265807,143.71167
1585709961549,42.629665,350.93222,139.91116
1585709961757,43.93685,344.93216,142.29764
1585709961954,61.572685,3.7109025,145.18364
1585709962154,89.90424,27.012022,149.89792
1585709962345,101.430016,39.43938,153.83495
1585709962542,120.54236,47.598732,140.62741
1585709962741,110.49938,45.661068,146.1821
1585709962943,84.31666,42.054646,171.53113
1585709963139,97.1575,50.06652,157.05092
1585709963340,76.546165,36.504032,165.76732
1585709963535,68.89873,26.458687,156.86026
1585709963737,59.017323,14.694819,148.295
1585709963932,45.41986,354.47238,143.2613
1585709964134,45.547585,344.19592,143.2844
1585709964333,65.3922,353.8511,149.16379
1585709964529,97.314705,13.235127,150.71094
1585709964726,117.709404,31.24145,153.62674
1585709964924,120.91686,42.12073,159.47978
1585709965131,120.21908,40.105156,159.41154
1585709965324,120.60274,32.069275,152.91269
1585709965527,112.54171,19.799145,148.5939
1585709965765,91.91303,2.846513,143.00998
1585709965964,66.86648,344.50235,142.5599
1585709966163,77.89481,348.5234,145.86235
1585709966362,106.07984,11.327871,152.90738
1585709966558,123.49624,31.886017,150.28325
1585709966759,123.652664,42.76642,155.47952
1585709966952,121.72808,40.873642,155.85739
1585709967154,116.43102,29.393627,153.75429
1585709967357,105.753395,12.951077,147.21028
1585709967552,80.50103,353.0962,142.90398
1585709967752,77.09424,350.02637,142.06024
1585709967951,76.10734,346.90567,140.25296
1585709968150,90.24958,352.5131,145.3528
1585709968349,116.21949,15.725334,148.75603
1585709968547,124.33902,33.975372,154.54948
1585709968745,123.67474,44.652905,160.49794
1585709968944,122.39313,42.50111,161.03365
1585709969138,121.36929,31.139936,155.64914
1585709969338,114.49116,16.106459,149.1691
1585709969538,87.18178,354.1234,143.17017
1585709969737,71.837494,344.58496,139.1523
1585709969934,92.78892,354.69244,146.54082
1585709970129,121.11171,19.16073,148.08434
1585709970335,126.27876,35.632317,154.62395
1585709970534,128.23181,43.177933,156.01927
1585709970729,122.793015,40.12892,160.73738
1585709970927,120.680756,29.589506,155.87952
1585709971131,113.65188,14.845537,148.2886
1585709971329,82.17986,351.40097,144.30267
1585709971524,70.593956,342.25092,142.89807
1585709971765,93.75455,354.66833,147.37628
1585709971961,119.60563,17.834295,149.66335
1585709972159,126.73534,34.289948,153.46487
1585709972358,122.25608,42.92142,162.80515
1585709972559,123.13391,39.778934,160.18576
1585709972758,120.31441,29.928984,156.96472
1585709972955,111.488396,13.175442,147.8986
1585709973155,83.70707,354.66074,142.10956
1585709973348,71.055954,344.90652,144.00726
1585709973552,83.87826,351.40085,145.56516
1585709973752,109.98384,9.707764,148.8605
1585709973951,125.29804,29.217455,150.83714
1585709974147,122.68808,42.113155,161.11678
1585709974346,123.65486,42.587513,159.79381
1585709974546,120.696754,34.555153,158.38773
1585709974742,117.56448,20.60042,149.96735
1585709974941,101.968666,4.371156,143.81468
1585709975140,72.82494,343.67657,143.81352
1585709975341,79.951546,345.53345,143.39342
1585709975539,110.66283,5.3349185,149.04877
1585709975735,128.49074,26.869986,149.87862
1585709975937,129.31064,40.168972,156.14038
1585709976131,128.13654,42.272774,158.51233
1585709976337,124.44347,33.50165,158.20178
1585709976529,122.00692,20.334293,149.81909
1585709976731,102.3694,0.11771104,142.80377
1585709976929,77.04859,343.10208,142.26503
1585709977127,89.513,348.46716,144.81952
1585709977321,118.714165,9.8911295,147.78781
1585709977521,130.59712,29.079172,151.7402
1585709977762,129.09517,40.610523,159.28717
1585709977962,129.65002,41.69206,159.55272
1585709978159,127.595924,31.819628,157.59706
1585709978360,124.56317,15.588228,148.24025
1585709978555,99.94475,354.97852,142.67094
1585709978755,86.04273,346.86044,145.46584
1585709978952,103.143715,359.63547,146.35953
1585709979153,118.82495,18.538929,149.18605
1585709979355,122.396866,32.541466,153.80667
1585709979551,120.1201,33.723938,155.26012
1585709979747,112.93537,20.917757,152.61206
1585709979950,100.83727,10.604956,154.1989
1585709980148,105.53479,19.46088,152.80095
1585709980344,108.27826,30.810043,158.9971
1585709980542,108.34566,31.033752,159.11293
1585709980744,105.21167,21.416002,155.87903
1585709980940,97.68926,9.005516,152.56772
1585709981141,106.75249,15.269924,149.93909
1585709981339,115.65484,29.099707,154.45633
1585709981535,112.79968,29.121836,158.37746
1585709981735,106.9755,15.673498,154.36743
1585709981937,89.511406,355.56863,148.98706
1585709982136,102.96031,4.849754,149.52942
1585709982334,116.8132,19.78422,151.9204
1585709982527,121.71426,34.94771,159.07521
1585709982729,129.44084,41.598103,156.09082
1585709982923,124.230896,42.144974,162.87846
1585709983122,122.95847,36.143867,161.28784
1585709983324,117.23897,25.796227,158.43634
1585709983561,110.92994,13.770543,149.67021
1585709983760,73.64645,348.04105,145.71191
1585709983963,79.88874,347.11462,146.6885
1585709984161,103.463005,358.1442,150.00235
1585709984358,123.68525,18.813547,153.79741
1585709984560,132.99919,35.980606,151.64093
1585709984756,132.71623,43.71836,152.37743
1585709984953,130.2168,43.71836,152.37743
1585709985157,121.60841,37.414238,156.6797
1585709985347,119.44499,37.414238,156.6797
1585709985550,104.27713,15.284181,147.86134
1585709985753,101.05703,16.742826,150.07864
1585709985950,97.86889,16.742826,150.07864
1585709986143,109.782745,31.83849,154.24449
1585709986345,114.23063,39.06282,157.5916
1585709986545,113.27712,35.42255,159.15982
1585709986743,110.99642,22.069113,152.2806
1585709986941,84.10417,355.06628,139.59685
1585709987139,84.60686,351.34164,143.97878
1585709987341,84.9508,349.3648,143.2115
1585709987538,101.81971,0.124942705,146.6341
1585709987739,116.17144,12.3416815,147.91197
1585709987932,123.36927,29.197287,155.34198
1585709988133,128.99965,39.274834,153.95992
1585709988336,121.53626,42.999683,164.67886
1585709988533,121.68339,42.999683,164.67886
1585709988730,123.47243,31.61129,154.51694
1585709988930,113.705795,17.258924,148.1396
1585709989128,114.28187,17.258924,148.1396
1585709989320,103.10911,4.5424333,142.86578
1585709989560,73.38456,343.4334,142.34784
1585709989763,97.25264,353.63962,147.2655
1585709989957,119.64095,11.46996,148.71278
1585709990160,128.70148,27.931087,152.3802
1585709990359,128.14818,38.86662,159.51653
1585709990558,130.09038,42.925285,160.24576
1585709990757,128.85318,36.460865,160.53494
1585709990955,126.71706,25.472649,156.88852
1585709991148,124.04777,15.251669,149.78378
1585709991352,101.20454,357.80646,144.11751
1585709991549,71.61879,342.8672,139.9053
1585709991748,91.666504,348.18777,145.99165
1585709991950,121.73487,7.8141794,148.97298
1585709992147,132.62224,25.729038,151.61034
1585710259217,95.50998,352.6084,358.3616
1585710259419,94.8848,352.49246,358.87076
1585710259619,93.1387,351.34854,359.63205
1585710259735,93.68643,351.56363,1.654975
1585710260020,93.83881,351.24948,2.2551708
1585710260131,94.10131,351.34018,2.5060961
1585710260420,93.44017,350.90457,2.7785258
1585710260528,93.815186,351.25684,3.5104399
1585710260820,94.0023,351.47562,4.0493994
1585710260927,95.68446,352.24313,4.75097
1585710261221,96.60361,352.85144,5.1694856
1585710261323,96.55343,352.85144,5.1694856
1585710261621,96.7725,353.2701,6.3348794
1585710261822,96.06653,352.83292,7.196027
1585710262024,93.27879,350.5134,4.4204597
1585710262221,94.341644,351.24774,6.080117
1585710262419,95.52948,352.47372,6.5038366
1585710262619,93.05484,350.98303,5.8406157
1585710262821,95.759544,353.86978,9.366416
1585710263025,96.28046,354.7236,4.937699
1585710263222,93.755135,352.89835,5.449663
1585710263421,88.86078,351.0108,354.3463
1585710263625,83.398285,345.1822,4.4074535
1585710263825,93.00317,352.52335,16.693268
1585710264022,91.91996,351.51596,12.404914
1585710264219,89.6361,349.05908,9.226463
1585710264420,88.03134,346.99402,7.771385
1585710264621,90.94769,348.48236,10.657642
1585710264821,90.32987,348.24115,6.861831
1585710265021,91.50225,348.22906,6.526495
1585710265222,92.84927,348.51895,7.3545737
1585710265422,93.0566,348.1514,7.3923745
1585710265623,91.51826,345.99893,6.3034134
1585710265819,92.54491,346.20908,6.3868465
1585710266019,93.23805,346.51047,5.7843323
1585710266221,93.86529,346.92184,6.3524547
1585710266409,94.96927,347.24097,5.8812885
1585710266524,95.5146,347.4393,5.9838614
1585710266807,95.97433,347.3838,6.0101748
1585710266925,96.19079,347.25436,5.605481
1585710267201,96.49143,347.34973,5.862744
1585710267325,97.021515,347.34973,5.862744
1585710267521,96.09939,345.6109,5.5564413
1585710267719,93.38431,341.56052,6.0994644
1585710267920,93.964226,341.69696,6.4865556
1585710268118,95.388214,342.12177,8.222051
1585710268320,95.18429,340.62943,11.71092
1585710268519,98.65088,340.76895,22.951536
1585710268724,96.63898,338.50385,20.062202
1585710268922,96.26939,339.59933,14.559465
1585710269120,92.812614,338.25986,10.435412
1585710269324,95.03584,341.4415,9.194003
1585710269525,98.1886,344.16064,9.366182
1585710269725,96.841095,344.27313,10.1877
1585710269926,94.88908,345.7053,11.798499
1585710270123,102.63221,356.69562,6.1666923
1585710270325,102.81902,359.36966,2.104279
1585710270525,98.623184,357.53122,358.9114
1585710270720,92.72447,354.09717,3.0806167
1585710270920,92.17901,354.50613,2.3633847
1585710271119,89.19018,352.69202,3.4353137
1585710271319,89.96318,353.457,2.8856955
1585710271521,92.17681,353.53635,1.6446573
1585710271721,93.21766,352.89468,2.3285503
1585710271921,94.50278,352.76865,1.3521639
1585710272219,95.25411,353.08215,1.2743201
1585710272324,96.60394,354.06216,1.3609064
1585710272621,95.89606,353.57718,0.004478806
1585710272822,95.60387,353.33078,359.84735
1585710272959,95.72498,353.33078,359.84735
1585710273220,97.02513,354.63394,358.68085
1585710273353,96.47936,354.63394,358.68085
1585710273622,95.956894,354.71344,358.69537
1585710273752,95.70165,354.71344,358.69537
1585710274022,95.70503,355.24713,359.005
1585710274148,95.49063,355.24713,359.005
1585710274423,95.23509,355.09058,358.43747
1585710274547,94.67685,355.029,358.41547
1585710274822,94.507095,355.5221,358.95197
1585710274943,94.12593,355.5221,358.95197
1585710275221,94.03711,355.54425,359.47675
1585710275339,93.9965,355.55585,0.060134586
1585710275622,93.640915,355.40958,0.13798904
1585710275739,93.72847,355.47485,359.68875
1585710276022,92.954384,355.05313,358.99005
1585710276135,92.470825,355.05313,358.99005
1585710276422,92.891396,355.58426,358.73038
1585710276532,92.92526,355.58426,358.73038
1585710276822,93.13379,355.93765,358.1784
1585710276929,92.67947,355.93765,358.1784
1585710277221,93.11088,356.61768,359.19077
1585710277322,92.581566,356.61768,359.19077
1585710277622,90.49957,354.76572,0.3179164
1585710277723,90.86737,354.76572,0.3179164
1585710278022,91.1774,354.83044,359.3202
1585710278222,91.2161,354.4612,359.25272
1585710278360,91.39878,354.2925,359.20367
1585710278618,91.28077,353.74402,359.3115
1585710278754,91.95432,354.62433,359.2016
1585710278920,92.13558,354.62433,359.2016
1585710279118,92.47872,354.59796,359.1309
1585710279319,92.47782,355.00024,358.94363
1585710279518,93.00848,355.85153,359.59308
1585710279720,91.93633,355.37997,359.49426
1585710280022,91.36549,355.45923,0.6957272
1585710280149,84.07717,350.10626,358.9399
1585710280342,84.87502,351.31668,358.076
1585710280539,82.193054,344.41687,8.924702
1585710280746,79.22658,344.74057,357.17065
1585710280939,81.75019,344.74057,357.17065
1585710281155,226.63545,21.880016,285.24622
1585710281358,185.79893,39.112644,295.69873
1585710281536,130.34103,45.934444,315.41794
1585710281735,31.191875,21.343548,289.5277
1585710281930,50.209858,32.034103,287.395
1585710282131,27.57678,33.75759,264.43176
1585710282330,37.82281,25.254526,289.43958
1585710282526,58.183403,54.3733,261.1945
1585710282728,44.1997,46.395016,272.00412
1585710282926,50.41255,55.650238,292.24002
1585710283128,29.529217,25.754375,278.1557
1585710283324,44.242115,48.752464,272.1546
1585710283521,41.468857,48.752464,272.1546
1585710283764,57.093353,61.287846,253.16121
1585710283963,45.494427,55.342163,257.22473
1585710284158,98.292816,75.64225,220.109
1585710284355,95.33278,74.18027,197.14374
1585710284556,234.22388,69.573685,119.166626
1585710284759,151.90776,68.14187,135.08054
1585710284955,55.205975,79.08524,232.2015
1585710285156,128.53839,79.53262,155.83063
1585710285349,86.81849,47.8926,153.6638
1585710285548,73.70862,32.53463,143.4486
1585710285746,76.15729,32.101868,153.74377
1585710285948,75.75866,29.347225,153.6854
1585710286149,73.14887,30.92336,166.82594
1585710286348,74.80323,39.229736,176.19412
1585710286546,72.30769,42.53749,186.4622
1585710286745,78.323555,51.959827,189.1188
1585710286939,75.55172,51.551426,194.63054
1585710287140,77.53625,51.603806,192.7625
1585710287341,86.38966,49.547546,178.6825
1585710287535,77.98293,35.005566,162.877
1585710287734,67.8228,27.568426,168.5049
1585710287939,72.33121,33.396267,178.01222
1585710288136,73.904686,36.673264,183.6115
1585710288332,74.78347,40.57704,189.41054
1585710288532,77.50208,46.28037,193.2252
1585710288726,75.980354,49.635166,201.23276
1585710288931,77.95326,45.916256,194.81784
1585710289128,69.428505,38.03129,201.04906
1585710289322,68.77501,34.526417,196.56099
1585710289520,75.521965,37.834454,188.39337
1585710289765,70.429344,31.276888,184.35986
1585710289964,69.39499,27.501993,174.87897
1585710290161,59.201008,18.036983,165.73172
1585710290361,51.314785,9.609479,160.77979
1585710290561,49.694546,5.0188384,157.67375
1585710290757,56.205967,3.5638752,161.94887
1585710290954,72.904655,12.745399,168.004
1585710291157,82.82935,22.278885,184.24324
1585710291354,90.944405,33.98979,189.3097
1585710291550,93.85863,39.644714,190.37448
1585710291749,91.619736,41.090603,193.3504
1585710291954,87.14876,37.3608,193.53624
1585710292144,84.91973,34.89596,190.48514
1585710292353,76.12528,25.796263,182.31207
1585710292549,70.22148,21.130709,169.4502
1585710292746,55.67653,11.988893,159.6577
1585710292948,44.540504,0.93163896,156.98633
1585710293144,60.57565,4.689616,164.16582
1585710293338,87.6397,20.97254,172.65271
1585710293537,96.21851,32.226505,182.95801
1585710293734,95.973236,38.666664,190.92047
1585710293931,93.75488,40.692318,194.59831
1585710294133,91.69075,37.213253,192.22012
1585710294332,88.29103,30.872318,185.70615
1585710294528,81.85835,23.946426,172.63176
1585710294731,52.89287,9.540185,156.54095
1585710294932,50.434685,4.538202,156.10664
1585710295130,67.43184,10.53859,164.62282
1585710295325,84.43767,24.03128,180.79327
1585710295527,106.79914,41.577454,174.89554
1585710295766,91.160065,40.143726,194.53796
1585710295958,93.36475,35.3042,184.94696
1585710296157,89.12838,26.933176,180.42212
1585710296360,67.55675,9.401772,163.1404
1585710296558,50.972775,2.663596,155.88959
1585710296754,58.157497,4.1525126,159.63548
1585710296958,86.912254,20.966843,175.75961
1585710297153,100.70266,39.196854,185.5657
1585710297350,93.5854,36.86587,192.58336
1585710297545,97.2225,39.96474,189.79031
1585710297749,92.22273,25.329216,172.85106
1585710297950,78.390434,14.76107,161.49245
1585710298148,40.14494,357.78693,148.6067
1585710298346,64.05117,6.9639697,161.08664
1585710298545,87.182945,26.82811,174.56326
1585710298742,89.346146,38.17831,187.52287
1585710298940,86.58211,39.776237,191.56544
1585710299142,83.93782,31.42288,183.15631
1585710299341,84.430664,29.122034,174.17592
1585710299539,40.023487,0.6498528,151.8605
1585710299735,46.688988,3.5343814,157.58528
1585710299936,71.453766,18.885061,173.60962
1585710300130,86.70709,34.147705,182.04065
1585710300330,85.001236,39.89518,194.90485
1585710300528,87.69504,36.09785,186.5157
1585710300727,84.10584,26.640291,176.5013
1585710300924,63.556946,9.681874,158.5524
1585710301128,43.26674,0.17461503,150.71791
1585710301325,67.04201,11.487663,167.74367
1585710301564,83.27033,29.709206,182.12663
1585710301761,85.44163,37.415363,190.2623
1585710301958,83.76038,34.716408,190.1697
1585710302160,87.36916,31.517164,179.31212
1585710302357,66.83893,11.450688,158.33035
1585710302557,44.44851,358.95807,153.14256
1585710302755,70.96829,15.91982,169.19234
1585710302951,87.00202,34.08131,180.56903
1585710303152,83.37898,37.03623,191.3651
1585710303352,85.46278,35.90555,185.8718
1585710303551,84.227745,27.807615,175.69858
1585710303744,54.218166,4.0820475,154.19856
1585710303944,51.113605,1.6812742,158.05731
1585710304146,78.34609,24.631826,173.60359
1585710304347,83.14655,36.164394,186.62172
1585710304543,81.12534,37.00767,191.84862
1585710304743,83.363495,33.370876,183.78311
1585710304941,75.76513,19.30794,169.81615
1585710305142,40.964893,357.06775,151.74037
1585710305340,54.112106,3.5875232,160.00386
1585710305536,83.437294,26.375652,175.42317
1585710305736,88.726395,37.041733,187.66763
1585710305934,87.98054,35.93068,190.25888
1585710306129,91.45431,31.195797,180.61977
1585710306332,83.301476,15.995577,163.86894
1585710306532,48.545418,356.25278,152.42043
1585710306730,69.57221,8.382475,166.48917
1585710306925,89.50477,31.144089,180.03772
1585710307128,89.35234,37.93942,190.04442
1585710307327,88.10523,36.22594,190.79366
1585710307566,69.840485,9.64469,158.03572
1585710307765,48.66415,355.06866,153.45807
1585710307963,70.134346,6.7870145,166.77222
1585710308162,94.58591,32.431644,178.94333
1585710308359,92.77807,38.59619,188.82646
1585710308558,91.185936,35.037247,188.05357
1585710308760,92.212296,28.415382,177.29099
1585710308952,68.228485,7.895356,155.10309
1585710309155,54.664845,357.9742,154.40166
1585710309350,83.70612,18.662018,171.38182
1585710309549,96.77408,39.22626,179.86775
1585710309749,87.602425,38.725933,190.37654
1585710309948,89.35839,32.19811,178.39928
1585710310144,87.04355,22.457758,164.29335
1585710310347,46.819942,356.58682,145.78406
1585710310546,78.54821,11.930492,165.38535
1585710310745,97.593285,37.97222,178.11076
1585710310944,89.47312,41.27133,191.27739
1585710311143,90.029,35.43437,184.16118
1585710311333,90.90196,35.43437,184.16118
1585710311534,94.81254,27.390276,169.15509
1585710311733,59.197105,358.57297,151.40897
1585710311930,76.34728,12.186172,162.52649
1585710312129,89.93819,32.98254,180.36073
1585710312328,89.80572,37.55688,187.0987
1585710312524,85.76055,21.374496,172.53362
1585710312726,49.92435,354.3026,149.31395
1585710312924,49.893707,354.3026,149.31395
1585710313121,96.205444,34.900845,179.93445
1585710313321,93.707405,34.900845,179.93445
1585710313557,89.3693,32.576534,183.1933
1585710313757,85.53642,20.906128,169.54189
1585710313955,44.940815,353.19077,146.68579
1585710314167,78.33717,10.473721,164.78815
1585710314354,97.37525,34.656013,178.93608
1585710314551,98.186554,41.487373,185.9706
1585710314749,95.090996,32.317516,183.62567
1585710314947,92.91751,17.883553,169.59662
1585710315146,57.441147,351.66904,147.56331
1585710315346,90.02793,10.201827,163.96101
1585710315554,98.01852,37.535023,185.43408
1585710315748,96.48673,37.801403,183.79471
1585710315944,93.12861,30.635454,179.57979
1585710316150,78.66139,6.258272,157.55527
1585710316350,67.943184,357.23456,157.68677
1585710316548,89.76477,30.864195,180.30247
1585710316745,89.77739,38.177517,186.6583
1585710316946,89.88908,33.365505,181.33105
1585710317137,82.18547,14.713049,163.17393
1585710317348,62.11049,355.12738,154.55423
1585710317537,92.62591,26.881708,174.65643
1585710317737,93.47874,37.89636,184.24605
1585710317939,93.38594,36.576214,183.13551
1585710318134,91.30676,23.199682,171.6047
1585710318338,53.72609,347.3944,149.25816
1585710318534,91.19755,18.314419,171.32909
1585710318733,100.09201,40.348988,180.27202
1585710318930,96.92638,40.56023,183.38516
1585710319131,91.32176,24.747904,176.58876
1585710319369,64.650345,355.94452,149.23572
1585710319567,90.313255,15.21252,167.99222
1585710319767,97.46201,46.170677,186.9349
1585710319958,97.40822,54.119183,190.9818
1585710320165,83.74636,57.522022,207.3277
1585710320357,88.87051,53.939533,198.88527
1585710320561,92.92604,51.82479,192.27335
1585710320752,88.574585,44.68933,190.99026
1585710320955,84.80453,39.494957,189.88843
1585710321157,76.606384,25.531342,182.31549
1585710321353,73.831085,20.057087,173.35327
1585710321554,85.75234,36.079662,188.9779
1585710321752,88.378586,36.217396,188.36813
1585710321946,87.01125,25.969498,178.03624
1585710322142,48.08459,354.56244,157.07585
1585710322348,70.53663,2.4768574,164.26048
1585710322547,99.428474,31.298601,183.29088
1585710322746,99.929016,37.161522,187.817
1585710322944,98.84604,31.540697,183.0239
1585710323141,89.80459,12.74954,171.35347
1585710323341,51.699375,346.40762,152.22804
1585710323535,102.79203,27.92312,181.04105
1585710323732,104.652824,37.23391,185.14235
1585710323935,104.68236,37.945988,184.48341
1585710324127,100.17384,21.91011,173.89494
1585710324331,51.846615,344.8816,152.78252
1585710324528,98.44967,14.518098,169.8965
1585710324728,107.56868,36.825718,182.6626
1585710324921,104.64734,37.719677,185.28856
1585710325119,102.94048,29.111506,179.37924
1585710325359,74.22837,357.14478,156.72847
1585710325556,88.91252,5.068091,166.84692
1585710325756,106.431366,34.679745,180.9375
1585710325955,103.40893,38.113102,184.62334
1585710326152,102.70988,32.524155,180.13033
1585710326351,85.85093,6.609403,167.99698
1585710326551,71.0076,354.7666,157.90237
1585710326748,99.24301,26.938934,183.63939
1585710326948,102.081566,35.65303,184.2192
1585710327147,99.52877,33.89369,184.24487
1585710327345,95.279175,18.377802,171.2962
1585710327552,55.190617,345.95047,154.86102
1585710327744,97.89554,20.088524,174.24297
1585710327942,101.79576,37.712715,183.93849
1585710328143,97.42543,37.75665,187.06004
1585710328348,98.4843,28.717646,176.22621
1585710328535,62.990772,352.75125,156.42874
1585710328738,79.431595,3.0786986,165.57726
1585710328934,100.29473,34.792465,181.68329
1585710329139,98.71152,38.455685,185.27399
1585710329334,95.62098,31.456423,181.69966
1585710329530,92.06352,16.945694,166.51332
1585710329731,65.16323,355.15643,155.12437
1585710329930,80.32576,5.962815,167.26201
1585710330133,98.54602,31.90977,177.96753
1585710330334,96.936356,37.892204,184.98972
1585710330529,101.866325,33.66128,175.89268
1585710330729,90.42285,13.230877,167.41733
1585710330924,54.044147,342.19046,156.71732
1585710331126,97.60982,21.543053,174.29596
1585710331360,105.14269,38.115067,180.00693
1585710331556,99.09521,38.497707,187.46388
1585710331758,103.53121,31.831926,177.66553
1585710331955,67.64231,353.05084,157.24818
1585710332159,81.867584,1.0386047,165.68542
1585710332359,103.608505,31.412603,178.59428
1585710332552,101.76673,37.802467,183.73671
1585710332751,103.51522,34.90521,178.87393
1585710332954,96.524216,16.598682,168.7867
1585710333152,56.834286,345.63165,153.54883
1585710333354,91.50237,13.084439,170.84438
1585710333544,103.08323,38.23062,181.49802
1585710333743,98.200165,39.039932,186.24846
1585710333944,98.00769,30.76658,179.09308
1585710334145,87.23045,9.550288,162.28989
1585710334339,61.074726,349.81256,158.71768
1585710334536,95.27026,27.423492,175.99113
1585710334737,96.93028,38.29637,182.97836
1585710334933,96.07009,37.062557,183.56749
1585710335135,95.43832,26.621689,174.44525
1585710335335,63.85738,354.90414,156.77513
1585710335529,75.73642,4.484504,163.62402
1585710335727,92.75872,29.440756,177.84119
1585710335928,95.75494,37.98573,180.16487
1585710336132,93.99032,37.2922,183.38234
1585710336333,91.66287,24.54563,173.19069
1585710336524,59.644714,355.2797,154.89572
1585710336728,64.98258,357.69852,160.93495
1585710336923,92.643555,28.34524,177.55656
1585710337163,94.19962,35.364803,181.90102
1585710337365,96.57081,35.364803,181.90102
1585710337557,73.609314,3.3281507,161.56717
1585710337757,79.241806,3.3281507,161.56717
1585710337966,99.66741,22.300209,172.1525
1585710338157,106.268265,36.98683,180.16565
1585710338355,102.55259,37.842224,185.7509
1585710338552,104.444145,37.842224,185.7509
1585710338754,112.21786,30.352118,172.60199
1585710338951,67.927925,350.47073,155.42537
1585710339153,101.59094,14.539355,170.60435
1585710339352,111.5373,34.70785,178.16988
1585710339551,106.63767,37.12286,184.22763
1585710339748,106.63917,30.066933,176.86293
1585710339948,99.04794,14.079306,165.69159
1585710340147,60.18873,346.7629,150.75793
1585710340342,58.259743,346.7629,150.75793
1585710573536,57.436584,11.212775,168.96967
1585710573722,302.59064,353.14948,357.75815
1585710573920,318.29538,343.54337,7.5110703
1585710574140,317.70938,343.54337,7.5110703
1585710574320,321.2556,336.6406,7.5750194
1585710574635,335.0598,326.75827,15.766646
