1585732256043,0.0,-0.0,-0.0
1585732256237,299.35202,348.9896,9.750929
1585732256440,297.0569,349.75363,2.9536579
1585732256637,297.80103,345.51556,356.91287
1585732256817,296.86246,346.3491,357.78644
1585732257018,291.2671,345.7791,350.73828
1585732257220,288.5985,343.9793,352.37344
1585732257420,287.28708,348.37164,352.60608
1585732257620,294.33853,345.74524,349.56625
1585732257797,294.38177,351.62558,348.1181
1585732257998,299.99466,348.14594,353.04462
1585732258198,298.95966,348.54385,354.45148
1585732258398,297.994,348.78604,354.31775
1585732258598,297.88458,348.3706,353.1097
1585732258780,299.09747,348.3706,353.1097
1585732258977,301.27106,349.09006,355.3737
1585732259177,300.35327,350.78134,355.54514
1585732259378,300.20984,350.5516,354.33353
1585732259578,301.46417,349.87033,354.2573
1585732259759,302.2338,349.87033,354.2573
1585732259960,302.36365,349.64917,353.3363
1585732260159,302.79193,350.16147,353.70047
1585732260358,304.45105,349.32333,354.07324
1585732260559,304.57,349.3271,354.0642
1585732260741,303.78888,349.24146,353.51743
1585732260941,303.6868,349.29337,353.93384
1585732261141,301.6731,348.68005,353.01486
1585732261318,298.55307,339.248,344.1211
1585732261520,327.3322,312.79352,359.79257
1585732261700,63.303135,312.25592,75.92671
1585732261901,53.813377,297.485,69.24343
1585732262103,54.033844,304.59247,62.826527
1585732262283,82.852036,312.3779,85.82433
1585732262482,77.11888,336.24533,40.668007
1585732262683,41.77447,322.10837,40.38629
1585732262859,40.008636,318.11624,46.25691
1585732263061,46.62038,323.13504,50.92252
1585732263239,280.98386,346.59198,356.53604
1585732263439,286.62097,346.7233,350.99173
1585732263640,303.9205,343.8783,0.09398853
1585732263821,284.4646,358.18176,355.31006
1585732264020,285.63574,356.13098,347.30588
1585732264201,293.27286,354.6102,357.5657
1585732264401,296.62747,353.8495,359.4944
1585732264598,295.8262,352.33914,357.5054
1585732264781,291.25012,351.44214,353.56754
1585732264980,283.98505,353.13058,345.51443
1585732265176,279.6195,356.58466,346.9238
1585732265359,280.72754,353.0627,350.94717
1585732265560,275.84158,355.0145,351.10193
1585732265739,273.88574,355.0145,351.10193
1585732265939,276.1072,351.6706,353.56387
1585732266138,272.0116,353.37463,352.30188
1585732266321,271.13568,351.9153,346.1204
1585732266520,272.7312,347.57867,343.24524
1585732266702,271.57227,347.57867,343.24524
1585732266902,270.2386,347.1006,339.87256
1585732267098,257.15222,1.0958331,325.72968
1585732267278,252.8046,36.712906,298.03696
1585732267479,267.74557,39.396435,267.03882
1585732267681,236.74213,59.40107,301.7801
1585732267879,239.3963,67.86952,294.69012
1585732268087,192.35791,72.75605,331.9027
1585732268259,207.63712,48.709515,310.66833
1585732268457,238.88394,35.264935,277.68924
1585732268661,241.28268,38.33594,267.7991
1585732268858,235.04922,31.964272,276.8296
1585732269058,229.96695,29.500206,274.8569
1585732269239,216.79749,26.85653,274.6295
1585732269439,201.15195,32.795403,272.2768
1585732269638,191.35954,29.497421,272.93634
1585732269838,188.13354,28.569077,272.71237
1585732270042,187.92476,24.54883,271.8095
1585732270218,192.24887,31.885216,265.7962
1585732270419,189.98697,31.584417,264.6996
1585732270620,189.1799,44.462914,262.98566
1585732270819,164.00775,36.67759,280.39935
1585732271021,278.36987,72.92945,157.4005
1585732271199,282.3675,47.06593,133.54582
1585732271398,273.66068,19.61068,117.07176
1585732271599,270.0465,21.177374,123.263466
1585732271800,265.96573,30.373024,120.792786
1585732272002,252.93254,28.745623,134.03038
1585732272177,241.8037,33.18269,134.62367
1585732272379,215.52167,38.807926,147.38164
1585732272581,200.39383,38.93313,157.53053
1585732272762,190.49231,47.157158,165.29759
1585732272963,191.4325,50.008778,167.16505
1585732273161,201.18542,51.744907,160.97179
1585732273338,217.88954,47.204945,149.51416
1585732273540,209.17616,53.334972,157.09184
1585732273721,194.73325,58.196156,169.29001
1585732273921,192.97723,60.330444,170.18877
1585732274118,183.86539,61.893482,175.7891
1585732274300,201.03331,63.600002,158.50217
1585732274502,188.95874,62.755573,165.75467
1585732274681,185.32823,58.875828,166.3098
1585732274879,175.20143,60.218376,172.14291
1585732275081,173.0122,60.346115,171.16486
1585732275262,170.01442,60.346115,171.16486
1585732275466,170.24033,58.695045,168.3672
1585732275661,188.24619,52.1533,151.96219
1585732275843,223.72026,29.10306,134.17413
1585732276040,228.55983,22.766138,131.62376
1585732276217,219.3091,26.016666,132.90567
1585732276419,190.78154,32.43099,147.43814
1585732276618,155.743,42.31537,172.46075
1585732276799,160.64758,49.373497,172.50758
1585732276998,153.13359,52.764645,183.80736
1585732277178,161.5366,49.160496,180.85509
1585732277379,158.45879,46.211163,186.48001
1585732277579,170.8346,42.962543,180.59102
1585732277765,176.12259,43.379932,180.15843
1585732277959,197.30406,35.93717,170.33676
1585732278161,194.73293,26.896816,174.72923
1585732278360,211.88132,21.476295,165.64334
1585732278560,224.88687,15.78488,154.89948
1585732278742,245.25467,1.0907383,140.84975
1585732278939,242.43776,354.9713,144.07378
1585732279141,226.68817,358.65643,149.0722
1585732279341,207.88037,10.499669,154.95518
1585732279543,189.42116,22.684908,165.82254
1585732279719,187.06136,28.38581,166.66399
1585732279922,189.43031,24.617252,165.15858
1585732280119,201.42859,17.057707,157.53458
1585732280321,209.8722,12.865801,153.65556
1585732280520,212.60292,14.109896,150.63075
1585732280699,211.29924,9.968957,151.9366
1585732280900,217.97089,7.7712193,143.78238
1585732281099,213.647,3.4034214,145.03929
1585732281303,211.41986,358.9629,144.49922
1585732281505,208.59601,356.2425,144.4019
1585732281679,209.42949,357.66025,139.7477
1585732281883,200.32458,354.68137,145.73589
1585732282080,199.26418,359.06342,145.20186
1585732282280,189.0037,8.837053,154.09372
1585732282485,183.95854,21.354826,160.93452
1585732282679,180.43211,30.653831,168.11493
1585732282859,176.75716,37.065506,176.55894
1585732283059,181.29445,40.346447,177.18314
1585732283239,185.10704,37.45252,179.04008
1585732283439,199.11322,31.122639,173.23706
1585732283641,213.3807,25.97063,166.92732
1585732283819,213.60432,25.97063,166.92732
1585732284022,250.19516,2.8347929,144.02324
1585732284198,256.83328,350.31235,143.85968
1585732284399,244.425,354.60782,143.88336
1585732284599,215.56508,9.062479,153.0898
1585732284781,209.48944,9.062479,153.0898
1585732284979,196.26048,21.7318,157.48817
1585732285176,179.49817,34.075596,171.15584
1585732285360,179.80652,39.56404,171.85567
1585732285563,174.60144,36.07201,177.7077
1585732285742,180.77214,30.986925,172.709
1585732285941,194.02054,25.164974,162.60942
1585732286138,213.371,11.872168,151.25656
1585732286320,237.46736,353.16614,141.4517
1585732286522,236.25372,346.02704,144.27583
1585732286725,199.46782,3.2430167,153.25688
1585732286922,181.19939,27.267607,163.77505
1585732287121,177.79027,39.47872,168.5512
1585732287302,168.53854,34.6632,180.35376
1585732287500,178.5869,26.59853,172.49
1585732287699,193.58295,21.253506,161.0704
1585732287920,211.26039,5.0761557,151.94685
1585732288097,238.72096,345.9867,142.45715
1585732288278,214.41377,359.85535,151.46034
1585732288481,189.92853,22.878345,163.00153
1585732288681,179.30257,35.30572,170.32133
1585732288881,175.17513,37.024414,172.44322
1585732289081,174.39609,32.33884,170.7784
1585732289261,186.06125,15.914337,158.29118
1585732289459,202.64693,359.83115,147.92308
1585732289659,221.9877,346.4958,142.6358
1585732289862,187.56941,13.157659,157.18307
1585732290060,177.6529,29.624874,167.61034
1585732290244,170.60762,34.497604,176.91277
1585732290440,170.63367,33.936718,177.07619
1585732290637,179.02142,29.128729,167.19987
1585732290819,196.27391,17.529112,150.60233
1585732291019,187.22015,19.451767,159.63972
1585732291201,182.6587,28.159544,163.8604
1585732291399,180.22862,29.63279,166.1952
1585732291599,180.01967,29.388288,165.77783
1585732291783,179.75838,26.4611,165.06375
1585732291980,181.94469,27.716879,163.54245
1585732292177,184.78543,30.018831,163.55795
1585732292361,189.11024,30.018831,163.55795
1585732292564,187.45946,28.224987,169.08502
1585732292738,193.35574,29.836306,167.2119
1585732292941,193.69246,28.278608,170.38754
1585732293137,194.04004,31.616232,172.2084
1585732293319,196.62646,31.616232,172.2084
1585732293518,192.08101,35.1465,177.01227
1585732293699,197.82816,34.26867,169.93225
1585732293904,203.82777,26.768812,161.2715
1585732294100,228.38925,355.88202,143.21542
1585732294299,222.81958,350.6718,146.84619
1585732294501,202.81085,8.713371,152.57324
1585732294679,185.28911,30.50064,166.88124
1585732294884,178.25502,37.138298,175.794
1585732295079,179.16873,34.899082,175.88362
1585732295285,191.34569,24.892885,165.1331
1585732295481,213.34015,10.717947,148.71216
1585732295675,237.10747,347.36887,146.31796
1585732295862,229.08128,356.50278,151.50977
1585732296061,214.6462,15.15152,157.0566
1585732296259,197.65381,29.795881,171.53235
1585732296458,192.72844,37.713745,176.92696
1585732296663,204.95302,35.192474,165.98683
1585732296841,209.34912,24.183262,167.15216
1585732297040,236.90532,4.0008597,145.39537
1585732297241,248.69287,351.46295,141.78308
1585732297440,241.79672,11.387847,141.27895
1585732297641,240.04051,16.227678,145.63556
1585732297820,243.37503,35.202877,136.49316
1585732298019,215.1981,49.93956,172.1769
1585732298200,207.75922,61.873276,181.3947
1585732298398,226.80452,57.327576,170.53387
1585732298601,236.94281,56.99137,168.91876
1585732298779,233.00218,60.83283,177.48865
1585732298982,253.45734,51.92029,171.70287
1585732299176,274.02893,43.39541,160.55241
1585732299359,287.95157,30.20562,149.21007
1585732299559,292.46643,15.73471,140.12355
1585732299739,291.45847,6.8309608,132.61588
1585732299941,291.54486,358.92868,136.85739
1585732300140,286.62958,2.580753,141.72362
1585732300318,281.96982,2.2250175,138.68034
1585732300520,275.8522,4.215502,137.30884
1585732300698,272.92645,4.215502,137.30884
1585732300901,273.91205,2.3114126,139.17139
1585732301097,273.31918,2.3108606,137.28503
1585732301280,277.82388,358.09027,133.38445
1585732301479,282.23596,352.4291,128.84312
1585732301680,276.5412,359.76483,122.94455
1585732301881,270.73215,9.97447,128.3743
1585732302078,246.85852,28.883894,145.56903
1585732302261,236.42911,39.04691,152.3512
1585732302462,226.15456,45.59761,163.2596
1585732302664,233.89842,51.082516,161.76738
1585732302859,266.7347,38.82334,151.2947
1585732303060,295.7543,18.649506,128.73042
1585732303239,277.44196,44.50135,146.00899
1585732303440,267.47702,49.383404,160.21928
1585732303638,273.16806,50.151554,158.7189
1585732303839,274.1257,46.340984,169.64827
1585732304042,281.40762,45.247177,164.47916
1585732304221,296.15833,33.888935,155.68765
1585732304433,309.98746,22.498468,131.69844
1585732304619,304.12756,34.51591,151.23964
1585732304819,298.299,47.058548,158.031
1585732305019,302.3309,45.913864,160.79977
1585732305200,308.5749,41.117744,159.00075
1585732305399,307.39316,44.0294,157.34138
1585732305599,304.73987,46.759495,155.19794
1585732305779,305.6038,45.70489,153.4045
1585732305979,302.8694,46.193867,158.14879
1585732306176,302.9537,44.98531,158.41286
1585732306359,304.4142,39.20418,160.1539
1585732306559,310.25876,27.249128,146.65828
1585732306742,313.9585,12.486531,119.63948
1585732306941,301.85056,27.713423,149.28824
1585732307139,282.31674,42.72806,160.5594
1585732307321,276.29587,42.7752,164.13554
1585732307523,269.38757,44.001053,167.25166
1585732307703,258.6174,45.99162,174.0229
1585732307898,264.1065,38.559856,176.66394
1585732308102,277.09036,31.181173,165.8908
1585732308299,284.4093,21.84626,153.49895
1585732308501,287.97034,0.8083827,142.61122
1585732308678,285.42593,349.80426,139.29443
1585732308885,277.55743,5.615097,150.98753
1585732309079,250.79633,29.576887,164.63446
1585732309279,232.48643,38.594875,172.3751
1585732309479,224.38463,36.982586,176.93456
1585732309675,242.77411,27.774265,160.97691
1585732309861,260.70038,8.105811,145.57411
1585732310059,269.56174,349.42325,140.58028
1585732310259,268.5454,349.42325,140.58028
1585732310465,235.60669,24.36176,159.6951
1585732310659,217.31444,37.73076,168.61183
1585732310859,204.77185,37.75198,176.66447
1585732311059,217.23434,28.587841,164.9799
1585732311260,238.43958,8.594349,150.87837
1585732311460,261.5323,343.55334,144.64029
1585732311660,238.42131,4.408202,151.37816
1585732311860,214.10977,26.157019,161.28346
1585732312059,193.71356,38.731674,175.10716
1585732312262,190.65672,30.643774,175.48842
1585732312467,208.28789,20.057985,158.61038
1585732312661,234.13855,357.6304,141.99345
1585732312859,246.6971,345.19345,138.17467
1585732313060,211.92686,18.220661,152.9779
1585732313259,192.3341,37.596966,170.05095
1585732313461,191.50954,32.085228,171.79683
1585732313658,202.23615,24.707737,159.91734
1585732313859,230.89056,352.53378,143.61592
1585732314058,233.14493,351.1941,141.37456
1585732314260,204.02446,24.195263,158.53445
1585732314463,191.97897,36.28342,169.40678
1585732314659,191.43355,31.609964,168.19203
1585732314859,209.68695,16.88263,149.9803
1585732315058,239.89136,344.11383,133.33281
1585732315262,212.01176,7.4469595,150.86005
1585732315459,193.43839,33.026505,167.1488
1585732315660,189.62495,33.224384,173.21399
1585732315859,205.65543,25.61129,158.51146
1585732316059,237.67155,351.10876,138.12784
1585732316259,230.69339,354.79437,145.13164
1585732316464,204.38611,29.847448,161.92693
1585732316659,193.31754,34.842937,173.9352
1585732316859,200.46014,29.232346,166.23189
1585732317058,221.85039,10.6562605,145.92809
1585732317263,241.53825,345.6602,137.53168
1585732317460,204.97722,21.68785,157.42453
1585732317662,190.20827,34.35629,172.16628
1585732317861,190.57904,34.107933,171.02034
1585732318059,206.92378,19.561697,154.34737
1585732318259,247.00545,339.62277,137.19489
1585732318459,208.58368,9.136281,152.27242
1585732318665,192.94817,34.22817,165.20557
1585732318861,182.11742,35.687176,175.894
1585732319059,197.89777,24.605433,160.1517
1585732319259,232.92561,348.43896,138.3133
1585732319462,214.92114,355.6327,148.86899
1585732319658,192.26544,29.146921,163.56696
1585732319861,182.813,35.98574,174.54626
1585732320068,189.26009,29.602043,167.19601
1585732320259,210.03546,6.130425,146.83408
1585732320459,230.43933,341.85666,137.51793
1585732320658,198.15112,20.046394,156.75388
1585732320859,184.50746,34.06396,172.56053
1585732321058,188.34018,33.777294,167.83675
1585732321259,199.73865,17.829138,154.1736
1585732321459,231.36469,341.43628,133.35703
1585732321660,201.44539,6.565958,154.0307
1585732321858,186.71805,33.205963,168.32976
1585732322059,182.3709,34.778393,172.89943
1585732322262,188.12953,25.435696,164.79309
1585732322462,217.07089,352.01505,141.27586
1585732322661,211.82979,354.85394,146.64186
1585732322861,191.65685,28.234282,164.08925
1585732323059,183.15355,36.320156,175.79199
1585732323260,192.19838,28.947012,167.0239
1585732323462,212.69052,8.675275,148.2868
1585732323663,236.87543,342.99948,139.58041
1585732323859,207.08165,20.733963,157.58202
1585732324059,196.59946,35.94308,170.28844
1585732324259,198.12082,33.275406,170.2369
1585732324461,213.86101,20.53532,154.99446
1585732324659,245.21976,345.69208,133.35565
1585732324861,224.41006,5.569803,153.95618
1585732325059,209.35646,34.517433,162.90414
1585732325259,197.27449,35.864002,175.4842
1585732325459,212.84288,22.576965,161.788
1585732325660,231.37181,5.6786766,143.55179
1585732325859,241.8734,352.33096,140.55446
1585732326058,215.66515,23.596777,160.21742
1585732326258,203.99397,33.03008,172.3129
1585732326458,207.12372,33.85595,167.65765
1585732326658,220.20276,18.669916,154.49356
1585732326859,250.78433,340.672,138.13808
1585732327058,222.58008,13.174734,156.44241
1585732705982,259.5384,337.05667,3.2685134
1585732706178,265.62958,337.05667,3.2685134
1585732706487,270.72433,335.2087,3.4577703
1585732706677,266.1376,335.2087,3.4577703
1585732706860,261.82788,332.77835,2.625559
1585732706986,251.67227,338.71725,4.704378
1585732707172,239.00363,349.50278,9.811561
1585732707358,231.66167,350.17908,25.260124
1585732707668,231.16817,2.6803005,14.077335
1585732707860,238.46263,5.8416533,3.731841
1585732707986,251.61203,349.25696,13.19975
1585732708167,262.75906,340.98746,13.994811
1585732708359,261.74426,341.41663,8.13476
1585732708663,257.02145,345.18375,10.014957
1585732708860,252.4454,346.72812,13.783904
1585732708987,247.4024,349.1527,10.861588
1585732709178,246.61954,349.1527,10.861588
1585732709376,240.45734,356.67325,10.287234
1585732709674,243.6993,354.8763,1.776298
1585732709858,247.22183,348.04834,2.643783
1585732709982,251.57664,340.7711,5.4319353
1585732710171,253.90059,335.61096,7.2275977
1585732710358,258.62646,328.8828,8.369477
1585732710667,250.1831,332.41873,7.636959
1585732710860,250.376,326.53217,5.9890165
1585732710989,241.51903,329.77664,6.5296693
1585732711170,237.02496,331.17175,1.2316601
1585732711359,235.47717,331.17175,1.2316601
1585732711662,238.11147,326.71725,3.9409573
1585732711862,234.38858,330.25308,10.012423
1585732711989,234.84924,330.25308,10.012423
1585732712190,235.75648,329.8335,8.9134
1585732712360,235.49496,329.8335,8.9134
1585732712677,233.18265,331.51358,8.051587
1585732712864,234.14691,329.60117,5.51264
1585732712988,233.37172,328.8813,8.698109
1585732713172,231.12323,329.41385,9.561681
1585732713359,233.72455,325.8501,5.6746745
1585732713671,227.13606,329.54617,8.827557
1585732713862,228.73589,326.61374,3.7681646
1585732713986,227.10092,327.58487,1.3506708
1585732714168,226.21469,326.74496,11.476501
1585732714361,222.49825,332.3449,9.315814
1585732714666,225.37964,330.2115,6.592753
1585732714863,225.70764,330.2115,6.592753
1585732714987,232.19237,323.17813,6.97165
1585732715179,228.01228,327.6641,6.460102
1585732715361,229.59322,326.09216,3.666732
1585732715678,229.39087,325.59894,4.5412
1585732715867,227.4196,326.04538,10.768543
1585732715986,223.19557,327.99622,14.0142765
1585732716176,224.49628,325.63358,12.16698
1585732716359,225.23625,323.14154,16.422003
1585732716673,224.62294,325.73297,3.952197
1585732716861,224.40216,325.73297,3.952197
1585732716985,229.94543,319.72598,12.288562
1585732717168,226.16966,323.91138,14.047976
1585732717359,228.45479,322.54816,9.583715
1585732717662,229.95627,322.20538,9.613699
1585732717862,229.44629,324.27115,11.212123
1585732717985,230.09663,324.8803,11.2728615
1585732718180,229.62228,326.224,9.1220455
1585732718361,236.16095,320.62653,8.388202
1585732718676,234.23865,322.6031,16.425404
1585732718859,238.94376,319.73544,10.531008
1585732718986,234.05017,323.94983,9.504688
1585732719174,233.73691,323.94983,9.504688
1585732719359,237.4165,320.21112,6.0214086
1585732719669,234.93883,322.34912,14.317512
1585732719859,233.57068,323.7911,7.296397
1585732719984,237.74588,320.408,15.465515
1585732720167,237.72226,320.408,15.465515
1585732720358,231.16469,325.3887,13.81058
1585732720663,234.27739,322.15994,5.215103
1585732720860,233.40842,322.21875,7.6009855
1585732720986,235.76721,318.61783,4.309013
1585732721180,234.59671,318.61783,4.309013
1585732721359,230.68571,322.168,9.907651
1585732721676,228.13069,324.02252,13.357503
1585732721860,228.9924,322.92404,6.806905
1585732721985,231.20316,319.86993,5.5359664
1585732722178,229.34247,321.93353,10.465085
1585732722361,230.04556,321.93353,10.465085
1585732722669,229.87376,322.49686,13.519982
1585732722860,227.47285,325.03226,13.998468
1585732722986,227.11494,326.15088,10.935723
1585732723167,226.5654,326.15088,10.935723
1585732723359,231.27023,322.49683,8.420102
1585732723679,231.21014,323.58978,6.315375
1585732723882,226.1354,327.92273,11.892071
1585732723993,225.61662,328.90607,11.717247
1585732724181,227.09615,328.90607,11.717247
1585732724359,218.31277,337.17075,15.378858
1585732724680,229.53183,329.9189,353.79837
1585732724866,228.42033,329.9189,353.79837
1585732724991,218.96413,331.76422,7.6304603
1585732725175,212.59424,331.76422,7.6304603
1585732725366,213.11754,331.25592,354.3653
1585732725494,210.3585,323.44385,358.38672
1585732725862,205.94702,323.66757,352.1907
1585732725988,200.60675,327.13464,349.17087
1585732726168,193.94588,325.0362,4.2788496
1585732726366,193.15633,325.0362,4.2788496
1585732726492,195.51874,322.8091,357.8929
1585732726688,195.19513,344.92242,341.319
1585732726879,196.01988,344.92242,341.319
1585732727180,200.61133,327.37708,345.31448
1585732727360,202.26186,327.37708,345.31448
1585732727488,204.43948,331.3211,339.16245
1585732727677,205.71574,328.22336,342.6181
1585732727858,206.95236,328.22336,342.6181
1585732728176,209.315,323.6195,346.05154
1585732728363,206.86333,327.3365,347.21973
1585732728487,198.32608,333.86374,355.28378
1585732728675,197.04529,339.01016,357.88995
1585732728859,203.11855,339.01016,357.88995
1585732729165,217.0625,333.77588,357.4386
1585732729359,223.79584,338.66934,353.95325
1585732729489,217.8445,359.0567,347.43655
1585732729688,233.07947,346.95825,349.35092
1585732729886,238.58408,346.95825,349.35092
1585732730180,243.2933,343.72968,358.7303
1585732730359,255.67659,339.0429,358.76044
1585732730484,259.9779,335.34253,5.533781
1585732730675,248.08391,335.34253,5.533781
1585732730859,243.42508,333.17715,7.7849965
1585732731174,216.7856,341.5394,13.026553
1585732731358,211.21227,341.5394,13.026553
1585732731484,210.76909,340.34882,11.465294
1585732731669,221.436,347.04764,350.51468
1585732731861,225.3266,342.9302,348.40002
1585732732166,227.04494,332.55368,1.61205
1585732732359,224.85982,332.55368,1.61205
1585732732486,224.69058,331.4013,0.07447767
1585732732639,224.33902,337.81705,355.17914
1585732732641,227.36209,337.81705,355.17914
1585732732658,227.1426,338.37918,357.82462
1585732732677,230.17429,338.01227,356.7536
1585732732700,233.28668,338.01184,353.6875
1585732732717,236.68665,336.48843,354.0214
1585732732737,240.98059,334.38025,355.99402
1585732732757,244.30093,333.51086,358.1859
1585732732777,246.33887,332.33017,1.0137777
1585732732799,250.35551,329.97745,5.113275
1585732732817,258.5629,326.35764,6.7434087
1585732732838,264.5302,324.22296,9.647636
1585732732858,264.56927,324.56424,11.468328
1585732732859,265.0229,324.56424,11.468328
1585732732877,264.61118,325.66357,18.588465
1585732732897,259.17844,327.72195,23.53876
1585732732917,246.0845,330.6581,25.762266
1585732732937,229.62515,334.16486,26.605412
1585732732959,220.75691,338.3326,25.95751
1585732732978,216.80652,342.37354,24.547876
1585732732997,221.52725,345.85965,20.611906
1585732733020,229.88315,347.35083,16.760927
1585732733042,237.8115,348.0374,13.6507
1585732733061,245.78165,347.2415,11.636986
1585732733078,259.8823,343.337,11.43414
1585732733099,279.239,338.08557,12.5562725
1585732733118,286.235,335.7846,11.438479
1585732733138,285.58533,336.04553,10.612397
1585732733157,284.54572,335.49026,9.202558
1585732733177,279.12064,335.8689,8.029355
1585732733197,271.0921,337.41046,5.552801
1585732733223,263.9541,339.04013,3.0856526
1585732733239,259.81793,339.70392,359.89227
1585732733257,260.9958,337.80048,358.15433
1585732733277,262.8555,335.36075,357.49988
1585732733311,262.07608,334.52325,358.28638
1585732733320,259.61746,334.46286,359.8219
1585732733337,256.49704,334.2879,0.73152524
1585732733357,253.3266,334.2879,0.73152524
1585732733359,250.97812,334.2879,0.73152524
1585732733377,251.12314,333.35315,2.1806402
1585732733398,252.75525,331.52258,4.226826
1585732733419,255.76515,329.28705,5.0114727
1585732733438,255.8869,328.59964,4.1790895
1585732733458,249.93332,331.2028,3.105696
1585732733478,243.79132,335.1234,2.4483163
1585732733499,242.22955,337.04492,359.9555
1585732733518,244.4976,336.15637,356.77377
1585732733537,244.69043,335.70245,351.4967
1585732733557,244.08542,335.71164,348.21045
1585732733578,245.037,334.09586,350.07138
1585732733598,246.85826,331.82043,354.65863
1585732733617,250.27612,328.89398,1.1023693
1585732733638,251.63632,327.37003,1.9651964
1585732733658,250.2675,327.25906,1.775017
1585732733678,247.52704,327.7273,2.6268308
1585732733697,246.20467,327.7944,2.6813457
1585732733717,243.96509,328.93277,2.682996
1585732733737,240.79892,330.55817,3.0924797
1585732733757,236.06657,332.7179,3.5206766
1585732733777,232.69315,335.34198,2.4763494
1585732733797,231.20969,337.22095,1.6659625
1585732733817,229.11955,338.0589,2.9113343
1585732733838,227.69705,338.94623,3.4350462
1585732733858,228.35732,338.94623,3.4350462
1585732733859,228.10309,338.94623,3.4350462
1585732733879,227.55261,338.86676,3.5834548
1585732733900,231.50427,337.06796,2.182098
1585732733918,235.9104,333.73132,1.7272108
1585732733939,240.14548,330.28156,3.3546321
1585732733960,241.2567,328.75412,4.854259
1585732733979,238.49466,329.1432,5.599721
1585732733998,232.5127,331.35703,6.4244504
1585732734020,227.43634,332.8242,6.9140754
1585732734038,227.88918,332.38037,6.0307107
1585732734058,232.02638,329.4922,5.206778
1585732734081,238.97467,325.7536,3.9855177
1585732734098,245.31606,322.2218,0.9423424
1585732734118,248.09389,320.4185,359.5201
1585732734138,247.05197,320.3946,1.0425373
1585732734161,238.88406,323.62033,3.599239
1585732734181,238.97034,323.62033,3.599239
1585732734201,237.5317,323.97113,4.521227
1585732734222,238.04929,323.43414,4.697504
1585732734241,236.6532,323.91968,5.9713473
1585732734260,236.12286,324.39316,7.022746
1585732734280,237.23795,324.39316,7.022746
1585732734301,234.12372,327.03214,5.419049
1585732734322,232.18906,328.43805,4.5130234
1585732734342,232.9311,328.43805,4.5130234
1585732734367,235.13391,328.10074,2.5367217
1585732734369,236.10217,328.10074,2.5367217
1585732734379,238.00272,326.94556,3.1514344
1585732734400,238.78958,326.06152,4.483234
1585732734419,237.3519,325.99738,5.363264
1585732734440,235.9613,325.94006,5.7570486
1585732734459,235.51773,325.87402,5.4832716
1585732734478,232.93774,326.9175,5.8637776
1585732734501,226.82935,328.87933,7.2030635
1585732734518,221.50471,330.88712,7.5449505
1585732734539,220.02303,330.93713,8.101382
1585732734557,221.54256,330.18298,6.7034
1585732734578,223.5064,330.09247,4.1285396
1585732734598,223.43652,330.19052,3.8230498
1585732734618,223.32332,330.1172,3.8835876
1585732734638,223.30728,329.67245,2.3690033
1585732734658,225.41074,329.1426,0.52987194
1585732734677,228.83147,327.8182,357.5704
1585732734697,232.26541,325.94135,355.61517
1585732734719,236.4094,323.59546,354.20505
1585732734737,236.72601,323.08807,355.6058
1585732734757,232.78705,323.27945,2.2493544
1585732734780,224.35724,325.12158,7.5773444
1585732734797,221.57556,328.98712,5.399665
1585732734818,223.29784,329.29355,3.2369578
1585732734837,229.1556,326.70987,1.1028836
1585732734859,234.34953,323.87982,0.52675754
1585732734879,235.19293,323.96103,358.22864
1585732734898,236.37863,322.43628,3.9893317
1585732734918,231.20401,326.22296,0.9619318
1585732734938,230.28299,327.30457,1.0869607
1585732734958,229.62161,327.41827,1.3709552
1585732734978,231.01167,326.2519,0.8574004
1585732734998,230.28377,326.73138,1.9868299
1585732735018,229.77168,326.8003,4.460573
1585732735037,232.9029,323.69733,8.68842
1585732735057,231.57489,324.75607,5.844501
1585732735077,231.05951,325.1729,5.3252225
1585732735098,231.77504,324.11978,4.7845597
1585732735117,230.80658,325.53168,0.9512824
1585732735137,233.76108,323.16043,357.14154
1585732735157,241.24718,316.80957,3.3518174
1585732735177,245.62527,314.09512,16.092817
1585732735198,242.33746,315.30746,18.928432
1585732735217,233.98184,320.91705,10.459789
1585732735237,230.96687,323.80954,9.545815
1585732735258,232.52563,323.20224,9.990561
1585732735279,236.98688,320.4717,8.90357
1585732735299,241.97537,317.79703,7.821948
1585732735318,242.06094,317.99078,7.870801
1585732735337,240.08517,319.43045,9.601655
1585732735357,240.00027,319.43045,9.601655
1585732735363,237.1569,320.86462,11.939249
1585732735379,232.14474,324.2525,9.659599
1585732735398,229.96799,326.07187,8.054744
1585732735419,230.64584,325.80734,6.453629
1585732735438,232.51883,324.4572,4.23966
1585732735461,234.44835,323.09912,6.3878193
1585732735478,233.39534,323.80698,8.0481205
1585732735498,231.90227,325.56854,6.574483
1585732735518,232.88792,325.1829,6.551407
1585732735538,235.89856,323.3272,5.4455805
1585732735567,237.8146,322.5458,5.059447
1585732735578,240.6918,320.96503,5.5024023
1585732735598,243.77348,319.21515,6.0385485
1585732735608,243.14868,319.39932,7.3821874
1585732735617,242.78923,319.39932,7.3821874
1585732735638,238.48872,321.9633,9.128241
1585732735658,239.12506,321.52188,9.827982
1585732735678,233.54442,325.49683,8.033301
1585732735700,235.1813,323.6131,10.664861
1585732735722,233.28125,325.64334,8.961884
1585732735741,233.88718,325.64334,8.961884
1585732735760,232.4245,327.18228,11.441959
1585732735782,233.61621,327.37695,10.718115
1585732735800,236.37418,326.42838,9.816147
1585732735820,237.69702,326.42838,9.816147
1585732735842,242.05501,324.3064,9.356756
1585732735860,243.12567,324.3064,9.356756
1585732735879,246.5485,322.69452,11.230263
1585732735900,249.1946,321.95862,12.628067
1585732735923,251.11261,321.58984,14.762491
1585732735938,250.59055,322.12332,17.827763
1585732735958,250.284,322.62503,19.81095
1585732735979,250.4635,323.10272,18.349678
1585732735997,249.8563,323.8592,16.281918
1585732736028,249.27292,324.9108,14.524732
1585732736038,249.71344,325.20535,11.600161
1585732736058,251.75449,324.526,8.415343
1585732736078,252.4524,324.87262,7.2756786
1585732736098,252.72421,325.7616,8.978108
1585732736117,249.52104,327.7907,8.8090105
1585732736138,251.15378,326.8726,6.7751985
1585732736158,253.3276,325.61905,6.6372733
1585732736177,255.39319,323.95697,5.892732
1585732736197,259.76385,321.05362,4.1874714
1585732736223,264.80005,318.25906,5.0032954
1585732736240,265.2006,317.9474,6.8826175
1585732736265,261.29126,319.4283,8.397746
1585732736278,257.61746,321.06314,9.757246
1585732736297,255.88235,321.75928,12.352913
1585732736317,251.838,323.58466,13.415016
1585732736337,248.24997,325.40955,12.5254135
1585732736357,247.75348,325.40955,12.5254135
1585732736359,247.11319,325.40955,12.5254135
1585732736379,251.69563,323.0742,12.726519
1585732736398,250.20865,323.745,6.8191767
1585732736419,253.26282,321.88058,4.1679354
1585732736438,252.64241,322.0056,1.7726754
1585732736458,250.34729,323.19977,358.82748
1585732736478,249.36337,323.6645,358.03113
1585732736497,249.56918,323.87033,358.3147
1585732736517,247.95113,325.3774,357.62427
1585732736538,249.12221,325.11853,359.0174
1585732736558,250.1163,324.44385,358.22617
1585732736578,253.9661,321.85205,358.42126
1585732736598,257.2253,319.83978,359.56345
1585732736607,257.06073,319.83978,359.56345
1585732736617,253.54193,322.6231,2.9970043
1585732736638,249.86162,324.43124,5.0948353
1585732736658,255.36282,321.24655,10.46742
1585732736678,251.45459,322.43433,7.873382
1585732736698,247.56506,323.9677,3.4509676
1585732736718,251.77776,320.9587,3.9151306
1585732736738,248.51624,322.66965,2.0812087
1585732736758,252.85701,320.28363,8.066967
1585732736777,248.53928,322.06326,4.543394
1585732736804,247.20279,323.16217,1.7016811
1585732736817,246.83945,324.0049,2.6980352
1585732736838,244.22415,325.90747,3.454799
1585732736859,246.35516,325.90747,3.454799
1585732736878,246.94664,326.66663,5.0538187
1585732736902,247.24127,327.619,4.2403483
1585732736918,246.65872,329.11423,5.54582
1585732736941,252.78293,327.8342,6.7438273
1585732736959,250.88367,329.98096,2.196397
1585732736978,252.83008,330.70667,358.10196
1585732736997,250.16275,333.19543,357.17432
1585732737017,248.16562,335.08112,356.89075
1585732737039,250.02628,334.8079,357.22342
1585732737057,252.63504,333.81985,357.78735
1585732737083,259.67654,331.09445,359.8014
1585732737099,264.78143,329.11118,1.6709127
1585732737118,264.73297,329.16898,1.9791099
1585732737138,260.95703,330.11246,2.892768
1585732737159,255.29666,331.70752,2.8158002
1585732737188,249.9238,333.01074,3.254327
1585732737201,245.04669,334.19946,2.0253203
1585732737222,248.95477,332.89252,356.41968
1585732737240,247.09251,332.89252,356.41968
1585732737267,254.58385,328.65234,355.7664
1585732737289,257.81677,326.10812,355.4216
1585732737304,257.36935,325.14453,355.28632
1585732737321,254.82906,325.40387,353.8346
1585732737342,252.52896,325.40387,353.8346
1585732737361,248.13254,326.89148,352.21375
1585732737382,242.67136,328.73926,356.5571
1585732737405,233.96185,332.36377,359.85507
1585732737421,227.41388,334.7653,3.3859642
1585732737439,224.67465,335.62915,5.7279243
1585732737459,227.49385,334.28564,5.8803477
1585732737485,232.37321,332.20538,4.485459
1585732737498,235.00644,331.76883,1.4621805
1585732737518,238.0481,331.04498,357.3606
1585732737537,240.54118,329.66187,354.32053
1585732737558,240.9534,328.65952,352.43845
1585732737580,239.80444,328.39624,352.5367
1585732737598,239.75192,327.14236,354.07565
1585732737618,241.32394,324.64386,357.73718
1585732737638,240.42976,323.9751,3.0930743
1585732737658,235.7523,325.0181,6.3154826
1585732737679,233.56378,325.65466,5.8896456
1585732737698,233.0784,325.55478,2.7665203
1585732737718,232.58295,325.90906,1.0890026
1585732737739,228.14919,327.37634,8.224709
1585732737758,222.97035,330.87967,10.993916
1585732737778,222.50844,332.8377,9.539822
1585732737798,224.30165,331.55936,10.303289
1585732737818,225.3723,329.43332,15.519192
1585732737837,230.9812,325.6544,18.255339
1585732737857,228.92914,325.3547,23.574722
1585732737883,230.66946,327.01233,19.400387
1585732737898,232.86505,327.3948,15.841943
1585732737917,233.64069,328.1635,12.765583
1585732737937,231.2145,331.5825,7.885199
1585732737961,229.69577,333.6669,5.398473
1585732737978,229.28207,334.27954,3.864068
1585732737997,231.4999,332.95395,1.4799607
1585732738018,232.70496,331.2271,6.008383
1585732738038,230.83829,331.18326,10.823933
1585732738062,229.33362,331.5325,13.162545
1585732738079,228.07848,332.9107,12.124151
1585732738098,226.69339,335.51715,8.540013
1585732738118,227.4727,337.64978,4.7990007
1585732738138,227.82217,339.28082,2.8613594
1585732738162,226.7141,341.13116,2.32746
1585732738180,226.21231,342.51306,1.5384061
1585732738199,225.82617,345.18414,358.53278
1585732738219,226.82811,344.70905,357.93655
1585732738239,227.98164,344.1895,357.63083
1585732738259,230.83194,341.9277,357.67682
1585732738278,233.17084,340.8648,355.4594
1585732738298,233.5636,340.44067,355.57153
1585732738318,231.82466,342.42276,354.76227
1585732738337,229.82124,344.1574,354.58502
1585732738362,229.63684,344.85944,353.3336
1585732738379,230.41838,344.73105,352.75705
1585732738398,230.23479,344.04758,353.5468
1585732738419,231.55031,342.04248,355.03513
1585732738437,233.89041,339.1603,356.48215
1585732738458,236.41316,336.93655,356.97552
1585732738479,239.18332,333.99197,357.7627
1585732738497,240.99692,332.23645,359.83713
1585732738517,239.44983,332.4212,1.4720466
1585732738546,234.1926,335.88812,359.96402
1585732738558,227.36925,341.4754,359.0837
1585732738578,221.58766,345.84506,0.6329086
1585732738597,218.73398,347.80557,1.9067799
1585732738618,218.49771,345.85022,3.380125
1585732738637,223.47772,339.85654,4.844173
1585732738658,232.3497,334.18564,2.9183195
1585732738678,234.76683,332.30844,3.4515991
1585732738698,234.97675,332.31516,1.65064
1585732738719,233.19374,334.51282,357.21622
1585732738743,228.56183,337.7449,356.9952
1585732738759,228.17432,337.18158,357.3462
1585732738778,238.91724,329.635,353.15152
1585732738801,260.78815,318.6468,10.142905
1585732738824,236.63376,328.22983,4.771719
1585732738842,230.32352,333.52527,0.25112432
1585732738860,229.68872,334.26724,358.89023
1585732738879,229.72319,334.26724,358.89023
1585732738900,231.72491,331.15894,2.5742512
1585732738921,241.13629,324.46292,5.56352
1585732738940,240.95685,324.42865,5.4841776
1585732738960,238.16934,325.60028,4.812275
1585732738979,234.66833,327.42017,4.060269
1585732739000,233.82303,327.5837,5.8226895
1585732739019,232.61945,328.38608,3.850377
1585732739038,232.29208,328.38608,3.850377
1585732739059,231.02974,329.14487,3.8150535
1585732739079,230.89049,328.9705,5.3609304
1585732739098,232.353,327.715,6.4486704
1585732739118,232.11317,328.57907,3.882053
1585732739138,228.53952,331.7776,3.7289805
1585732739159,226.60263,332.00095,5.512722
1585732739179,231.74965,329.7556,2.4184632
1585732739200,233.8204,329.4768,356.6979
1585732739219,230.8086,330.9198,358.66556
1585732739239,226.51697,332.04404,3.0547628
1585732739259,225.79814,332.45572,1.196752
1585732739279,229.03528,330.9161,357.48166
1585732739297,230.42047,328.88034,357.85828
1585732739322,227.0172,331.018,357.1339
1585732739338,225.12073,332.29932,356.32703
1585732739358,226.71844,331.3469,353.92468
1585732739377,227.65202,330.58234,351.92426
1585732739398,227.29291,331.00256,349.90326
1585732739417,228.16107,329.85382,348.3603
1585732739438,231.28746,326.3644,348.0304
1585732739458,235.04239,322.46225,347.04266
1585732739477,235.78275,321.1393,345.9454
1585732739503,233.58003,321.7909,347.85522
1585732739518,229.50539,323.42374,351.02423
1585732739538,228.33136,323.42374,351.02423
1585732739558,225.54688,324.43604,352.5401
1585732739579,223.68517,325.6166,352.19153
1585732739597,222.45703,326.47305,352.26224
1585732739619,220.96207,327.09537,353.31802
1585732739638,220.75835,327.23688,353.3729
1585732739658,222.5305,326.06125,352.79056
1585732739678,222.62544,325.83902,353.91666
1585732739698,219.0262,328.88657,355.53494
1585732739719,216.00006,332.25162,355.55093
1585732739738,217.17572,333.3404,352.55646
1585732739758,217.88802,333.28262,351.06033
1585732739778,219.46078,331.5189,352.7102
1585732739797,225.32779,325.95752,353.4557
1585732739817,227.13666,325.6335,349.25543
1585732739838,226.7371,326.59894,346.25436
1585732739858,225.38725,328.47235,345.27734
1585732739878,225.73807,327.16928,350.6333
1585732739897,225.8075,328.04898,349.72244
1585732739918,227.93062,326.43118,350.93753
1585732739938,227.04037,326.53406,354.63577
1585732739958,225.2191,328.61252,355.46835
1585732739978,222.39525,331.6433,356.75128
1585732739998,221.56259,334.41016,356.21973
1585732740019,222.48396,335.3908,355.61636
1585732740042,222.79434,336.27225,355.92917
1585732740057,223.75551,336.93268,355.74994
1585732740078,224.37096,337.68802,356.1806
1585732740097,226.29709,336.89105,356.96124
1585732740120,230.07729,334.68182,357.08878
1585732740137,232.49362,334.32193,356.3438
1585732740159,234.50189,334.34726,354.04758
1585732740179,234.27985,334.829,355.16855
1585732740199,233.91135,335.1898,358.3022
1585732740218,235.33795,334.87524,358.71863
1585732740238,235.80978,335.5883,357.67484
1585732740259,235.80188,335.76804,358.98434
1585732740278,237.17798,334.36133,2.0750158
1585732740305,239.64194,332.4645,5.84159
1585732740320,239.2283,333.12497,5.375867
1585732740341,237.41214,335.54578,4.0660987
1585732740360,237.51993,335.54578,4.0660987
1585732740382,238.61728,334.1923,6.030291
1585732740403,240.97455,333.75043,2.3400989
1585732740419,239.43716,335.92252,357.8901
1585732740439,236.34615,338.52615,357.3862
1585732740459,235.28012,338.6259,358.37097
1585732740478,234.59431,338.6259,358.37097
1585732740499,237.3805,335.90546,357.4215
1585732740518,244.78195,329.84122,0.15644842
1585732740538,250.32054,326.1641,1.0536205
1585732740557,247.7078,327.2084,1.648357
1585732740578,236.59167,333.5179,2.4735875
1585732740600,228.83064,342.35156,356.4322
1585732740618,229.61942,335.76068,7.9929333
1585732740637,229.70529,336.14502,7.3590765
1585732740658,232.99402,334.95102,4.4102015
1585732740680,235.83173,333.67465,2.228061
1585732740699,237.2479,333.67813,358.34824
1585732740719,239.68518,330.80972,1.0145037
1585732740738,245.7948,326.32816,5.462719
1585732740758,246.92154,325.30368,5.864333
1585732740778,244.758,325.92563,8.05641
1585732740797,244.74103,325.36743,10.1859
1585732740818,246.0816,324.29333,9.721131
1585732740837,247.22731,323.67352,7.2836103
1585732740857,245.63727,324.0066,4.3647833
1585732740877,246.87738,323.45856,3.9010296
1585732740898,247.61966,322.8731,3.4836519
1585732740918,249.36615,322.0389,4.720484
1585732740937,252.01096,320.98538,6.655686
1585732740958,243.75468,325.50574,4.2535763
1585732740978,235.07108,330.39722,6.200198
1585732741001,233.78528,331.45056,5.561632
1585732741018,235.3041,331.78577,2.8318014
1585732741039,234.54703,332.75528,1.1510534
1585732741058,239.42358,329.8273,0.6682822
1585732741079,238.14017,330.41824,1.6218773
1585732741099,238.91502,329.6037,3.4681623
1585732741118,238.06172,329.08774,4.0413375
1585732741139,234.72823,330.31424,4.052138
1585732741159,232.22145,331.61862,3.1037574
1585732741183,231.2833,332.43552,0.01939611
1585732741199,231.93802,332.3462,354.9511
1585732741219,235.18318,328.82834,351.63055
1585732741238,232.80724,330.05887,345.21753
1585732741259,232.24973,328.22958,344.27628
1585732741283,231.62605,327.09506,343.00006
1585732741298,231.34929,324.7553,344.49536
1585732741318,226.45024,327.53027,343.61118
1585732741338,224.46977,327.28287,343.60617
1585732741359,224.11472,325.75363,342.64868
1585732741378,225.39377,322.09583,342.77988
1585732741398,223.08362,324.08746,338.7037
1585732741418,219.78554,326.67465,339.2543
1585732741438,219.7879,325.6244,340.04788
1585732741458,219.73584,324.77094,338.99063
1585732741478,218.49274,325.69,338.6154
1585732741497,217.6838,326.51382,339.40414
1585732741517,217.90958,325.61087,340.42813
1585732741539,221.28012,320.67194,341.80112
1585732741559,225.04498,315.75204,346.04718
1585732741578,223.57841,316.57654,350.77097
1585732741598,220.24783,318.7215,353.44034
1585732741619,219.31439,320.17395,354.5871
1585732741637,218.87564,321.65207,353.45062
1585732741658,218.26312,323.63306,351.99002
1585732741693,217.85596,325.06052,352.0238
1585732741698,218.91602,325.32178,353.27917
1585732741718,220.09491,325.77585,354.35815
1585732741738,220.16689,327.51636,355.10825
1585732741758,219.76537,329.38995,355.92084
1585732741778,220.01935,330.2962,356.784
1585732741801,218.68364,333.5555,355.56647
1585732741821,220.59686,333.48373,354.89417
1585732741840,222.0051,333.48373,354.89417
1585732741859,225.1629,331.4893,354.06308
1585732741879,228.0222,330.8744,350.25394
1585732741899,228.4434,330.06558,351.38
1585732741921,229.34418,330.35962,350.40836
1585732741945,228.63559,331.5881,351.20682
1585732741958,229.71007,331.3797,353.94785
1585732741979,230.16072,331.33456,355.9776
1585732741998,229.96895,332.5921,355.3847
1585732742019,229.53452,334.36414,354.4016
1585732742038,230.5115,334.36414,354.4016
1585732742058,231.30486,335.07892,354.24518
1585732742078,232.9053,334.56705,353.79156
1585732742097,233.77548,334.8076,352.6055
1585732742118,233.20247,335.2445,352.72443
1585732742140,234.65378,333.4823,354.4777
1585732742162,240.3471,329.0255,357.0971
1585732742178,239.10876,330.49744,356.20364
1585732742199,231.99695,336.98004,356.41696
1585732742219,229.60057,338.4855,359.60733
1585732742238,231.9118,337.49033,359.59747
1585732742259,232.71631,337.60696,0.7738516
1585732742278,234.12694,337.11945,2.2297037
1585732742297,239.38913,334.59933,1.9968534
1585732742317,237.94896,335.83115,3.5159457
1585732742337,238.2604,335.55957,5.6448526
1585732742358,241.79495,332.22794,10.946699
1585732742378,248.30623,329.66177,13.898616
1585732742398,247.82037,329.99585,13.620777
1585732742417,244.2833,331.43628,12.262628
1585732742439,244.76022,331.52936,11.907567
1585732742458,237.31226,335.96313,9.594767
1585732742479,228.40927,344.1223,6.1364684
1585732742498,226.8695,348.72787,3.555666
1585732742517,226.35023,350.47418,3.8091598
1585732742538,227.24251,350.47418,3.8091598
1585732742557,230.18912,349.04507,3.0815992
1585732742578,232.40536,349.2119,0.15289491
1585732742597,232.91751,349.83334,358.71762
1585732742618,232.95581,348.63913,0.5050324
1585732742639,237.41583,345.0295,358.6656
1585732742658,242.43515,340.7115,353.7756
1585732742690,247.18494,335.1366,349.08258
1585732742698,250.49474,330.34775,349.7624
1585732742718,248.86029,330.16547,352.78073
1585732742739,244.29807,332.4224,356.65472
1585732742758,241.6603,332.53558,358.3309
1585732742778,243.2103,330.33704,357.14233
1585732742798,242.29724,330.60706,354.71375
1585732742823,237.42654,333.8282,357.01068
1585732742841,230.76999,338.28372,2.7052965
1585732742857,227.00876,341.3278,4.838327
1585732742878,226.39862,342.79596,5.0691247
1585732742898,224.98448,343.87723,7.3936343
1585732742921,227.32643,342.10892,9.24604
1585732742938,226.41432,343.64514,10.696551
1585732742958,233.70221,340.84592,7.843254
1585732742978,236.16327,340.72882,6.050609
1585732742997,234.75372,341.84482,8.370657
1585732743017,241.59009,338.86536,4.67036
1585732743038,241.91017,339.90656,2.592467
1585732743058,242.53183,339.2113,5.2435684
1585732743078,240.29938,340.29855,6.8931284
1585732743103,241.58977,339.13184,7.277427
1585732743120,243.98035,337.93134,6.2821565
1585732743137,244.52567,338.19836,4.8356733
1585732743158,244.74069,338.27197,3.709217
1585732743179,246.75668,337.6906,1.8338872
1585732743198,242.5744,340.16016,3.2848551
1585732743218,238.20865,343.08698,3.69328
1585732743239,238.96051,344.56384,0.34924248
1585732743260,242.06218,343.62753,358.0373
1585732743278,245.10378,341.89145,356.91998
1585732743303,248.22945,340.37067,355.91046
1585732743322,248.19864,340.96167,356.7761
1585732743343,243.6342,343.97336,358.653
1585732743359,242.1955,344.3929,1.8635947
1585732743381,246.16422,342.22083,2.281205
1585732743399,244.96138,342.71344,2.237933
1585732743419,241.61603,344.97726,2.3607588
1585732743439,241.96413,344.5409,3.7005584
1585732743459,242.06406,344.5409,3.7005584
1585732743478,241.3795,344.15112,4.102932
1585732743500,240.7142,344.15112,4.102932
1585732743517,245.85416,340.30444,2.6865795
1585732743542,243.05927,341.3289,2.1375558
1585732743558,241.79865,341.84076,3.2434983
1585732743578,239.68027,341.57745,7.71165
1585732743598,237.12357,341.33813,11.921371
1585732743619,236.38202,340.9752,13.524228
1585732743637,242.41597,338.56256,10.753812
1585732743659,245.0101,337.99155,7.4805613
1585732743691,247.80627,336.56293,6.1660995
1585732743700,248.94174,336.66962,7.2832665
1585732743719,243.08817,339.90915,10.572088
1585732743738,242.36354,340.07513,13.681955
1585732743758,240.91766,342.2366,12.054574
1585732743778,237.84686,344.44205,13.683413
1585732743805,236.3703,344.25452,17.754406
1585732743817,236.06564,342.92142,21.686716
1585732743838,246.77835,340.73184,13.061572
1585732743857,247.80997,341.66486,3.58033
1585732743877,249.14627,341.00275,4.563841
1585732743900,248.81805,341.22278,8.657616
1585732743918,247.52103,342.48444,7.625686
1585732743937,246.91663,343.1993,4.6050916
1585732743957,248.74582,341.3253,2.7514682
1585732743977,251.46686,338.39615,1.3587112
1585732744001,252.8768,336.9599,1.0507596
1585732744018,250.52524,338.0972,1.5549895
1585732744037,248.50763,338.94766,2.7197616
1585732744059,246.30313,339.51093,3.1085188
1585732744078,245.08011,339.11154,2.300504
1585732744097,245.44626,337.9529,0.78619236
1585732744118,246.94589,335.7321,0.51805454
1585732744138,246.74715,334.8419,1.8792343
1585732744158,243.93365,335.4749,4.9535785
1585732744179,241.77887,335.8875,6.4819446
1585732744198,241.1521,335.5038,6.628907
1585732744220,242.71338,334.29703,3.5681143
1585732744239,244.294,333.36703,0.9572359
1585732744262,243.24419,333.53912,0.89918077
1585732744278,241.95996,334.317,0.90600675
1585732744298,241.03555,335.0174,1.4951601
1585732744319,240.22903,335.8092,0.44602016
1585732744337,242.22552,334.31198,0.079612546
1585732744358,241.32265,335.43768,357.41772
1585732744378,239.88986,336.72058,358.3618
1585732744398,238.95631,337.27948,0.43540064
1585732744417,240.40701,336.54703,0.3535849
1585732744438,243.30896,334.6432,359.8962
1585732744459,245.39192,332.75745,0.68801457
1585732744487,247.02158,331.34964,3.0918198
1585732744498,246.67282,331.8211,2.723113
1585732744518,245.87581,332.56003,359.72278
1585732744538,245.707,333.35257,358.28564
1585732744558,245.67865,333.62128,359.76096
1585732744577,247.05548,332.5653,3.121582
1585732744598,245.24606,333.16794,6.0554547
1585732744618,246.20364,332.82098,8.008235
1585732744637,247.19533,332.17346,9.442189
1585732744658,245.68192,333.94553,6.677492
1585732744678,244.96408,335.0175,5.6673856
1585732744698,244.3652,335.88977,2.9630468
1585732744718,244.7539,336.23856,359.93204
1585732744738,245.92828,335.9595,358.7612
1585732744761,247.31526,335.804,357.8949
1585732744779,249.1034,334.57306,357.73505
1585732744800,252.69333,332.66135,0.383456
1585732744819,252.78964,332.66135,0.383456
1585732744841,253.79529,332.50638,3.8597322
1585732744858,251.26054,334.1265,4.019106
1585732744880,250.7576,334.8593,2.7478404
1585732744899,251.39636,334.4481,3.5104547
1585732744919,252.37747,333.7212,3.8524287
1585732744939,253.09726,333.57938,3.616087
1585732744959,251.371,334.67712,3.927655
1585732744978,248.51602,336.78204,4.4172516
1585732744997,247.65138,337.68314,3.0321496
1585732745017,249.03299,337.02197,2.6463556
1585732745037,249.59166,337.02197,2.6463556
1585732745060,252.69691,335.19095,3.387942
1585732745078,255.20798,334.21133,2.3801317
1585732745097,254.42242,334.906,0.06290684
1585732745118,255.03294,334.95752,1.0122554
1585732745137,257.42676,333.68082,3.0319557
1585732745158,258.39825,333.4241,4.1836166
1585732745178,256.35483,335.08905,4.596659
1585732745197,252.19797,337.74493,3.6176713
1585732745218,249.38354,339.8717,2.2443695
1585732745238,249.39029,339.4112,0.98284215
1585732745258,251.52422,337.67722,357.55438
1585732745278,251.84555,336.8115,355.6258
1585732745297,253.75018,334.9935,358.5863
1585732745317,252.78265,335.24347,359.9426
1585732745343,250.34378,336.17923,1.4843643
1585732745357,248.51924,336.62616,2.3846078
1585732745378,247.5441,336.5906,1.9822165
1585732745398,247.56413,336.2202,2.198366
1585732745417,247.5781,335.79276,1.6851306
1585732745444,247.25418,335.68512,0.42190832
1585732745458,246.19334,335.89203,1.8432721
1585732745477,245.02927,335.97458,4.312703
1585732745497,246.0657,335.02814,5.5583467
1585732745517,247.36049,333.93686,4.9993105
1585732745538,247.0877,333.93686,4.9993105
1585732745559,247.15826,333.39026,4.689073
1585732745579,245.8147,333.9019,5.33448
1585732745598,245.74028,333.9893,7.089403
1585732745622,245.97418,333.55423,9.551263
1585732745641,246.91876,332.9808,11.540382
1585732745658,247.84512,332.83826,11.109324
1585732745678,248.25908,332.9768,8.443527
1585732745704,249.50925,332.60016,7.542891
1585732745719,251.07068,332.53253,8.762119
1585732745738,251.4651,333.31647,10.787336
1585732745759,249.75385,335.08685,10.843756
1585732745778,249.94576,336.0136,8.443821
1585732745797,254.1053,334.18027,9.097627
1585732745818,256.57306,333.26483,10.437543
1585732745838,259.49704,332.37027,10.486591
1585732745858,259.19687,333.0164,8.608038
1585732745877,255.61514,334.99228,6.5245304
1585732745898,252.7571,336.14243,6.515518
1585732745918,251.2789,336.64203,7.066167
1585732745938,250.01721,336.7862,6.228384
1585732745959,248.97668,336.68652,4.7808013
1585732745979,248.60168,336.06818,3.636099
1585732745998,248.40207,334.9511,2.934414
1585732746018,249.67293,332.6796,2.184634
1585732746039,250.445,330.9924,3.5723622
1585732746058,250.42032,330.57855,3.7459998
1585732746078,249.61673,330.15222,3.8627963
1585732746101,249.50577,329.57938,4.554158
1585732746121,246.91896,330.67764,6.9834495
1585732746138,240.70444,334.2502,8.549319
1585732746159,235.83453,338.3122,7.1443534
1585732746179,232.09795,341.42184,7.549923
1585732746201,229.79373,343.38232,8.2596655
1585732746222,230.14401,343.68506,7.5761476
1585732746238,231.969,342.9562,6.4626412
1585732746259,233.11115,341.30927,8.338771
1585732746278,233.11621,339.52722,12.165588
1585732746301,234.38913,338.9775,10.700698
1585732746321,235.32224,340.35138,3.9811494
1585732746341,235.227,340.93985,0.41079974
1585732746361,235.01505,341.14688,358.70816
1585732746379,234.41388,341.14688,358.70816
1585732746403,237.09601,338.6572,356.4227
1585732746419,238.97845,336.80548,355.8686
1585732746438,239.04105,336.51205,355.7492
1585732746461,237.90598,337.5308,355.9486
1585732746480,237.57614,337.8219,355.58942
1585732746500,239.12604,336.4939,355.33484
1585732746517,241.2128,334.51114,355.46207
1585732746537,241.94345,333.68597,356.29578
1585732746560,240.64758,334.89777,357.06012
1585732746581,237.9435,337.45712,357.34415
1585732746598,236.66925,338.42117,358.6763
1585732746618,237.93066,337.27322,0.26764435
1585732746638,241.32791,335.3768,0.4970038
1585732746660,242.2392,335.29944,358.83542
1585732746679,240.93085,336.98718,359.35834
1585732746705,240.57793,337.5681,1.2238743
1585732746719,239.74619,338.87357,0.6059716
1585732746739,239.10828,340.1363,359.74048
1585732746758,241.06567,339.31354,0.57051414
1585732746778,242.74976,338.56522,1.2438791
1585732746797,241.48181,339.69925,3.0345984
1585732746817,246.37125,337.01642,3.7685347
1585732746837,249.91557,335.6405,0.79982185
1585732746858,249.4436,336.80618,359.85098
1585732746877,249.00546,337.9072,359.54
1585732746898,249.37622,338.4214,359.07678
1585732746917,248.30048,339.78323,358.39822
1585732746939,247.63226,340.46982,359.61078
1585732746957,245.92734,342.01425,356.92184
1585732746977,247.82007,340.20096,356.97482
1585732746998,244.54648,342.81268,354.796
1585732747019,248.93335,338.07324,358.70435
1585732747039,248.17863,337.92838,356.5576
1585732747057,246.4728,338.5374,354.74652
1585732747077,249.30731,335.0702,356.59695
1585732747097,246.71573,336.53354,353.35092
1585732747120,242.8925,339.5602,352.77026
1585732747138,246.25668,335.5808,357.27768
1585732747167,243.20184,338.0483,355.71582
1585732747180,243.02457,337.77466,357.28433
1585732747199,240.56097,339.8001,358.52182
1585732747220,244.9638,335.6394,1.4947509
1585732747239,244.56425,336.3941,357.514
1585732747259,246.62132,334.60452,356.1973
1585732747278,250.08301,331.90552,355.33707
1585732747299,249.28595,332.51212,355.61523
1585732747319,243.03973,338.34573,355.66946
1585732747339,237.8274,343.51663,356.33887
1585732747357,236.8406,344.3529,357.5288
1585732747378,239.50024,342.89163,357.48834
1585732747403,243.01675,340.18723,357.37808
1585732747419,245.24557,339.2625,355.16745
1585732747438,245.38467,340.55002,351.6462
1585732747458,248.24924,339.23273,349.9071
1585732747485,252.8284,335.83182,350.0873
1585732747498,253.42969,336.54068,352.65634
1585732747517,250.95152,339.35132,353.76978
1585732747537,252.92894,338.4153,352.61456
1585732747558,257.9333,335.28317,352.0077
1585732747579,263.56323,332.83786,355.7681
1585732747598,261.12897,335.2527,359.52658
1585732747619,255.09503,339.07104,358.1145
1585732747637,254.69528,339.88373,356.4971
1585732747658,253.24783,340.85443,356.74887
1585732747679,251.83612,342.26468,354.03763
1585732747699,252.7146,342.33987,350.0966
1585732747718,253.6805,342.51877,348.63016
1585732747737,253.93706,342.43274,347.14413
1585732747757,256.2926,340.919,347.87842
1585732747780,254.36212,341.79636,347.00183
1585732747801,254.18585,341.44617,346.25006
1585732747822,255.53317,339.5355,340.40863
1585732747844,255.88496,337.99316,338.94287
1585732747863,257.9419,335.4732,340.15195
1585732747883,256.73233,335.93027,341.9308
1585732747899,256.12366,335.93027,341.9308
1585732747919,254.15509,337.08072,342.46945
1585732747939,256.83755,334.67627,342.3383
1585732747958,261.8839,331.22513,346.2727
1585732747980,257.72803,334.44705,348.46286
1585732748000,255.18393,336.35037,346.20975
1585732748019,252.40065,338.93747,346.0424
1585732748038,252.87343,338.93747,346.0424
1585732748058,250.33353,341.13937,346.55386
1585732748079,250.06653,341.6933,346.17416
1585732748098,250.6649,341.57834,345.82
1585732748119,252.49266,341.17014,345.85062
1585732748137,250.42175,343.40967,346.0953
1585732748160,248.85336,345.68045,345.9575
1585732748179,249.64738,345.55588,344.55814
1585732748198,251.19568,344.68134,343.12476
1585732748219,255.01823,342.51685,343.87396
1585732748239,258.13748,340.8501,344.27454
1585732748261,259.78943,340.10974,343.99295
1585732748278,260.2979,340.15186,344.04453
1585732748298,261.45367,339.5202,342.1322
1585732748317,262.2366,339.1447,341.6173
1585732748340,262.45093,339.71188,342.09247
1585732748357,262.4624,340.9746,343.46213
1585732748378,263.1218,341.39856,344.4453
1585732748398,264.93762,340.4056,344.56134
1585732748418,266.2313,340.0909,343.73624
1585732748441,266.0614,340.97302,342.97885
1585732748459,266.79135,341.7801,343.1118
1585732748478,269.09253,341.20645,344.04715
1585732748498,272.81897,339.64603,344.82358
1585732748517,276.59076,337.52606,345.83078
1585732748542,277.23013,337.52606,345.83078
1585732748558,282.37033,335.7577,348.3224
1585732748579,284.2198,336.35437,350.94223
1585732748598,285.43097,336.9911,352.57895
1585732748619,288.7001,336.71884,354.94574
1585732748638,289.0492,338.17865,356.10632
1585732748659,291.0135,339.30048,356.64203
1585732748678,291.6145,341.11172,356.69693
1585732748699,296.70602,341.03146,357.51767
1585732748720,299.37717,341.4007,356.2159
1585732748740,300.18768,342.4883,354.65546
1585732748758,302.27838,344.29678,354.52493
1585732748778,301.7369,347.58902,354.51886
1585732748799,305.93137,345.78424,352.51056
1585732748822,307.02994,343.895,349.9912
1585732748838,306.27618,343.76422,347.87863
1585732748858,305.694,344.33652,346.9073
1585732748877,305.48068,344.86014,347.10748
1585732748898,304.66107,345.48178,347.35965
1585732748922,303.7756,345.0573,347.6485
1585732748940,300.5261,345.2168,347.1449
1585732748958,297.70325,345.15024,346.66687
1585732748978,297.2443,343.9417,346.50436
1585732748998,298.97415,341.2245,346.4419
1585732749018,295.73682,339.78076,343.74692
1585732749040,289.39496,341.07758,342.13528
1585732749058,286.77026,341.61737,343.14493
1585732749078,286.31564,341.06204,344.19196
1585732749103,286.52365,340.56268,344.77853
1585732749119,286.9887,339.70258,345.13785
1585732749139,287.7784,338.82593,345.7514
1585732749160,285.16644,340.02686,345.9139
1585732749180,283.0641,340.94754,346.21667
1585732749203,284.21484,340.56342,345.7989
1585732749219,286.6161,339.4748,345.46585
1585732749239,288.0182,338.27054,344.1864
1585732749259,291.91302,335.71423,343.8111
1585732749279,293.2516,334.4471,343.37695
1585732749306,294.94226,334.5212,344.8262
1585732749323,298.00717,335.0285,348.23572
1585732749341,297.14502,336.95285,350.6792
1585732749361,296.08267,338.24142,352.06683
1585732749380,295.72745,338.24142,352.06683
1585732749401,291.33942,340.3158,353.0051
1585732749421,290.78458,341.08743,353.6819
1585732749440,291.13995,340.93506,353.00024
1585732749461,286.5231,341.26413,350.09317
1585732749480,281.05652,342.17664,347.68372
1585732749504,278.8083,342.56354,346.52225
1585732749519,275.68436,343.10596,345.26807
1585732749538,277.3582,341.9939,344.2905
1585732749557,280.11572,339.44504,342.68277
1585732749579,279.0683,337.90482,340.77603
1585732749598,278.31927,337.0275,340.74304
1585732749618,277.92578,335.99234,341.4445
1585732749637,277.62854,335.69888,341.78845
1585732749658,277.07248,335.41766,342.39618
1585732749679,273.05783,335.8223,341.25525
1585732749704,268.41837,336.5373,340.22894
1585732749718,264.4646,337.6774,339.9988
1585732749738,261.9142,338.40826,340.54636
1585732749758,260.16254,339.3814,340.8581
1585732749780,256.07394,341.789,340.28857
1585732749798,254.11887,342.7303,340.23776
1585732749818,257.29907,340.91888,340.62042
1585732749837,261.6624,338.9586,340.40216
1585732749858,265.1908,337.9662,341.19913
1585732749882,267.98495,337.42096,341.20062
1585732749897,268.19006,337.94785,340.05975
1585732749918,267.99457,338.5209,339.5918
1585732749938,269.8794,338.75183,341.12027
1585732749957,266.06494,341.21802,340.7621
1585732749978,263.30792,343.57123,340.42004
1585732750000,264.19885,343.88498,341.54733
1585732750018,269.87692,341.8741,342.22336
1585732750038,275.0751,339.87906,342.68488
1585732750058,277.5872,339.55527,342.73386
1585732750078,276.5291,340.37976,342.33453
1585732750098,274.81787,340.7024,340.21777
1585732750118,271.21277,342.45435,337.34366
1585732750137,269.44208,343.7118,338.06467
1585732750158,272.56323,342.29285,338.5752
1585732750178,272.93872,341.64487,338.06958
1585732750198,272.64685,342.66528,339.92917
1585732750219,274.51614,341.85046,340.86475
1585732750239,277.47867,339.72858,339.49588
1585732750264,277.7845,338.2306,335.51724
1585732750278,276.993,338.59433,335.05667
1585732750298,274.0445,340.3822,335.85236
1585732750318,270.71033,342.14862,336.41995
1585732750338,268.3837,342.94543,337.0461
1585732750358,266.17557,343.33255,338.31934
1585732750379,262.6106,344.6748,339.0856
1585732750398,263.58356,343.76852,340.87247
1585732750418,268.40317,340.95737,341.10977
1585732750438,267.80515,340.5196,339.97192
1585732750457,264.59604,342.41754,339.27438
1585732750480,263.6691,343.51553,339.5465
1585732750498,267.07858,342.36917,338.35062
1585732750519,273.5555,338.85452,336.02283
1585732750538,275.164,338.11533,334.60266
1585732750561,277.07785,338.89084,338.67615
1585732750579,277.40472,340.2518,342.14902
1585732750597,277.10904,341.90283,343.8907
1585732750618,273.72998,344.2572,344.69797
1585732750637,271.7577,345.66293,348.2806
1585732750658,275.59567,344.97263,351.9247
1585732750678,274.13254,345.4725,350.8553
1585732750698,268.5237,347.7922,349.6807
1585732750718,267.5097,348.72433,350.93304
1585732750738,273.18997,347.79343,350.9861
1585732750757,275.28943,347.30386,348.1125
1585732750779,275.99136,347.58728,345.73474
1585732750802,285.64154,343.6957,343.04956
1585732750821,291.32898,341.36575,342.4385
1585732750847,293.97876,341.28186,343.20105
1585732750860,295.42072,342.55392,345.34814
1585732750881,298.62943,342.10608,346.28333
1585732750898,295.65964,342.83255,343.86917
1585732750919,295.05927,344.49002,344.62228
1585732750944,302.12198,342.9651,347.50357
1585732750959,308.71906,340.01743,348.31772
1585732750980,309.966,339.37198,348.0978
1585732750998,310.30057,339.37198,348.0978
1585732751019,305.2823,342.88477,347.77365
1585732751038,306.19482,342.88477,347.77365
1585732751058,303.1817,343.88843,346.37866
1585732751078,299.321,344.89142,344.5111
1585732751098,296.01123,346.1612,343.5288
1585732751119,293.41113,346.6456,342.51788
1585732751144,293.32675,344.73526,340.72604
1585732751159,290.4896,343.19437,337.19897
1585732751179,287.92413,342.496,335.81525
1585732751198,286.68155,341.0976,336.2523
1585732751219,286.00574,339.7438,337.23157
1585732751240,285.22308,337.51028,336.27988
1585732751260,279.88635,339.9828,335.19244
1585732751278,279.1392,340.73056,338.33484
1585732751297,284.43512,336.7208,339.24432
1585732751317,283.94122,336.7771,338.4831
1585732751338,283.09802,338.94656,341.0024
1585732751358,283.2157,341.3846,343.85397
1585732751381,283.856,343.08014,345.2065
1585732751398,287.0507,343.23996,346.65167
1585732751418,292.539,341.8967,348.47995
1585732751437,295.9026,341.68448,349.69986
1585732751458,291.50778,344.6006,349.03568
1585732751478,288.87814,346.356,347.8349
1585732751497,289.3816,346.37668,346.32852
1585732751517,287.91354,346.4147,344.2827
1585732751538,287.62985,346.4147,344.2827
1585732751558,286.3703,346.38834,342.68805
1585732751578,285.46313,346.50293,341.72147
1585732751597,285.254,345.64688,340.02438
1585732751624,283.2743,345.16483,336.95898
1585732751637,280.9668,345.52155,335.1554
1585732751658,278.55948,346.3611,335.26547
1585732751679,278.403,346.20142,335.88605
1585732751699,278.231,345.93884,335.3647
1585732751719,280.23627,344.16714,336.0428
1585732751741,281.70508,342.02045,335.1405
1585732751759,280.97626,341.6034,332.8977
1585732751778,282.9229,340.5142,333.23376
1585732751797,284.77234,340.74408,335.05524
1585732751818,286.10318,342.02075,336.20016
1585732751838,290.49527,340.5866,338.60565
1585732751858,294.33966,340.0105,341.4397
1585732751878,298.4737,338.65814,343.17273
1585732751898,301.8257,337.0928,343.33414
1585732751917,305.1815,335.74112,344.39902
1585732751940,307.53372,337.73514,347.8865
1585732751958,318.61795,337.14963,356.29794
1585732751978,312.1624,334.63266,350.5941
1585732751998,292.97003,336.76328,334.8474
1585732752021,290.0235,339.73126,338.0944
1585732752038,291.59363,342.80817,349.31955
1585732752058,281.61667,346.77945,353.53937
1585732752078,269.86984,348.48703,353.38046
1585732752098,264.92303,347.47202,353.13962
1585732752123,259.39362,346.56863,355.30383
1585732752140,250.88226,345.8264,358.8632
1585732752159,243.05824,345.6789,358.61896
1585732752178,243.1286,344.59482,356.8126
1585732752198,246.276,342.39432,356.46225
1585732752218,252.94266,339.5592,358.47354
1585732752239,247.37418,340.2952,358.41412
1585732752259,240.44618,341.98547,358.16895
1585732752278,243.90292,342.1958,356.91354
1585732752307,260.52594,339.41446,354.8048
1585732752321,269.72046,337.653,353.49042
1585732752340,270.05325,337.6617,353.37982
1585732752359,269.987,337.6617,353.37982
1585732752379,266.30933,338.20026,353.08502
1585732752409,259.64966,339.8348,349.22507
1585732752420,258.84415,339.16147,348.51532
1585732752440,263.29645,335.78058,348.27982
1585732752458,258.73932,335.78058,348.27982
1585732752479,258.3192,333.5279,348.98212
1585732752506,250.38754,334.26364,353.93268
1585732752517,241.11853,336.41998,354.66763
1585732752538,234.2042,338.80664,354.18304
1585732752558,230.80318,338.53235,355.7471
1585732752579,231.2492,335.61584,357.17233
1585732752598,236.88797,330.43417,357.52798
1585732752618,243.66582,324.68594,0.44386834
1585732752637,246.40991,321.67804,7.264259
1585732752659,236.85185,325.35294,7.0616107
1585732752679,229.37573,330.33652,4.153778
1585732752699,229.26376,330.58987,2.1581068
1585732752722,234.6029,326.1037,1.6619463
1585732752739,236.14932,324.96808,1.4999166
1585732752758,231.56107,327.49884,3.5673146
1585732752780,228.80449,328.50122,6.3818936
1585732752797,232.65628,324.90192,7.6508536
1585732752818,235.84534,322.28772,5.1487737
1585732752837,231.84006,324.8103,4.2860055
1585732752858,229.89876,325.71478,7.8975096
1585732752878,227.95099,326.69714,8.37258
1585732752898,227.30367,327.12552,6.5346437
1585732752923,228.486,326.2701,5.359803
1585732752938,229.85555,324.55005,6.0379896
1585732752957,228.88954,325.41333,4.2423444
1585732752977,227.35963,327.36346,2.1541595
1585732752998,228.31233,326.14975,3.2029102
1585732753018,229.87695,324.0166,3.2195508
1585732753038,232.32028,321.80515,1.8339611
1585732753059,235.0117,318.94235,1.6115677
1585732753084,234.85683,318.62537,1.6166615
1585732753098,232.87389,319.84003,2.8562446
1585732753119,230.17474,322.31802,3.1198575
1585732753138,228.1506,323.86768,2.2669308
1585732753158,227.61559,324.053,0.31185523
1585732753179,227.64195,323.50122,358.0141
1585732753199,228.91385,321.63074,356.44647
1585732753218,230.33601,319.61285,354.894
1585732753239,230.28995,318.87207,355.33505
1585732753259,229.41531,319.9757,356.00964
1585732753278,227.02791,321.81866,356.17776
1585732753302,227.12921,320.98157,355.40784
1585732753318,227.21172,320.35965,353.6357
1585732753342,227.50671,319.89825,353.5732
1585732753358,227.78166,319.0684,356.04047
1585732753378,227.40385,319.27667,354.2089
1585732753400,228.41354,318.4132,355.22607
1585732753418,228.9192,317.7967,357.40726
1585732753438,228.9555,317.89255,359.49316
1585732753458,229.07655,318.13965,3.336956
1585732753482,227.45595,319.50922,0.83718723
1585732753499,228.49728,318.0238,358.8963
1585732753517,232.00931,314.8715,0.59425145
1585732753542,234.38971,312.67355,2.893483
1585732753557,234.00594,312.5381,1.3808435
1585732753582,231.06476,313.79602,357.6599
1585732753597,229.51808,314.90424,354.09732
1585732753618,230.62099,314.37402,356.08533
1585732753638,225.35678,319.53787,351.40933
1585732753658,224.22157,320.79886,351.55185
1585732753678,225.01697,319.42938,352.02646
1585732753699,226.41922,317.40103,347.84106
1585732753718,227.17252,316.76923,349.4865
1585732753738,227.75606,317.1756,352.41818
1585732753757,226.07747,319.5582,351.82645
1585732753778,225.94008,319.9893,351.92804
1585732753800,229.88843,315.81396,350.45264
1585732753818,230.2549,315.81396,350.45264
1585732753838,225.58678,321.49133,350.58945
1585732753858,225.94446,321.49133,350.58945
1585732753878,228.3426,317.9944,346.62372
1585732753901,239.14328,308.79227,352.9051
1585732753924,240.58421,307.0452,349.05383
1585732753938,234.71292,310.7676,344.5848
1585732753962,239.39983,309.63852,355.31564
1585732753978,234.9133,313.39764,357.5345
1585732753998,225.06863,323.1984,351.4982
1585732754018,224.68425,323.1984,351.4982
1585732754037,223.38986,324.72397,353.56543
1585732754058,226.84497,321.3046,343.8385
1585732754077,225.57523,322.05804,337.47284
1585732754097,226.47844,321.02255,336.7385
1585732754118,232.16353,314.72516,339.83154
1585732754137,240.80203,307.9253,341.8679
1585732754158,240.32355,308.72168,343.40048
1585732754178,239.50134,310.28766,347.65228
1585732754198,235.30545,313.6996,352.74976
1585732754221,232.698,316.14572,350.0861
1585732754238,234.4284,315.68643,347.6836
1585732754264,235.19691,316.32553,346.19815
1585732754280,222.64934,329.2263,341.06638
1585732754298,225.2387,332.8547,327.91818
1585732754317,225.82536,336.98145,321.76834
1585732754337,230.17746,337.5687,312.60822
1585732754357,235.79337,335.9857,297.9308
1585732754377,239.95264,335.31738,295.6486
1585732754398,246.91075,333.16492,305.42697
1585732754418,243.94783,336.9997,315.46094
1585732754447,237.03476,342.99127,314.37247
1585732754458,236.13739,342.83325,312.17422
1585732754481,235.21924,341.00818,310.48438
1585732754633,225.47795,341.00818,310.48438
1585732754834,222.9921,6.58664,274.9303
1585732755030,206.55032,27.803696,295.6459
1585732755228,196.5152,32.329926,307.16068
1585732755427,177.4746,48.31411,324.52283
1585732755710,223.81175,21.344564,267.1751
1585732755908,223.46877,18.26595,253.87927
1585732756124,214.15154,18.26595,253.87927
1585732756325,226.4225,354.88617,243.30756
1585732756518,191.27184,18.084309,250.1254
1585732756703,167.53883,14.057594,254.2562
1585732756900,152.50075,14.057594,254.2562
1585732757079,145.13799,9.847113,248.55621
1585732757277,162.29459,35.560955,233.01054
1585732757477,157.13463,35.223873,237.62357
1585732757681,176.33578,46.278355,216.00562
1585732757877,181.27391,42.215687,209.8255
1585732758058,189.30127,54.963165,199.66475
1585732758256,189.16917,39.010494,193.47696
1585732758451,208.54362,22.55873,169.77048
1585732758633,219.34152,2.6800134,157.39616
1585732758833,220.25436,348.0515,152.85423
1585732759027,199.93062,354.6158,150.12521
1585732759207,177.10666,357.64502,160.37228
1585732759402,164.99672,6.853108,170.30098
1585732759582,162.01532,20.57204,176.39731
1585732759784,164.11713,31.165949,177.61891
1585732760019,163.2651,34.056175,184.86308
1585732760197,167.0422,36.129845,186.3966
1585732760398,170.73894,33.52233,188.96306
1585732760581,181.1901,28.02824,184.78152
1585732760779,193.82716,20.614344,178.99792
1585732760978,215.50125,11.465583,166.36679
1585732761173,233.56355,358.29782,155.70558
1585732761371,233.86267,353.37228,156.25478
1585732761551,226.18756,355.76843,158.1617
1585732761750,207.51239,9.82054,167.97638
1585732761948,195.87323,29.38261,175.77599
1585732762123,186.80496,42.375084,186.37994
1585732762324,188.19684,41.867027,187.28731
1585732762524,191.53291,39.29546,186.55647
1585732762707,203.34538,29.823498,178.96364
1585732762947,223.74364,15.3126335,166.59512
1585732763119,237.43097,1.9891417,161.49446
1585732763316,218.81119,17.504637,168.4152
1585732763520,202.26378,29.707928,176.70097
1585732763681,202.45013,27.967602,172.27715
1585732763876,197.1179,27.967602,172.27715
1585732764057,198.00674,18.815062,169.59464
1585732764256,189.96826,27.883463,175.61409
1585732764451,188.03796,32.09502,180.33707
1585732764631,192.78712,32.09502,180.33707
1585732764829,193.5995,26.093098,183.67206
1585732765052,227.1133,4.0443954,165.16551
1585732765248,231.45091,3.5433059,162.58302
1585732765447,222.881,15.668411,167.21518
1585732765621,227.0403,15.668411,167.21518
1585732765824,209.06047,24.829588,178.4551
1585732766024,207.3906,26.622252,175.52345
1585732766245,225.33478,8.037741,168.31367
1585732766436,241.90312,359.1771,160.07799
1585732766597,239.78033,359.1771,160.07799
1585732766798,238.3016,357.5858,162.72746
1585732766995,233.9703,357.6412,160.85683
1585732767211,234.21027,356.03174,156.06203
1585732767408,221.47568,4.792964,156.50267
1585732767590,218.69765,7.418041,155.19228
1585732767793,212.3061,8.474396,159.44566
1585732767988,215.74469,1.1511405,158.05202
1585732768170,215.73943,0.0124153,156.8866
1585732768368,213.08115,1.147215,158.13501
1585732768547,214.63994,1.3450953,158.19724
1585732768746,218.49861,0.28197518,158.1298
1585732768942,222.74577,0.17843044,157.61922
1585732769121,225.64009,1.6593151,157.10391
1585732769323,230.08572,1.7838845,154.47029
1585732769523,234.44902,358.33102,155.81664
1585732769719,237.12967,357.04584,156.18355
1585732769918,241.22823,355.5907,155.20648
1585732770096,240.92276,356.42477,155.63673
1585732770290,242.45093,354.9476,157.06572
1585732770493,243.38333,354.70782,156.64014
