1587119550355,0.0,-0.0,-0.0
1587119550549,173.16847,335.30386,6.380661
1587119550750,182.59357,339.79224,354.72162
1587119550951,181.60919,340.55173,358.12613
1587119551151,180.22812,336.2093,2.147107
1587119551351,187.44688,340.18588,355.9425
1587119551549,186.81645,333.9397,0.8174941
1587119551750,195.51952,338.03775,351.28113
1587119551951,188.62643,333.35153,1.3988922
1587119552150,187.41646,335.29288,2.7144332
1587119552350,184.85667,334.13782,5.223942
1587119552555,189.33989,334.68353,0.3057176
1587119552750,195.50348,338.69522,352.36667
1587119552952,196.12524,340.2676,351.4859
1587119553153,192.74095,341.28418,354.81555
1587119553349,184.25204,344.84625,2.9123776
1587119553550,183.91066,341.3066,0.5975794
1587119553750,196.7535,339.7797,344.9896
1587119553951,195.89243,345.53586,341.94373
1587119554151,204.4916,337.07654,335.06036
1587119554351,188.62025,340.85437,348.02188
1587119554551,192.35686,338.21814,345.2217
1587119554751,188.54146,335.1485,348.04547
1587119554952,194.80536,341.47067,340.81146
1587119555151,199.14459,336.2729,339.98596
1587119555351,189.04608,346.1098,344.01172
1587119555549,187.3383,343.91998,344.3373
1587119555771,205.013,342.6589,332.7964
1587119555971,194.48192,340.80905,336.53476
1587119556177,183.77702,340.80905,336.53476
1587119556368,194.6562,340.15793,326.719
1587119556567,183.9242,340.15793,326.719
1587119556785,225.34079,7.1987777,239.6853
1587119556980,220.11502,7.1987777,239.6853
1587119557164,196.25815,30.251574,270.39655
1587119557362,189.01501,17.997658,274.07065
1587119557560,168.5411,34.483715,299.22482
1587119557759,162.55977,40.054035,304.30682
1587119557960,160.6609,40.054035,304.30682
1587119558156,152.90048,49.489677,315.07465
1587119558356,145.41231,50.557087,323.97913
1587119558559,169.26329,48.725,301.35834
1587119558754,164.17947,48.725,301.35834
1587119558975,241.75024,17.785555,259.78088
1587119559190,253.83476,9.160402,247.07391
1587119559390,216.31792,24.269674,245.23898
1587119559588,195.45972,357.20065,252.466
1587119559786,151.21078,15.377128,263.1483
1587119559986,156.22324,4.4996243,252.39894
1587119560183,143.98601,11.754996,261.0811
1587119560382,159.2803,10.226703,245.1308
1587119560581,178.35167,350.20752,226.68393
1587119560780,182.53816,1.989186,221.25406
1587119560979,161.64012,5.8522077,237.0787
1587119561175,194.5543,32.600086,204.62196
1587119561376,188.77933,2.8778174,205.49887
1587119561575,220.18925,355.2508,174.32854
1587119561773,149.29381,10.501392,234.15181
1587119561972,204.79529,42.322884,175.92064
1587119562170,185.8585,30.993319,197.5735
1587119562369,263.04123,326.93692,157.0577
1587119562567,176.5415,35.279163,204.2462
1587119562767,183.73637,33.55198,197.56566
1587119562965,185.85732,22.820292,198.48611
1587119563165,256.7595,337.31296,156.65651
1587119563361,170.01877,37.673954,210.98466
1587119563561,192.87186,34.546864,189.80914
1587119563761,174.82181,43.97001,205.72806
1587119563959,251.96764,13.975582,120.75337
1587119564157,171.87717,45.05959,208.8197
1587119564356,165.91846,36.110477,213.018
1587119564555,238.17896,315.6568,82.67817
1587119564753,159.61938,26.491068,218.20282
1587119564952,170.55241,32.37603,211.14978
1587119565190,282.6857,307.60754,146.41402
1587119565388,173.39809,29.87076,212.93712
1587119565590,184.02855,29.34919,207.27264
1587119565785,156.49167,5.341371,228.60773
1587119565985,167.37183,20.875282,224.90506
1587119566182,189.9347,31.172962,206.33723
1587119566383,172.15579,27.950722,222.00366
1587119566581,191.61736,344.9691,212.07297
1587119566780,186.66486,29.02749,212.14893
1587119566979,170.47388,30.328697,227.65308
1587119567177,240.56985,304.92758,114.21739
1587119567374,175.41064,28.892076,222.50957
1587119567573,177.45587,32.236916,221.67732
1587119567773,252.60916,304.4091,132.87648
1587119567972,178.61533,28.428114,221.84537
1587119568171,194.2379,25.744694,206.94814
1587119568369,179.21877,25.476631,219.53905
1587119568568,262.92703,323.80695,175.49506
1587119568767,177.93242,22.081072,219.03058
1587119568964,184.16362,28.664442,212.83292
1587119569168,179.2051,27.153013,218.00476
1587119569363,187.05528,13.546385,211.52533
1587119569561,215.06856,349.06342,196.16064
1587119569759,179.90227,15.947911,215.56508
1587119569959,184.26622,26.13243,212.63905
1587119570157,184.6593,29.901524,213.63344
1587119570356,179.54155,22.96378,218.90732
1587119570555,192.12627,9.23437,208.2783
1587119570753,193.62726,6.334238,207.34492
1587119570956,182.50024,20.361885,216.68454
1587119571190,186.80553,25.645388,212.96815
1587119571389,182.41588,22.83412,216.67557
1587119571587,186.8717,15.954817,212.35208
1587119571785,189.05836,9.211368,210.85455
1587119571986,181.32005,17.537825,216.02956
1587119572184,179.423,19.596682,216.7363
1587119572383,176.39752,19.770346,217.24272
1587119572581,179.32864,15.165559,213.92369
1587119572780,187.52249,15.813309,208.83698
1587119572979,177.7748,19.866516,216.38205
1587119573177,174.53993,21.51256,220.0782
1587119573375,180.65044,21.443398,216.30333
1587119573575,180.69139,23.545616,216.91634
1587119573773,181.14064,28.310795,217.39026
1587119573972,183.96046,31.630407,216.07791
1587119574171,176.91086,27.103878,223.04628
1587119574369,226.11887,351.7095,198.07379
1587119574568,199.87375,358.83185,209.08885
1587119574766,168.65474,29.10613,228.47513
1587119574966,175.5266,31.225645,221.91415
1587119575164,182.80188,354.28696,214.52898
1587119575362,179.26395,18.758081,216.5999
1587119575561,170.93454,28.677761,224.21555
1587119575762,166.60512,30.890013,227.87346
1587119575961,253.23105,333.53967,159.46469
1587119576157,169.52876,22.29337,227.60971
1587119576356,174.25673,34.51009,224.89474
1587119576555,199.04597,351.929,207.85799
1587119576755,174.79948,27.074692,228.17601
1587119576953,185.22011,26.564997,218.87796
1587119577190,178.93452,16.376547,228.55156
1587119577387,186.78075,18.281738,226.70401
1587119577587,189.14064,29.943047,225.25784
1587119577787,186.19957,29.20492,228.28703
1587119577985,264.78195,333.00043,206.4726
1587119578184,191.02916,28.4427,227.18173
1587119578383,198.29128,28.85926,217.83833
1587119578581,254.98904,317.0002,145.84717
1587119578780,194.73994,32.071896,220.48679
1587119578978,188.56305,28.56394,221.93762
1587119579177,270.01782,318.32535,165.97548
1587119579376,187.02902,29.557247,220.89244
1587119579575,181.72658,27.093254,221.86739
1587119579774,199.60472,5.1817107,211.12013
1587119579970,180.18953,31.671024,221.81247
1587119580169,190.90872,18.746435,211.49193
1587119580368,169.06586,18.319294,228.53383
1587119580567,175.76381,26.973404,223.64932
1587119580766,189.24683,7.870275,213.08482
1587119580964,174.90468,25.183043,224.78053
1587119581163,177.09447,27.250006,223.60403
1587119581363,178.71745,13.298471,220.74683
1587119581561,170.98041,35.694847,228.97453
1587119581760,177.44046,30.825556,221.34929
1587119581963,277.34174,324.62692,182.62572
1587119582157,170.3944,25.75066,225.42941
1587119582355,172.81494,28.57676,221.94293
1587119582555,275.02304,313.32083,157.49107
1587119582753,168.56744,27.197514,224.87448
1587119582951,168.04361,26.09726,225.65013
1587119583192,171.62735,25.24697,224.67232
1587119583390,169.02016,24.527514,228.82181
1587119583589,286.64935,306.39865,169.31854
1587119583787,284.50046,306.39865,169.31854
1587119583983,181.54016,28.118252,220.88232
1587119584184,174.47235,27.602493,226.61865
1587119584384,182.15866,29.039112,220.31804
1587119584583,174.68274,20.017242,226.74629
1587119584780,173.03221,20.017242,226.74629
1587119584979,182.23268,359.63574,218.66425
1587119585177,178.95706,28.366783,221.86037
1587119585377,175.32832,25.796854,225.54808
1587119585576,180.50923,36.02001,222.00104
1587119585775,175.92717,43.140545,227.8849
1587119585972,186.46326,61.47815,217.4736
1587119586172,163.51492,61.53935,240.13019
1587119586370,161.5598,70.19928,242.03477
1587119586569,143.44014,67.84624,257.71783
1587119586766,141.14606,67.84624,257.71783
1587119586964,122.42234,68.10941,271.86008
1587119587164,101.963875,62.547806,284.9789
1587119587362,107.848465,69.985535,282.03256
1587119587559,102.09662,60.739773,279.2494
1587119587759,111.6964,61.576435,270.63666
1587119587957,113.09506,61.576435,270.63666
1587119588158,114.84302,65.6696,274.14584
1587119588356,122.31567,62.268826,265.60837
1587119588556,121.36385,60.877605,266.4735
1587119588754,121.13609,65.16163,270.36456
1587119588950,120.48802,65.16163,270.36456
1587119589189,128.46257,62.936424,260.20694
1587119589387,133.07796,61.45092,252.9609
1587119589587,128.03317,58.40591,252.17001
1587119589786,124.8388,61.02602,254.37483
1587119589984,123.60872,60.983673,253.79706
1587119590183,123.35133,61.86701,253.74161
1587119590382,120.56625,62.11295,255.91914
1587119590580,119.533295,63.2701,258.0379
1587119590780,115.48403,60.651268,259.79947
1587119590977,118.016914,65.37715,262.92926
1587119591176,119.57286,62.10153,259.40738
1587119591377,117.35698,60.937603,261.30356
1587119591574,121.683876,64.71406,260.79703
1587119591773,118.31992,59.99516,259.313
1587119591972,121.551796,63.13665,258.2491
1587119592170,114.28337,59.670513,260.69632
1587119592369,126.744545,64.20894,252.44455
1587119592566,124.96028,59.179832,249.25574
1587119592766,129.02325,61.255875,246.81055
1587119592964,128.11763,59.402393,244.87166
1587119593162,124.49825,58.514503,246.31267
1587119593361,117.887085,61.094074,253.6958
1587119593562,113.1521,63.457314,260.00043
1587119593760,109.71313,63.27632,263.12192
1587119593957,110.4919,63.772327,263.72076
1587119594155,108.60925,62.926376,265.8413
1587119594355,109.42965,62.02139,265.34796
1587119594554,109.302155,63.15813,267.56592
1587119594752,111.58115,62.19329,266.10477
1587119594951,118.25218,62.381287,261.97775
1587119595189,129.18906,62.76627,254.83038
1587119595389,184.32423,53.406345,217.48595
1587119595587,175.07903,53.585224,218.4119
1587119595785,303.91534,326.46747,159.21034
1587119595985,157.18343,23.739077,215.44052
1587119596183,170.58105,29.677708,209.81485
1587119596382,267.68768,350.5922,183.65813
1587119596581,186.83022,9.391278,194.23463
1587119596783,161.96669,26.28026,210.63138
1587119596977,154.60915,17.65747,214.4919
1587119597175,251.04108,338.53036,142.29282
1587119597375,159.64444,25.135853,216.73756
1587119597574,169.75261,30.219038,209.78613
1587119597771,265.6527,306.72705,130.48135
1587119597974,164.98418,21.115358,218.54518
1587119598170,175.39354,28.924843,210.84947
1587119598368,183.8861,356.37045,202.31956
1587119598567,167.97292,18.379932,214.63625
1587119598765,175.82692,29.172403,209.20117
1587119598968,173.90607,15.309076,206.55734
1587119599163,181.05743,12.246522,200.10847
1587119599361,171.2347,28.522133,209.92921
1587119599560,162.54861,19.27596,212.71162
1587119599759,146.5713,347.06378,208.93755
1587119599959,165.7797,27.383158,211.19264
1587119600157,162.22801,21.149181,211.90306
1587119600355,183.16347,13.317069,194.08168
1587119600554,163.21744,27.605997,215.07562
1587119600753,179.84827,10.637894,198.03236
1587119600952,162.75587,8.933597,210.765
1587119601190,167.67473,28.648167,211.09203
1587119601388,186.51561,5.75857,193.36769
1587119601587,164.42441,30.636093,213.91045
1587119601786,162.04103,26.758638,217.01729
1587119601984,266.5054,327.75497,150.5221
1587119602184,155.65683,28.4971,220.84314
1587119602382,163.7907,31.802273,212.81108
1587119602579,239.85002,315.47263,87.46454
1587119602779,163.71184,30.47419,211.54732
1587119602978,166.41824,19.183855,208.27579
1587119603176,152.29161,17.689327,219.83649
1587119603375,162.57925,35.425312,214.32538
1587119603574,288.74933,298.588,145.33421
1587119603773,157.37074,22.458874,221.28261
1587119603971,159.09853,19.376635,220.4294
1587119604170,245.04622,310.68228,107.47578
1587119604368,165.76619,25.59151,218.47333
1587119604568,171.43376,11.705632,211.51941
1587119604766,159.20589,12.85918,224.02873
1587119604965,175.25603,29.968328,211.73405
1587119605164,270.7475,305.2614,143.76768
1587119605360,165.40146,22.812849,221.26855
1587119605561,178.26306,26.525663,211.06445
1587119605759,172.56982,28.907717,215.43748
1587119605958,176.1738,19.184986,212.74767
1587119606157,198.64653,9.422499,201.69379
1587119606355,178.51355,14.849859,212.70602
1587119606556,178.68314,22.200153,212.98643
1587119606752,172.94124,25.471443,217.0401
1587119606953,174.68216,21.26022,213.36218
1587119607189,157.48128,18.031971,227.7719
1587119607387,170.96295,31.000797,218.37434
1587119607585,262.90817,326.9647,162.86423
1587119607785,167.17166,20.773573,220.28679
1587119607986,164.4821,22.807308,223.02841
1587119608182,236.503,313.08557,103.205246
1587119608382,173.47882,26.076817,216.7434
1587119608580,165.33714,19.285866,226.59758
1587119608779,219.03656,331.5116,202.16675
1587119608978,181.08813,28.909233,211.14905
1587119609178,173.13751,9.348404,219.6171
1587119609374,172.32199,0.4934223,220.26744
1587119609574,180.49986,29.908993,215.30858
1587119609772,173.5471,29.475674,222.08046
1587119609971,211.5025,331.48688,72.15055
1587119610169,168.5137,25.05872,227.39482
1587119610368,172.18181,28.029058,223.1782
1587119610566,227.80095,312.41602,97.51374
1587119610765,171.83913,27.155807,225.15388
1587119610964,179.39008,30.41413,217.58981
1587119611164,181.2721,30.09363,215.87738
1587119611362,180.1878,31.127123,218.1749
1587119611561,179.8838,39.876965,218.8653
1587119611759,179.09029,33.35301,218.81798
1587119611957,179.3156,34.583755,219.36295
1587119612156,181.09085,33.58926,217.71347
1587119612355,179.31816,38.180885,218.8201
1587119612553,178.66985,37.63159,219.18915
1587119612752,177.28154,36.20896,220.43529
1587119612991,179.67088,28.405409,218.31328
1587119613193,180.06616,28.405409,218.31328
1587119613387,179.43726,23.68061,219.57504
1587119613586,181.05434,20.746632,218.51155
1587119613786,183.54669,20.178051,216.12144
1587119613983,183.05254,20.178051,216.12144
1587119614185,183.13344,26.675318,215.02956
1587119614382,180.34044,25.581842,216.93433
1587119614582,172.87196,19.767591,222.59663
1587119614780,172.76717,14.841031,221.50285
1587119614977,170.99774,14.841031,221.50285
1587119615178,205.8935,342.4257,205.51024
1587119615376,186.25789,2.0891304,207.74033
1587119615573,188.96207,2.0891304,207.74033
1587119615772,158.70445,21.379309,233.01947
1587119615971,164.41386,22.343151,228.08994
1587119713227,228.72144,22.343151,228.08994
1587119713348,230.94902,22.343151,228.08994
1587119713550,160.45143,346.99417,358.20996
1587119713750,163.25027,350.2929,1.4152422
1587119713951,164.33311,346.20853,1.9752501
1587119714151,166.26456,344.8751,1.7824556
1587119714352,163.18092,343.1838,3.6748843
1587119714549,171.3682,346.26215,357.72647
1587119714750,172.81644,345.8641,356.57053
1587119714952,176.09978,344.82034,353.68857
1587119715150,172.89243,346.5495,356.25272
1587119715382,183.29901,347.23068,342.6561
1587119715581,191.67586,348.36514,323.7945
1587119715781,204.15578,25.477129,276.7865
1587119715978,194.02284,15.108718,294.50607
1587119716177,178.82861,42.504005,309.17548
1587119716377,187.47783,36.252846,283.4494
1587119716574,198.72122,34.952385,258.84674
1587119716773,183.9351,46.313076,263.51187
1587119716972,171.93646,10.271839,261.50244
1587119717171,194.68066,15.339121,245.32434
1587119717369,258.2525,351.45956,236.78375
1587119717567,176.10196,23.435936,238.44858
1587119717767,137.15437,5.168867,248.40854
1587119717966,181.19182,9.301003,220.45906
1587119718164,176.12595,4.2863183,216.27171
1587119718363,186.6416,44.68266,202.23819
1587119718562,174.6106,12.943922,206.64998
1587119718762,221.66599,356.7286,178.48865
1587119718960,159.24316,32.794445,217.57234
1587119719161,186.52844,42.563507,190.25574
1587119719357,262.88745,335.2983,177.41096
1587119719556,171.89836,27.963129,201.18536
1587119719754,177.71849,36.44013,197.1744
1587119719955,165.40674,36.614048,209.48346
1587119720152,290.94318,315.24976,160.7559
1587119720390,170.12689,33.76416,207.33997
1587119720588,180.09111,36.27275,199.30885
1587119720787,167.69792,31.072058,209.8417
1587119720987,296.67432,324.63623,177.17114
1587119721184,162.4125,37.585323,216.5139
1587119721385,169.6291,35.786797,211.33424
1587119721581,181.27568,7.073265,201.26042
1587119721781,157.82071,350.81573,209.65587
1587119721980,177.71957,38.364037,205.50829
1587119722179,160.49571,31.283817,222.16818
1587119722376,260.14713,334.91675,177.71617
1587119722576,166.38089,22.063189,215.26491
1587119722774,172.2208,32.85579,211.10922
1587119722973,158.93655,26.320686,222.29199
1587119723173,280.04266,313.43872,154.77458
1587119723370,165.2909,29.545116,216.25726
1587119723570,173.12306,32.71461,208.48045
1587119723768,170.3314,22.735611,209.22716
1587119723965,255.70999,335.43863,193.31839
1587119724166,167.53363,32.11974,214.94763
1587119724364,165.60681,31.751514,216.46097
1587119724562,188.97461,353.7423,196.87134
1587119724761,169.65671,16.00387,209.89142
1587119724962,167.6924,30.685797,214.11855
1587119725159,159.55972,31.09713,222.74722
1587119725356,276.9237,324.0253,170.92844
1587119725556,160.72118,24.63949,218.63445
1587119725754,167.83192,30.394506,212.46487
1587119725955,156.77367,28.060698,223.25945
1587119726152,263.03674,329.14328,162.48312
1587119726352,156.65173,27.822573,224.04875
1587119726588,162.903,31.118837,217.56442
1587119726786,165.24406,30.796515,216.1916
1587119726985,161.14758,25.2648,220.05138
1587119727184,174.60518,5.267032,206.30063
1587119727382,175.8471,2.311887,205.58992
1587119727582,167.99146,20.799309,215.90268
1587119727780,173.29622,28.185755,214.18529
1587119727984,171.22424,30.219738,217.19922
1587119728177,171.87239,25.260744,217.14914
1587119728376,176.87494,24.128489,213.4797
1587119728575,175.04616,24.991587,216.55608
1587119728773,177.21051,27.745716,216.5998
1587119728972,180.7478,23.912416,214.49536
1587119729171,176.808,19.082321,217.20615
1587119729369,177.68271,20.21028,215.63605
1587119729569,175.2878,21.552534,216.7359
1587119729768,175.71494,21.281876,215.61064
1587119729966,175.54454,20.445173,214.25255
1587119730165,171.83618,21.379179,215.4576
1587119730363,169.59091,21.23887,215.88687
1587119730561,168.69853,20.574356,215.61533
1587119730760,165.31435,23.059288,217.83359
1587119730961,170.00177,24.84991,213.37013
1587119731157,168.01997,25.630182,214.13571
1587119731356,170.02553,32.462337,212.74207
1587119731555,168.9029,32.288853,214.39563
1587119731754,160.24818,18.742302,218.76643
1587119731953,211.56543,342.5015,196.70494
1587119732151,170.97192,357.19537,207.24495
1587119732351,162.97879,30.259903,220.34108
1587119732588,173.05644,28.782784,211.82683
1587119732786,166.44928,28.879911,218.82771
1587119732986,174.68398,6.752853,208.85791
1587119733185,165.6669,15.753469,218.26874
1587119733384,172.75739,32.054054,214.87364
1587119733581,173.80032,32.054054,214.87364
1587119733780,170.8682,29.970566,216.47395
1587119733978,164.58026,24.61865,220.0155
1587119734178,228.25172,340.91425,187.89505
1587119734376,180.40758,2.2290492,205.25243
1587119734575,168.29994,28.403597,217.57297
1587119734773,174.13573,28.406729,211.88835
1587119734974,161.90388,27.132376,221.4149
1587119735172,185.19398,358.30386,199.43297
1587119735373,161.0222,23.276619,221.79538
1587119735571,172.99242,31.843504,211.55394
1587119735770,163.11668,29.488348,220.74516
1587119735968,169.20807,10.9515915,211.30878
1587119736165,205.81331,340.64435,195.46931
1587119736366,163.29825,16.331919,217.45013
1587119736567,168.72139,29.841452,215.47775
1587119736763,165.32616,30.45275,220.17572
1587119736962,167.5258,19.793793,216.67517
1587119737158,167.56813,19.793793,216.67517
1587119737356,223.94124,335.9933,193.07152
1587119737557,169.9729,12.550046,215.73744
1587119737754,173.13489,31.434248,216.72377
1587119737953,168.888,18.371832,219.60878
1587119738155,233.66824,336.338,191.6998
1587119738354,176.8893,18.769444,212.52417
1587119738589,178.87823,32.25785,211.42921
1587119738788,175.08333,29.220383,217.64546
1587119738986,184.19243,13.918422,208.68965
1587119739185,220.41951,338.65067,194.15839
1587119739382,173.1189,23.317116,217.08514
1587119739582,179.83377,32.4371,209.48662
1587119739780,169.77014,27.886892,220.09079
1587119739980,187.04774,4.949663,202.47475
1587119740178,201.41423,350.36273,192.78857
1587119740377,167.4266,31.413368,218.13698
1587119740576,169.80962,29.257706,215.2844
1587119740775,165.58733,27.790808,219.22034
1587119740973,254.67807,333.74106,188.77248
1587119741171,168.44858,17.40948,212.7096
1587119741370,169.38814,35.47302,213.36147
1587119741569,164.56863,33.090435,218.58505
1587119741767,182.68219,358.54608,203.16414
1587119741968,184.7356,354.96124,200.89238
1587119742168,164.34236,34.19194,218.14343
1587119742364,165.38364,29.869862,215.92224
1587119742563,168.61693,24.599123,211.87897
1587119742762,269.86636,336.49222,188.55785
1587119742963,159.68889,29.284128,220.77121
1587119743157,167.6359,33.388157,214.08908
1587119743365,156.19688,26.082018,222.81819
1587119743556,300.0075,324.69418,181.71535
1587119743755,156.88773,25.814268,221.18233
1587119743955,164.08311,32.67014,215.48375
1587119744152,156.02177,29.399874,222.39362
1587119744351,293.74307,326.2727,176.9319
1587119744589,159.91617,21.840528,216.43166
1587119744788,161.7095,33.40289,217.17033
1587119744987,153.49971,30.678122,224.12032
1587119745186,309.38306,318.23492,177.0971
1587119745384,151.3601,29.348537,226.43996
1587119745583,164.38512,34.427692,216.16621
1587119745781,152.88255,28.684254,225.31389
1587119745980,293.1009,328.19272,178.79016
1587119746178,158.9336,31.3619,222.38654
1587119746377,162.64328,31.467432,219.93237
1587119746576,169.15862,14.536793,212.14929
1587119746775,182.85432,359.6813,205.00075
1587119746975,165.60907,33.0928,218.92136
1587119747172,160.8126,32.651253,224.03842
1587119747371,262.66418,326.81125,154.65144
1587119747569,163.76222,27.302685,221.2062
1587119747766,172.69847,31.920786,212.33801
1587119747966,162.86737,21.629065,219.09581
1587119748166,178.44464,356.89267,204.3374
1587119748364,168.93813,33.94944,214.47238
1587119748563,158.11542,32.54439,225.27199
1587119748761,277.24408,319.01788,164.596
1587119748960,160.6747,29.488188,222.36917
1587119749160,170.14932,30.001623,213.56947
1587119749356,157.11954,26.774097,225.8864
1587119749556,161.4054,348.8202,211.34119
1587119749755,164.75195,32.621845,220.31583
1587119749955,157.1237,30.097382,228.65602
1587119750153,272.88626,317.41104,157.7682
1587119750351,158.47836,28.550934,227.9477
1587119750589,170.90634,29.920702,216.452
1587119750787,157.65051,24.27383,228.75388
1587119750986,220.82736,344.69403,195.27916
1587119751186,164.61943,33.01562,224.31798
1587119751385,164.30316,30.115751,225.22147
1587119751583,252.98679,334.6976,180.67186
1587119751782,169.98523,24.848846,220.06189
1587119751980,173.95456,29.239162,217.12204
1587119752179,157.60341,28.208181,233.4982
1587119752377,297.26553,310.26605,179.14557
1587119752576,169.72852,32.691963,221.91844
1587119752774,166.28952,30.344933,225.06465
1587119752974,235.28406,337.48657,193.64772
1587119753173,163.4715,29.114908,228.9009
1587119753371,175.17973,26.89367,216.72267
1587119753569,162.3433,27.559557,228.1665
1587119753768,187.96886,347.97476,209.63614
1587119753969,175.50539,31.411337,216.17236
1587119754166,162.2073,31.964712,229.52408
1587119754363,254.88223,323.30624,141.44885
1587119754563,160.89685,28.300432,229.18141
1587119754761,170.93562,33.064533,220.11507
1587119754961,186.47672,10.731102,204.82445
1587119755159,163.02449,15.378323,225.33415
1587119755357,176.1517,29.838638,215.7032
1587119755556,163.36829,30.410206,228.44426
1587119755755,268.8946,326.3847,181.826
1587119755956,170.50696,30.288412,222.96457
1587119756152,167.85912,29.23612,226.0206
1587119756351,251.25186,332.5772,174.43996
1587119756589,167.3087,22.617254,226.7248
1587119756787,180.16505,28.872665,215.02882
1587119756987,170.83954,26.25514,223.25037
1587119757185,168.33772,348.46063,218.73402
1587119757384,175.5153,32.609047,218.4556
1587119757582,163.94043,31.015265,229.29118
1587119757780,254.719,318.9109,142.07637
1587119757981,167.51036,28.02402,225.18417
1587119758179,173.96198,29.00962,218.63199
1587119758377,164.68451,9.2550335,223.97382
1587119758576,158.70158,8.94932,229.54715
1587119758775,174.88147,28.56088,220.07516
1587119758975,156.94257,28.3101,238.53635
1587119759171,263.03146,317.89075,153.422
1587119759371,164.26479,28.972303,231.54048
1587119759569,171.31007,29.258875,225.67607
1587119759768,181.47368,5.65264,215.00665
1587119759968,168.38597,14.793225,225.30878
1587119760164,175.90965,28.442606,219.79466
1587119760363,160.21771,29.448887,235.23416
1587119760562,266.96967,310.57318,151.21568
1587119760761,166.90999,27.495192,227.62877
1587119760961,169.7498,31.111113,224.99011
1587119761159,183.58162,5.2229404,211.83447
1587119761359,164.01945,13.197034,227.55873
1587119761556,177.50168,28.66306,218.41167
1587119761755,159.3821,27.863121,235.82236
1587119761956,263.56876,318.2133,152.71072
1587119762152,164.70734,29.499615,230.64352
1587119762352,173.85124,28.13796,222.18309
1587119762592,170.12839,6.331007,222.58269
1587119762789,174.51468,30.122969,220.53072
1587119762987,174.62718,30.122969,220.53072
1587119763187,264.23325,316.60043,155.14233
1587119763384,264.8003,316.60043,155.14233
1587119763584,175.06396,29.282476,219.20087
1587119763783,162.71219,24.68645,229.32054
1587119763981,161.64279,24.68645,229.32054
1587119764182,163.51877,29.90082,229.02724
1587119764376,163.40012,29.90082,229.02724
1587119764577,216.62335,342.82693,197.5951
1587119764774,220.74072,342.82693,197.5951
1587119764973,158.65419,19.89592,228.45726
1587119765172,172.38878,28.607746,218.88809
1587119765371,276.83743,317.31393,169.52861
1587119765571,161.87785,26.485218,230.46332
1587119765768,161.3285,26.485218,230.46332
1587119765969,165.95523,22.029486,226.22673
1587119766166,167.43193,22.029486,226.22673
1587119766366,171.46954,29.970251,222.81682
1587119766565,167.88232,29.009592,226.22032
1587119766764,202.21535,347.39505,203.09811
1587119766963,168.15634,13.002792,224.90656
1587119767158,166.69771,13.002792,224.90656
1587119767359,160.35524,28.612864,234.63445
1587119767558,264.08765,321.55646,163.14743
1587119767756,164.67451,22.262802,229.8836
1587119767955,165.81314,22.262802,229.8836
1587119768152,165.14818,26.942894,231.35555
1587119768353,264.57663,328.23486,197.05347
1587119768589,169.49411,27.825247,226.39136
1587119768787,173.60504,29.011543,223.3423
1587119768987,180.3511,15.579868,215.58247
1587119769186,174.82256,4.623837,219.68254
1587119769382,174.34167,29.806221,221.20773
1587119769582,165.58212,27.731546,231.02394
1587119769781,258.70786,330.02048,182.63414
1587119769982,170.71338,22.773788,226.52344
1587119770179,178.967,27.982439,218.31691
1587119770378,160.23549,26.898226,237.27112
1587119770577,277.14514,315.1872,172.86728
1587119770775,169.31424,28.346428,228.82614
1587119770973,178.68668,28.437908,218.47617
1587119771172,166.45189,25.241318,227.80077
1587119771370,236.0861,339.32166,196.57861
1587119771570,167.2631,30.618416,227.17029
1587119771768,170.05504,24.969791,223.46724
1587119771966,173.0043,18.488365,217.8772
1587119772166,170.41739,2.578702,218.13034
1587119772364,167.99118,31.09573,224.42598
1587119772563,164.55417,28.41911,229.28625
1587119772761,233.1398,337.8035,198.3931
1587119772959,162.94731,13.9698,227.29532
1587119773159,173.88506,30.367104,219.48335
1587119773357,160.92485,28.509731,233.14441
1587119773556,272.55292,327.22968,191.53069
1587119773756,162.78163,18.662458,229.58847
1587119773953,174.73642,30.21915,219.69124
1587119774153,158.48409,26.913969,235.85565
1587119774351,278.6046,323.4242,185.88393
1587119774589,162.12648,22.818132,231.72867
1587119774787,174.05385,29.976034,220.77292
1587119774986,161.1209,28.14146,233.5646
1587119775186,296.4325,320.5414,193.5906
1587119775387,165.16966,27.95595,229.86797
1587119775582,172.75746,28.262379,224.34267
1587119849242,228.78384,28.262379,224.34267
1587119849349,154.42805,353.6268,4.040992
1587119849549,161.93361,353.7126,3.3854554
1587119849751,164.04689,352.4074,3.1400042
1587119849949,166.13129,351.58585,1.6260773
1587119850151,165.85854,351.9189,2.5210996
1587119850350,161.06822,342.90063,3.9786835
1587119850550,163.15822,347.66992,4.3310738
1587119850750,161.552,351.43457,7.137166
1587119850951,162.25732,350.27423,2.584026
1587119851150,176.76183,356.91785,344.4605
1587119851350,164.7295,353.55627,354.64886
1587119851549,162.1285,356.4152,356.2291
1587119851750,158.91917,356.4573,357.69876
1587119851950,158.44794,356.54236,356.52252
1587119852151,156.63388,356.4059,356.5979
1587119852349,154.07822,355.4833,357.67108
1587119852549,157.83983,356.0827,355.33826
1587119852749,158.02371,356.25644,356.29074
1587119852949,157.81844,355.12805,356.76285
1587119853150,159.78876,355.56158,355.51273
1587119853349,159.49365,354.7835,356.05356
1587119853550,160.00197,354.63867,355.81464
1587119853749,159.1304,353.7156,356.4325
1587119854051,160.29146,354.04922,355.89252
1587119854176,160.40004,353.43213,356.07394
1587119854451,160.76038,353.36136,355.9139
1587119854574,162.08559,355.27094,355.21884
1587119854851,161.63414,355.27094,355.21884
1587119854972,161.55275,356.97,354.46072
1587119855151,159.78525,356.97,354.46072
1587119855351,162.0155,2.424451,352.92447
1587119855551,157.76639,356.20694,354.18085
1587119855751,155.20447,355.1738,354.9727
1587119855950,158.14078,354.85834,350.5932
1587119856151,158.43329,354.27045,348.54504
1587119856349,157.85574,353.611,348.0823
1587119856557,158.43123,353.61926,346.71008
1587119856757,187.83319,354.3918,317.12543
1587119856958,202.14476,21.244642,283.05084
1587119857154,199.21552,15.417947,279.4931
1587119857354,195.1523,15.417947,279.4931
1587119857551,191.25821,27.557512,277.92712
1587119857790,182.94862,35.467697,280.68945
1587119857987,186.598,15.338213,270.5897
1587119858189,198.84915,30.163544,248.85532
1587119858385,120.19,358.97275,299.64267
1587119858649,125.27787,358.97275,299.64267
1587119858849,123.88511,9.999004,332.1238
1587119859050,127.26671,5.094228,339.81897
1587119859249,130.06474,351.52966,341.2984
1587119859449,136.19159,354.38934,353.8791
1587119859650,141.85042,354.18976,356.941
1587119859852,147.32936,353.43127,355.6009
1587119860049,149.94878,352.5172,358.92035
1587119860249,150.27504,352.25125,359.80774
1587119860401,148.9739,351.72534,0.81880796
1587119860548,150.05098,351.82202,0.56088763
1587119860850,151.63582,352.3723,359.32864
1587119860967,152.24297,352.3723,359.32864
1587119861251,150.73526,348.93008,0.7790784
1587119861450,153.96527,350.6409,359.68063
1587119861651,152.10092,349.42984,4.0752788
1587119861849,148.14366,345.5974,10.219869
1587119862049,156.42804,351.32068,2.5328877
1587119862250,157.22482,352.96448,3.3003201
1587119862449,159.42473,354.54117,2.1198547
1587119862649,160.16478,355.2274,1.997105
1587119862851,160.63605,353.56848,0.6003447
1587119863051,167.76428,352.98886,349.92493
1587119863250,165.55554,351.3537,349.63376
1587119863450,160.7671,349.5722,352.12195
1587119863650,160.54974,349.32224,350.50458
1587119863851,159.57329,348.63168,349.95624
1587119864050,158.35559,347.4701,349.4357
1587119864251,158.94946,346.81192,347.67404
1587119864365,158.17986,346.50504,347.95007
1587119864582,161.16045,347.1478,345.1226
1587119864779,173.99983,345.62048,329.27686
1587119864979,181.88654,351.06625,311.56046
1587119865177,201.08443,359.84863,268.17056
1587119865375,187.88368,7.276987,280.08624
1587119865574,187.59976,14.997917,270.4674
1587119865773,182.34955,20.26775,269.7077
1587119865971,180.72224,8.750943,262.53342
1587119866171,195.6424,4.714427,236.43552
1587119866370,177.96878,29.451406,241.81372
1587119866569,173.60396,6.6916056,241.0932
1587119866767,185.92055,33.037766,226.94553
1587119866965,194.73918,32.238655,214.58139
1587119867165,202.35475,39.976833,200.88162
1587119867363,200.87502,30.97789,198.06029
1587119867562,203.65695,29.13222,191.78714
1587119867760,216.60286,45.611694,175.37614
1587119867960,185.50352,26.774866,206.67162
1587119868158,184.02667,32.700092,205.31203
1587119868357,192.11119,28.88532,198.09418
1587119868556,205.24878,23.296997,188.50822
1587119868754,213.6886,20.064487,182.2101
1587119868952,227.22731,14.9901495,170.15988
1587119869151,235.11392,8.526787,159.43552
1587119869350,233.61386,8.160758,153.12
1587119869588,220.39662,8.463421,160.687
1587119869787,185.31236,19.720572,179.53444
1587119869986,160.15207,19.425669,196.52075
1587119870186,151.04802,27.996817,206.18623
1587119870385,147.3803,34.399414,211.66719
1587119870583,148.09836,29.355734,209.33237
1587119870782,146.50546,16.101093,206.16287
1587119870979,157.49533,12.009025,197.59673
1587119871179,162.92601,16.901533,196.7955
1587119871378,171.35872,22.427397,192.91325
1587119871576,149.91566,33.543068,211.6814
1587119871775,140.89288,57.72143,226.4069
1587119871974,141.45554,58.085655,224.38168
1587119872173,169.00395,54.369717,198.84329
1587119872370,148.72662,49.08593,214.00014
1587119872570,185.28784,34.95618,189.09872
1587119872768,132.20271,54.83357,231.79625
1587119872966,154.103,57.95089,215.51727
1587119873165,144.13004,46.931164,218.1758
1587119873364,300.96887,356.43817,182.85936
1587119873562,110.51492,359.49908,204.78485
1587119873769,156.39375,36.76477,210.87833
1587119873961,156.35278,30.661928,211.31186
1587119874157,171.65067,16.088234,199.15924
1587119874360,230.84521,345.95593,185.28056
1587119874557,157.50172,33.58807,217.00266
1587119874755,163.67259,28.703173,211.86945
1587119874954,165.84386,22.625093,209.676
1587119875152,269.33264,332.58176,180.2677
1587119875352,159.9124,32.164627,218.20566
1587119875588,169.73209,29.147623,208.46786
1587119875788,166.17818,23.313032,211.35431
1587119875988,252.19118,336.64038,179.05273
1587119876186,162.84412,32.606586,217.26186
1587119876384,171.16298,26.918983,208.76765
1587119876583,168.3728,22.29527,211.45671
1587119876781,243.3483,335.83963,189.13039
1587119876981,166.40894,33.144478,215.24785
1587119877179,172.46529,28.610836,208.84108
1587119877377,169.09598,14.946485,210.74966
1587119877577,195.11148,345.6589,197.16786
1587119877774,171.48277,32.450172,210.37344
1587119877974,167.82178,26.151295,213.73936
1587119878172,192.66098,355.0366,196.49577
1587119878371,169.03108,2.8230588,210.38881
1587119878569,175.28883,29.917124,208.93683
1587119878768,165.09875,29.5408,219.06892
1587119878967,271.74838,327.535,183.23204
1587119879166,166.20625,19.121807,217.05035
1587119879364,177.9031,30.705593,207.6098
1587119879563,161.90947,21.854849,221.82375
1587119879762,257.28375,330.85617,162.9828
1587119879963,164.18463,23.24309,218.33676
1587119880159,177.49167,28.520065,205.80132
1587119880360,161.43405,24.445053,221.30142
1587119880556,262.54938,329.4701,172.83086
1587119880757,161.8715,27.489044,221.33592
1587119880952,172.30873,25.70879,210.37018
1587119881152,162.00748,17.149742,219.05684
1587119881351,277.5001,323.4582,176.87012
1587119881590,170.39279,32.65489,211.58794
1587119881788,173.74802,19.38837,206.43958
1587119881987,173.58145,19.38837,206.43958
1587119882187,164.86263,34.773163,216.03009
1587119882384,164.53975,34.773163,216.03009
1587119882585,166.55495,356.6688,206.87675
1587119882781,168.75941,356.6688,206.87675
1587119882982,154.79083,21.6965,226.76195
1587119883180,151.90424,16.468912,230.64566
1587119883379,254.98846,331.1272,179.12518
1587119883576,255.53268,331.1272,179.12518
1587119883777,171.55856,27.977743,216.56134
1587119883973,172.00375,27.977743,216.56134
1587119884175,272.70764,320.22885,179.2579
1587119884370,278.41592,320.22885,179.2579
1587119884571,170.83214,25.121445,214.47755
1587119884769,163.60588,14.62672,219.49422
1587119884967,163.05516,14.62672,219.49422
1587119885166,199.51274,337.75278,200.34871
1587119885366,164.67621,27.855148,219.38498
1587119885564,164.36499,27.855148,219.38498
1587119885762,212.99496,338.58673,197.08403
1587119885961,162.68037,14.001908,220.3489
1587119886160,176.41554,27.648975,209.66791
1587119886358,159.5503,22.911226,226.27798
1587119886557,266.0349,322.75595,160.10938
1587119886756,176.49597,29.642082,209.01797
1587119886956,168.62936,19.43651,214.71715
1587119887154,168.33698,19.43651,214.71715
1587119887350,209.55046,343.4345,196.3695
1587119887589,156.3709,25.939245,227.4052
1587119887788,268.11652,320.25775,156.0314
1587119887987,157.32689,21.659588,225.34937
1587119888186,173.09787,30.634323,210.60242
1587119888385,157.97032,23.411285,225.51074
1587119888583,265.1376,327.90652,178.31001
1587119888781,166.27136,30.727724,218.28
1587119888981,164.09785,28.708067,220.17468
1587119889179,270.18066,325.49982,182.85117
1587119889378,158.91783,20.136633,223.5792
1587119889576,172.6234,28.569454,211.76251
1587119889775,158.8639,24.326637,225.95082
1587119889973,276.95547,323.13086,183.58955
1587119890173,165.35611,31.340296,221.35576
1587119890371,167.50502,27.253227,219.30846
1587119890570,258.69144,327.93027,170.9251
1587119890768,163.54578,22.409536,223.04158
1587119890969,174.66692,27.065588,212.08617
1587119891166,157.60995,21.559694,227.92801
1587119891365,165.24092,341.33832,209.1067
1587119891564,168.9051,29.556664,215.66171
1587119891762,160.43422,30.235758,224.67447
1587119891960,259.57272,328.19485,176.4459
1587119892159,164.3579,24.77243,219.65479
1587119892358,171.22142,29.299076,213.04657
1587119892556,162.98734,17.728592,219.2485
1587119892755,191.58336,357.44937,197.94939
1587119892956,169.73438,28.30284,215.2186
1587119893153,159.5667,25.155767,225.60373
1587119893351,252.40672,327.31274,140.1491
1587119893590,164.29251,21.071798,220.35986
1587119893787,171.60281,25.00587,214.46172
1587119893987,172.00818,9.779185,211.85988
1587119894186,164.73755,356.14932,215.48734
1587119894384,172.21936,26.57624,215.51793
1587119894583,157.13684,23.095884,231.0212
1587119894782,260.71753,319.7721,152.87816
1587119894981,166.82504,25.313183,221.48183
1587119895179,170.20361,26.624107,218.86427
1587119895378,192.75786,354.48776,199.63164
1587119895577,167.21106,11.987844,219.22993
1587119895776,176.53902,27.390839,210.93217
1587119895974,159.01688,23.052166,228.62408
1587119896173,263.14188,324.7515,177.3495
1587119896372,165.50334,24.958483,221.98509
1587119896570,165.08582,25.795208,223.59952
1587119896769,218.39842,342.26706,188.63002
1587119896968,158.24722,18.833645,229.48882
1587119897166,177.2922,26.875006,210.23872
1587119897365,159.29753,25.60574,228.97723
1587119897563,249.85036,332.48532,178.31671
1587119897761,165.92468,26.849958,219.25047
1587119897963,164.96744,25.54828,219.1076
1587119898159,230.49113,342.3059,179.05647
1587119898358,155.63554,18.547405,225.51202
1587119898557,169.79631,24.847729,212.63365
1587119898755,152.69669,20.468891,229.48442
1587119898954,236.1963,336.816,186.14629
1587119899153,161.97855,25.653091,220.27654
1587119899351,160.57536,23.898298,222.06209
1587119899591,192.14143,352.0554,195.43364
1587119899788,155.09514,19.048445,225.4663
1587119899987,174.06068,27.989374,207.84473
1587119900186,152.89687,25.509634,229.33212
1587119900384,270.66528,326.51974,176.5827
1587119900584,158.19339,25.127443,223.81364
1587119900782,161.73799,23.084385,221.53545
1587119900981,164.95747,354.45206,211.46292
1587119901179,158.70314,11.459825,221.82343
1587119901378,173.93341,27.616888,210.12921
1587119901576,155.9716,24.667141,228.84795
1587119901775,262.42017,324.5178,162.47781
1587119901975,158.31566,24.629705,225.62393
1587119902173,170.65913,26.012802,213.93068
1587119902371,157.1062,8.206031,222.79283
1587119902571,150.89973,346.24268,217.42761
1587119902769,167.26913,26.420786,218.84586
1587119902968,161.22426,24.679115,226.35165
1587119903166,220.68768,336.66782,192.40958
1587119903365,160.7917,12.604666,223.96582
1587119903563,172.13197,25.295622,215.49135
1587119903763,157.11824,19.016369,229.78825
1587119903961,244.4438,331.20923,188.16093
1587119904159,159.14987,23.359613,227.51549
1587119904358,172.77214,24.749176,214.45908
1587119904557,159.5065,17.720123,228.1284
1587119904756,241.69852,334.03015,187.02986
1587119904956,166.27559,26.389883,224.3555
1587119905152,174.12718,25.619097,216.71906
1587119905351,167.9773,5.0896153,221.40088
1587119905590,190.41058,345.3185,207.67555
1587119905789,173.83267,27.585598,219.00923
1587119905986,171.8964,25.057526,220.41359
1587119906186,181.96661,0.040052403,209.7827
1587119906386,175.21686,358.9249,214.52414
1587119906583,173.35373,27.358305,218.1435
1587119906782,174.15788,26.367874,217.28134
1587119906981,174.42424,16.454384,217.35004
1587119907179,195.9721,345.3588,205.95155
1587119907378,175.14592,27.047312,220.03522
1587119907577,180.37766,24.876373,215.70259
1587119907776,174.50581,19.957317,223.20465
1587119907975,183.3602,3.9251513,214.74513
1587119908173,179.44722,15.726112,217.75925
1587119908372,174.28787,26.506746,221.30786
1587119908570,174.66826,29.354906,219.36304
1587119908769,172.1481,25.9928,219.3657
1587119908967,167.94087,19.703163,220.47472
1587119909166,167.29587,15.925671,218.39795
1587119909365,164.33632,23.110088,221.39711
1587119909563,166.3683,25.461882,221.11256
1587119909762,168.22084,25.13404,220.94247
1587119909960,167.18799,24.483898,223.19878
1587119910159,169.61847,21.447021,222.19046
1587119910358,172.54955,25.348299,221.39244
1587119910557,172.69888,25.994154,223.1496
1587119910755,174.00542,28.633959,223.77956
1587119910954,172.978,28.368845,223.35297
1587119911154,171.90756,26.619015,222.77074
1587119911352,170.08154,27.458948,224.58473
1587119911593,172.44444,26.923752,223.31004
1587119911789,173.30054,26.923752,223.31004
1587119911988,174.04478,27.53911,224.30527
1587119912186,175.8152,28.337526,224.55516
1587119912386,176.65196,25.286707,224.09619
1587119912585,178.8101,25.286707,224.09619
1587119912782,180.26744,24.619976,223.10735
1587119912981,176.05269,24.110582,225.101
1587119913181,175.99611,25.561466,223.708
1587119913378,173.9609,25.561466,223.708
1587119913577,170.19757,29.073431,224.32936
1587119913774,168.40923,26.368547,222.1598
1587119913973,160.91048,20.795141,226.34015
1587119914175,176.00279,351.42874,209.93095
1587119914371,180.4045,351.42874,209.93095
1587119914571,170.55208,352.09155,218.869
1587119914769,175.81175,352.09155,218.869
1587119914967,178.37135,10.360283,222.24278
1587119915167,182.83908,26.402124,221.50188
1587119915365,184.8927,30.63933,219.16676
1587119915566,181.09529,26.615051,222.21246
1587119915763,177.57715,21.767763,224.08241
1587119915964,177.58928,16.65911,221.46266
1587119916161,193.90018,356.04184,206.91177
1587119916358,189.54175,356.04184,206.91177
1587119916558,171.76761,358.9961,216.85281
1587119916757,163.84216,14.826228,226.31525
1587119916956,169.24817,26.00478,222.85454
1587119917153,171.20123,26.00478,222.85454
1587119917353,170.3728,23.349176,224.85127
1587119917590,180.50938,7.097947,214.44156
1587119917787,175.40804,10.394595,219.14285
1587119917986,174.97281,24.76774,220.88971
1587119918186,176.15019,29.348305,220.03487
1587119918384,173.66386,24.936012,221.63658
1587119918583,172.40057,19.324955,222.98087
1587119918781,176.70778,20.213865,221.21013
1587119918980,180.93149,22.601181,220.40587
1587119919179,181.94006,20.552086,223.22499
1587119919377,188.2752,21.65198,222.05347
1587119919576,189.49101,20.81909,224.50394
1587119919776,195.52621,21.213764,221.97589
1587119919975,191.47835,25.169624,225.37596
1587119920173,194.39034,25.961021,221.68199
1587119920371,192.56558,24.739527,220.6593
1587119920571,186.6782,24.117874,221.59091
1587119920768,181.40588,25.172194,221.07396
1587119920968,174.903,24.841751,221.42749
1587119921166,167.765,24.560814,222.25076
1587119921364,164.43393,24.453438,220.91634
1587119921563,156.43361,25.934164,225.11058
1587119921763,155.86945,28.163755,224.2059
1587119921961,155.02986,28.229628,223.73029
1587119922159,154.28085,25.835499,222.94176
1587119922357,153.23961,19.93009,221.37807
1587119922557,154.47539,17.889044,219.15495
1587119922756,156.80785,12.472575,214.88173
1587119922954,171.34178,17.850243,202.44292
1587119923153,178.50577,27.662231,194.5441
1587119923351,170.0045,23.299887,199.26483
1587119923590,174.4468,19.47774,191.39099
1587119923788,172.82536,10.519191,188.46188
1587119923988,162.44171,7.649223,192.60439
1587119924186,162.84406,4.301518,188.16455
1587119924385,162.19678,355.87073,183.00275
1587119924583,153.05595,359.903,189.32515
1587119953776,195.73392,359.903,189.32515
1587119954050,167.6831,344.92517,0.0553249
1587119954249,165.56201,343.68173,1.0937313
1587119954450,163.21024,346.80948,6.168758
1587119954650,167.74806,343.40823,359.0772
1587119954849,173.09555,344.53345,353.60068
1587119955049,168.92664,347.18427,0.9217191
1587119955248,165.4299,342.17725,5.4760933
1587119955449,171.71088,344.1898,358.9919
1587119955650,174.14471,343.43994,357.48285
1587119955849,167.58543,345.32004,8.665927
1587119956049,161.41403,340.81613,17.65067
1587119956249,169.91635,341.50983,6.580897
1587119956450,175.71611,337.83026,0.134691
1587119956650,167.56805,343.1505,12.520608
1587119956858,167.24104,337.2076,11.095348
1587119957050,169.78067,338.6459,8.253401
1587119957250,169.05617,336.5109,9.1893015
1587119957451,167.86775,344.96704,16.246944
1587119957650,169.68855,339.44064,13.348658
1587119957848,175.77872,339.01004,4.734878
1587119958049,172.0444,337.37616,9.042947
1587119958249,173.06265,348.68384,9.55487
1587119958450,169.10347,333.963,11.033754
1587119958649,176.42477,346.40872,4.4348626
1587119958849,174.35959,341.42877,7.3719335
1587119959049,168.23752,345.36142,15.1954365
1587119959252,170.31363,342.09717,10.67421
1587119959451,176.81767,342.33704,2.1666117
1587119959650,172.75278,337.78342,4.749278
1587119959849,169.50262,336.75714,7.2070985
1587119960049,175.97473,331.91928,0.016549584
1587119960249,173.54382,329.9048,2.0131137
1587119960449,171.12946,333.11627,4.812876
1587119960650,161.72353,331.94525,16.572926
1587119960849,165.94081,333.18594,12.267093
1587119961051,174.88708,334.34015,2.0260146
1587119961249,173.169,333.3472,6.3831744
1587119961449,166.93791,326.6994,14.442715
1587119961649,178.60217,334.08896,358.36008
1587119961849,178.59607,328.0524,355.78723
1587119962049,170.38904,333.40207,8.790615
1587119962250,165.69835,331.2537,15.868676
1587119962450,176.56746,331.42715,356.54492
1587119962649,172.78835,329.1416,2.274972
1587119962849,168.76898,334.8614,10.147036
1587119963050,170.30165,332.046,5.2715955
1587119963249,175.29639,342.35666,359.93863
1587119963449,168.28615,336.09818,12.267466
1587119963650,167.67528,337.42572,13.393266
1587119963849,173.33632,336.01425,4.1258
1587119964050,177.39766,336.62024,1.2309997
1587119964250,174.2274,337.85388,7.8556523
1587119964449,178.49683,334.89563,5.334754
1587119964650,177.47107,332.84164,9.0053625
1587119964850,176.91292,332.84198,12.204993
1587119965051,178.71097,341.15845,12.595323
1587119965250,175.1763,338.90707,18.895481
1587119965449,182.48819,342.25546,11.859315
1587119965649,184.87613,342.47086,9.529967
1587119965850,190.87843,342.5374,2.1587002
1587119966049,186.01978,339.45572,8.519551
1587119966251,181.03673,338.1255,13.811716
1587119966450,194.54857,336.23965,359.25653
1587119966650,194.2779,337.2018,357.26538
1587119966850,191.59016,344.17877,355.97855
1587119967052,199.91284,338.78992,344.7388
1587119967168,195.85062,338.78992,344.7388
1587119967368,198.40215,338.15494,334.7499
1587119967567,196.79475,336.15533,326.52875
1587119967767,195.61052,334.49542,315.20544
1587119967963,198.65,336.36475,288.50714
1587119968165,196.11078,340.10803,268.99973
1587119968362,176.77037,328.3904,287.2763
1587119968559,170.5581,330.30554,280.51086
1587119968758,169.19536,333.18433,266.06714
1587119968959,180.97723,336.66934,234.94424
1587119969156,177.30702,1.5581248,238.81726
1587119969354,161.00974,8.360553,266.3119
1587119969553,157.09453,5.51939,276.75296
1587119969752,155.95454,28.201746,290.54514
1587119969951,151.2964,33.264034,300.39795
1587119970189,144.51955,36.509552,304.65405
1587119970388,163.27942,9.128843,271.89117
1587119970589,244.91568,343.5499,232.20822
1587119970786,208.80508,11.024182,234.16034
1587119970984,194.00017,11.024182,234.16034
1587119971183,202.17117,21.088463,209.20462
1587119971384,205.74438,10.632295,192.22516
1587119971582,179.77934,45.26919,202.58952
1587119971779,173.63834,45.26919,202.58952
1587119971980,244.71957,333.16068,173.22696
1587119972178,166.41139,16.516718,207.71957
1587119972374,160.75905,16.516718,207.71957
1587119972573,164.47507,40.811058,203.90042
1587119972773,330.93616,312.09448,176.12209
1587119972971,156.96863,33.071686,209.53262
1587119973169,154.257,33.071686,209.53262
1587119973369,149.03105,23.782549,213.83203
1587119973568,147.82103,23.782549,213.83203
1587119973767,103.24702,331.13144,185.11716
1587119973965,151.25734,31.363604,212.44003
1587119974166,154.27087,10.218595,203.26921
1587119974365,147.74817,355.23215,202.55853
1587119974561,149.82944,355.23215,202.55853
1587119974761,152.91084,31.118895,217.1728
1587119974960,151.35742,31.118895,217.1728
1587119975159,275.2259,333.0825,180.23079
1587119975357,154.7432,29.829834,210.42593
1587119975556,154.91269,29.829834,210.42593
1587119975755,140.53632,24.96692,224.89404
1587119975956,145.2138,25.683151,219.65427
1587119976152,155.88011,27.899569,209.15106
1587119976388,146.25623,21.883875,216.99867
1587119976587,130.89052,338.43735,191.50877
1587119976786,150.60072,31.244564,215.1613
1587119976986,152.40361,26.5945,212.849
1587119977183,150.96019,358.216,201.96912
1587119977382,146.89108,4.358382,209.8205
1587119977580,157.02838,31.145075,210.10338
1587119977778,147.9013,25.770658,219.51785
1587119977978,296.64252,327.71454,177.26604
1587119978177,151.49539,27.348879,213.95375
1587119978375,157.50009,28.099798,206.99112
1587119978575,145.24072,24.549107,218.50793
1587119978773,88.32555,332.73166,188.21815
1587119978972,146.63867,31.858479,215.6733
1587119979170,145.8101,30.492409,214.94203
1587119979368,296.61743,329.18918,171.30276
1587119979568,141.05112,22.76096,218.48155
1587119979766,151.32224,28.712568,208.78139
1587119979965,141.23474,25.40232,219.5141
1587119980164,21.355827,325.02267,182.7589
1587119980362,147.06787,34.06347,213.37526
1587119980561,148.0359,34.821686,212.0905
1587119980759,307.32196,328.48325,171.9692
1587119980961,145.69717,24.656008,211.61215
1587119981158,152.32079,31.69566,205.27374
1587119981356,142.36539,25.029652,213.74464
1587119981555,138.63518,349.97052,193.12407
1587119981753,150.22137,33.210434,209.61766
1587119981953,143.99554,30.727432,217.99284
1587119982150,291.49585,323.61078,159.72647
1587119982389,146.1241,20.349869,216.1404
1587119982588,157.96852,31.65539,209.35555
1587119982787,154.84094,31.85087,214.08463
1587119982986,155.04337,31.263966,214.64912
1587119983184,158.32117,26.591234,210.63719
1587119983383,157.01126,25.270926,212.05304
1587119983582,152.97426,23.858292,215.36572
1587119983780,153.50137,23.233438,214.50581
1587119983979,150.19131,25.060547,216.17369
1587119984178,150.65028,29.383526,215.2146
1587119984376,147.13577,30.248787,215.64021
1587119984574,146.66542,32.83125,212.50975
1587119984774,135.90327,33.35825,218.84781
1587119984973,91.132095,344.79675,189.56853
1587119985171,115.75582,11.203992,212.606
1587119985370,121.81607,31.979359,211.40344
1587119985569,117.54135,40.61068,213.24347
1587119985767,113.35579,43.65653,212.87991
1587119985966,124.098114,57.77549,204.86194
1587119986165,116.270935,51.422684,207.37808
1587119986364,117.44936,48.839344,203.78403
1587119986561,101.783875,40.632442,212.37672
1587119986761,110.720184,43.289948,208.69739
1587119986960,89.68958,31.07787,223.90259
1587119987157,82.62528,17.206602,211.5055
1587119987356,8.231231,339.71512,192.69885
1587119987556,20.085674,346.79263,199.01529
1587119987753,112.52603,12.299405,225.24495
1587119987952,156.7,40.82061,219.8826
1587119988152,163.97894,36.597675,218.83748
1587119988389,157.86595,20.620634,221.52118
1587119988588,257.73798,346.63272,201.11383
1587119988787,243.80325,351.8413,198.49539
1587119988985,168.80247,25.593065,226.274
1587119989185,191.52196,42.198013,213.93037
1587119989383,190.43199,39.039165,217.42484
1587119989582,193.26488,43.623646,217.65735
1587119989781,198.90439,44.30903,216.31009
1587119989979,207.65176,42.11661,216.22572
1587119990177,217.95828,38.95061,217.12224
1587119990376,225.78793,39.029194,216.55649
1587119990575,235.53226,34.394936,216.13092
1587119990774,241.6758,32.46323,218.48482
1587119990972,247.8548,32.74033,218.55992
1587119991171,250.59702,35.180878,217.74068
1587119991370,251.11526,35.102665,218.97015
1587119991569,250.26111,38.016212,217.14488
1587119991767,252.74123,36.262764,214.09846
1587119991966,247.39337,34.813175,218.99228
1587119992167,242.56422,36.218357,218.20615
1587119992363,239.00089,35.344223,217.53806
1587119992562,230.95415,36.486473,218.93983
1587119992761,229.91927,36.095238,215.29375
1587119992959,225.87378,35.50786,214.65633
1587119993158,223.16779,31.562126,213.6863
1587119993357,214.2558,31.318329,214.46782
1587119993556,219.55994,43.909775,195.52272
1587119993754,234.7869,49.256695,166.68083
1587119993956,228.91441,39.490772,165.2517
1587119994152,220.8824,35.246002,165.95615
1587119994389,213.91705,29.499584,165.89844
1587119994588,203.9892,34.527775,166.15169
1587119994787,185.40518,34.233215,176.73547
1587119994987,177.22879,32.33982,178.79272
1587119995185,180.44524,31.864319,173.25888
1587119995384,178.80328,30.144815,173.74219
1587119995582,175.0641,30.551037,177.18674
1587119995780,170.40543,24.604622,181.3494
1587119995979,182.3645,15.828077,171.27658
1587119996178,187.24858,9.48803,167.40698
1587119996376,196.8074,1.2114664,160.82375
1587119996573,183.82712,6.597075,169.79332
1587119996773,179.21791,1.4834986,173.66425
1587119996973,184.35672,356.937,169.14592
1587119997170,189.00371,1.2176234,163.49448
1587119997370,186.81874,9.336525,165.2234
1587119997568,184.0592,27.53449,169.73396
1587119997766,173.87123,42.66499,184.06218
1587119997966,170.48143,43.16276,188.97209
1587119998165,174.52837,47.94725,185.52492
1587119998363,172.72803,45.55987,188.36017
1587119998562,166.77458,41.097824,194.35057
1587119998760,167.32405,40.459763,194.01099
1587119998959,186.61017,19.955847,177.11346
1587119999158,247.57211,341.50214,154.26126
1587119999356,221.82756,350.63165,156.27393
1587119999555,192.09052,1.4641514,169.24228
1587119999754,194.08311,14.315132,164.47536
1587119999953,176.16682,26.105764,181.52275
1587120000151,182.3528,36.75604,174.62502
1587120000390,172.6663,33.20121,186.98114
1587120000588,175.29666,33.20121,186.98114
1587120000788,157.96877,29.93692,205.37332
1587120000985,158.70279,29.93692,205.37332
1587120001187,160.99489,21.83835,202.40564
1587120001383,161.61032,21.83835,202.40564
1587120001584,159.80235,8.75634,200.69984
1587120001784,158.48393,352.03214,196.87405
1587120001980,152.50696,16.105467,213.05118
1587120002179,153.23221,37.752556,220.63191
1587120002380,158.21486,42.605347,216.16228
1587120002575,158.70547,42.605347,216.16228
1587120002774,155.32314,33.041332,218.35132
1587120002973,156.0489,27.832325,216.63452
1587120003172,205.5712,345.02664,191.11334
1587120003370,210.65988,345.02664,191.11334
1587120003568,148.74724,3.311246,212.47859
1587120003768,165.79008,36.752823,207.85046
1587120003964,165.23058,36.752823,207.85046
1587120004166,156.33015,24.06056,213.33246
1587120004365,167.97719,347.7841,193.58601
1587120004564,151.08665,354.66797,204.63737
1587120004762,150.5331,23.010607,219.2341
1587120004961,161.38304,31.550426,209.6849
1587120005158,159.96448,31.550426,209.6849
1587120005357,155.50444,30.554329,214.78348
1587120005556,151.02083,22.76082,217.54716
1587120005755,163.05086,351.75977,195.48845
1587120005953,145.86665,347.81418,202.90654
1587120006152,152.5037,23.1129,215.45557
1587120006389,150.43877,26.433075,217.53186
1587120006588,150.57924,10.530932,211.65755
1587120006787,153.33511,2.7078865,205.6816
1587120006986,152.98987,11.431268,208.99492
1587120007184,154.38664,22.653307,211.48907
1587120007383,154.53383,24.93713,212.83679
1587120007580,150.90575,24.757635,216.3445
1587120007779,151.21999,11.724777,211.1773
1587120007979,152.86806,16.77804,211.80219
1587120008179,152.22827,22.260279,214.48637
1587120008375,153.61447,24.549335,214.59595
1587120008575,152.18413,20.572607,215.11285
1587120008773,154.78601,22.372879,213.3847
1587120008972,155.71204,25.492407,213.04036
1587120009170,151.5527,31.334541,218.5435
1587120009370,156.52138,34.704678,212.90567
1587120009568,156.57701,39.893856,212.22772
1587120009767,155.75926,38.384605,210.58485
1587120009966,157.99295,40.693077,206.25558
1587120010165,167.97873,48.450275,195.06902
1587120010363,179.84596,53.116325,180.81308
1587120010562,169.14806,54.20299,186.96848
1587120010761,172.7743,59.171867,180.0578
1587120010959,154.3686,55.894363,192.19286
1587120011157,156.18878,56.99602,187.8567
1587120011357,150.3995,59.012424,190.94783
1587120011555,145.85202,56.867924,191.8575
1587120011755,147.33655,59.340965,190.19548
1587120011953,142.60939,59.243618,195.10135
1587120012152,136.18509,58.674862,201.48314
1587120012389,142.35706,60.876507,198.48715
1587120012589,144.87277,61.610355,197.51762
1587120012787,146.18689,61.22387,197.0059
1587120012985,148.47484,61.26664,195.0644
1587120013184,149.96391,60.87674,193.81667
1587120013382,150.96332,60.588608,192.97432
1587120013582,148.10414,59.51952,194.49214
1587120013781,148.04288,59.578545,194.01048
1587120013979,147.46594,58.42875,193.82593
1587120014178,149.79211,59.884113,192.09769
1587120014376,148.03978,59.47287,192.9523
1587120014575,154.10982,59.834698,188.60815
1587120014774,136.51476,55.086697,201.87164
1587120014972,141.14531,53.87947,197.81902
1587120015171,140.63261,53.927795,198.35526
1587120022848,305.51837,58.00483,186.5709
1587120023048,77.309425,342.92178,6.912593
1587120023250,76.63548,342.842,4.2519
1587120023451,80.31148,346.10672,5.37355
1587120023651,84.86409,350.40903,7.1298823
1587120023850,85.859505,353.57413,358.83328
1587120024049,89.46129,357.0844,350.98688
1587120024249,83.768654,351.42917,3.1662486
1587120024450,81.166306,349.77795,2.5200832
1587120024650,79.90749,348.84674,2.8344913
1587120024849,79.759605,350.02118,0.99926865
1587120025051,79.50942,349.55075,1.4054737
1587120025251,79.34862,349.11728,0.48799503
1587120025451,79.57884,348.02106,0.43614396
1587120025650,78.6501,347.63257,358.89307
1587120025850,81.521805,352.73636,355.50357
1587120026051,83.29196,352.43973,7.5622864
1587120026250,75.20825,346.76117,358.97974
1587120026451,62.84011,341.86642,346.95612
1587120026571,52.388344,340.54138,336.12677
1587120026769,42.09461,346.53903,320.07086
1587120026968,304.7955,2.4583077,290.65988
1587120027167,232.07065,28.240042,268.0202
1587120027366,108.78417,16.593163,285.4632
1587120027569,157.54234,37.69614,273.266
1587120027782,131.0134,55.65254,283.56592
1587120027961,103.72061,35.254436,252.94916
1587120028160,88.0914,43.193497,259.0869
1587120028359,96.37622,51.429,235.97498
1587120028558,102.95097,60.004707,225.72037
1587120028756,101.411766,64.58847,209.75847
1587120028956,186.7966,67.511566,153.14804
1587120029154,68.51603,51.220886,162.63545
1587120029352,109.00876,52.08538,134.11633
1587120029551,62.45486,30.747892,169.83447
1587120029791,72.14961,29.367676,168.77158
1587120029989,79.33187,28.8744,168.4023
1587120030189,85.75855,32.663555,174.2578
1587120030387,91.46872,32.663555,174.2578
1587120030586,95.13218,35.394196,179.62167
1587120030783,98.24237,35.394196,179.62167
1587120030981,102.327545,34.599377,177.22032
1587120031181,105.35381,34.879436,175.21957
1587120031382,103.94381,33.70461,177.30463
1587120031580,106.25863,32.873516,174.14902
1587120031778,109.69714,36.414318,174.76654
1587120031977,106.38508,36.117855,177.26817
1587120032175,105.51552,36.117855,177.26817
1587120032375,107.6185,35.822872,172.91225
1587120032573,105.986694,34.76232,175.33444
1587120032769,107.17967,34.76232,175.33444
1587120032969,109.30013,34.769524,176.0304
1587120033167,114.06078,37.368237,176.56807
1587120033365,119.3712,36.394535,174.05026
1587120033567,124.52388,36.55013,173.23006
1587120033764,129.55649,36.55013,173.23006
1587120033961,131.79422,36.03885,176.04286
1587120034160,135.85767,36.078197,176.03345
1587120034359,138.93747,36.078197,176.03345
1587120034557,140.61993,36.06837,175.96591
1587120034757,140.4229,35.271385,176.86932
1587120034956,144.2906,35.80504,174.93738
1587120035154,144.6418,36.144943,175.31204
1587120035353,142.95053,35.854553,176.71373
1587120035553,146.82625,35.44375,173.53471
1587120035752,146.46564,35.44375,173.53471
1587120035990,144.4548,34.784126,174.5547
1587120036187,144.92686,35.15742,173.28613
1587120036385,141.8049,35.931793,174.9653
1587120036585,141.1857,36.754795,174.02074
1587120036784,137.83171,36.675354,175.10213
1587120036982,137.69286,36.969975,173.33075
1587120037181,135.77618,37.177433,172.96378
1587120037380,133.53117,36.23199,172.31587
1587120037578,132.50021,36.129784,173.20955
1587120037777,136.60393,36.100266,171.75572
1587120037975,136.13483,36.105198,173.8869
1587120038175,140.91855,35.609505,171.05927
1587120038373,139.886,35.23223,173.34161
1587120038572,140.31595,35.32669,173.06444
1587120038771,138.6252,35.90411,173.27098
1587120038969,136.30418,36.24498,173.76138
1587120039168,133.50754,35.925022,173.00702
1587120039366,127.60724,35.89294,173.30127
1587120039565,121.35682,36.053345,173.43262
1587120039764,115.74599,36.11672,172.7529
1587120039963,106.76894,35.612534,172.73929
1587120040161,102.71213,36.15914,171.35823
1587120040359,100.66305,36.259468,173.02722
1587120040559,101.54476,35.908573,171.78767
1587120040759,102.052414,35.967987,172.09592
1587120040957,105.34277,36.13744,171.71764
1587120041154,106.49996,35.934376,172.2839
1587120041354,107.572495,35.899742,172.52026
1587120041551,109.49481,36.2617,172.11838
1587120041751,108.4525,35.810493,172.94351
1587120041989,107.600235,35.561844,172.76862
1587120042192,106.5289,35.376987,172.98602
1587120042387,105.880264,35.25782,172.92493
1587120042585,104.71509,35.16953,173.66452
1587120042784,105.06262,35.316338,173.31375
1587120042983,104.3168,34.95284,173.6997
1587120043182,105.24978,35.029293,173.39935
1587120043380,105.78319,35.16992,173.56485
1587120043579,106.980965,35.16289,173.50589
1587120043777,107.10075,35.156506,173.90778
1587120043975,109.092026,35.501842,173.80978
1587120044175,112.92859,35.258846,173.98427
1587120044374,118.15401,35.15875,173.57915
1587120044572,120.979805,35.260387,173.48694
1587120044770,122.88405,35.426174,174.14401
1587120044970,127.53396,36.358162,173.29716
1587120045168,129.73991,35.86055,173.18703
1587120045366,132.48967,35.575844,172.98785
1587120045565,134.99983,36.286938,172.36351
1587120045764,131.53493,36.09799,173.28241
1587120045963,127.54781,36.164913,172.4971
1587120046162,126.268654,36.03617,171.95605
1587120046360,124.03182,35.253033,172.36894
1587120046559,123.15566,35.324955,172.29433
1587120046758,121.361885,35.057198,173.55284
1587120046957,122.76135,35.840767,173.66766
1587120047155,123.082115,35.56492,175.48358
1587120047353,121.775635,32.834938,175.8785
1587120047552,122.54645,32.29116,174.52383
1587120047751,123.690506,35.10051,174.94496
1587120047988,120.32661,33.65217,176.15036
1587120048187,121.84847,33.34433,172.09209
1587120048387,116.602165,34.364662,176.59409
1587120048586,118.45682,35.73877,173.68517
1587120048784,109.93633,33.497112,177.37929
1587120048983,112.203476,34.01106,172.94807
1587120049182,109.26731,34.9728,176.37822
1587120049381,107.29659,33.369564,176.13705
1587120049579,107.28639,32.97882,175.4721
1587120049778,109.38639,34.517754,175.54694
1587120049976,111.057724,33.574306,173.20303
1587120050176,109.83619,34.762695,175.83612
1587120050373,112.136536,34.62143,173.42386
1587120050572,114.38195,36.954586,173.98412
1587120050771,111.8562,35.580833,175.3047
1587120050970,111.96212,34.50868,174.1907
1587120051168,113.32499,33.50478,172.12953
1587120051366,113.66181,34.31689,173.12311
1587120051564,114.17121,34.926247,173.12065
1587120051763,113.92316,35.791862,174.58688
1587120051963,114.32254,34.88106,173.24762
1587120052162,112.506226,34.275974,174.30266
1587120052360,111.58376,35.216873,176.48766
1587120052561,113.813995,35.949905,174.83797
1587120052759,117.744644,36.649887,171.37828
1587120052955,113.56202,33.980846,172.99956
1587120053155,110.68077,32.990963,175.39177
1587120053353,115.19484,33.262524,171.057
1587120053552,119.42214,33.86078,168.0614
1587120053751,110.8502,23.99251,165.92616
1587120053990,100.62762,13.89465,162.55692
1587120054189,98.78237,10.330521,159.3878
1587120054387,84.19009,0.48971698,151.43555
1587120054586,94.11927,6.5305643,157.66931
1587120054785,95.37393,12.586779,171.81004
1587120054983,94.595535,22.366283,186.83493
1587120055181,88.58125,30.214943,201.35544
1587120055381,95.38284,45.216454,197.39038
1587120055579,94.56044,50.90687,200.2275
1587120055778,83.423416,39.771328,203.36217
1587120055977,71.63298,27.645266,205.31831
1587120056175,65.79834,22.187695,210.21182
1587120056374,54.65507,1.4339029,205.94962
1587120056573,42.15699,347.80264,194.33842
1587120056771,53.33317,1.5860068,211.03358
1587120056969,46.41847,19.399715,179.87067
1587120057169,77.5224,42.083355,209.85512
1587120057367,70.63152,36.30546,202.54521
1587120057565,55.040173,23.837929,198.32553
1587120057765,50.195835,12.472567,203.7838
1587120057963,35.56203,348.64172,195.98927
1587120058162,22.80095,348.8093,179.01309
1587120058360,51.150692,17.302364,195.42459
1587120058559,85.154625,41.818794,192.2752
1587120058758,78.14,36.918236,198.96895
1587120058957,68.96721,22.952707,195.09308
1587120059153,60.51132,10.581088,192.07608
1587120059352,25.744448,346.9841,178.98657
1587120059551,74.10523,27.838415,204.95905
1587120059751,109.7232,40.665848,190.33833
1587120059991,55.391994,4.247934,196.87822
1587120060190,66.23907,4.247934,196.87822
1587120060387,34.097942,352.49683,182.12646
1587120060587,111.509224,22.374096,193.35704
1587120060785,123.75645,34.37299,198.96835
1587120060983,86.2571,8.4255295,206.58383
1587120061180,96.02623,8.4255295,206.58383
1587120061379,72.77402,350.31567,198.94211
1587120061578,103.08525,24.363626,218.93779
1587120061776,122.30485,36.119072,202.64833
1587120061976,59.312557,354.43976,191.79099
1587120062175,62.785202,354.43976,191.79099
1587120062375,112.894554,35.149796,211.05331
1587120062574,106.6657,30.021502,206.82785
1587120062770,103.25457,30.021502,206.82785
1587120062969,100.85392,24.335108,202.8295
1587120063170,80.32339,5.559044,208.96748
1587120063366,114.69146,41.218945,205.59201
1587120063566,113.44153,41.218945,205.59201
1587120063764,89.79491,18.74893,210.00606
1587120063971,79.89618,5.5944886,202.24272
1587120064162,83.109146,6.478946,190.0887
1587120064360,114.63971,32.77251,194.43234
1587120064560,95.11598,21.08724,203.16133
1587120064759,34.943027,332.44403,174.50923
1587120064957,37.940422,332.44403,174.50923
1587120065156,119.421715,39.310795,191.06334
1587120065356,98.615364,25.740406,204.38385
1587120065552,46.858833,331.99762,179.15068
1587120065752,47.51709,331.99762,179.15068
1587120065989,116.43584,35.13267,191.64297
1587120066188,104.41729,31.47027,203.79868
1587120066387,38.834915,328.01666,175.97685
1587120066586,107.06976,29.48817,202.61969
1587120066784,116.45881,35.506786,198.34927
1587120066983,104.31044,29.106205,211.43362
1587120067181,345.24582,305.2371,141.23788
1587120067380,114.41019,33.640965,202.88055
1587120067579,119.16403,33.470383,199.95586
1587120067778,114.94613,22.275715,197.8147
1587120067975,60.472492,334.3934,192.66086
1587120068174,122.02287,35.276882,199.48021
1587120068373,122.16741,37.001766,202.57666
1587120068573,80.880035,341.28632,205.45676
1587120068772,105.3879,13.832545,206.4493
1587120068971,126.90467,35.037125,194.93925
1587120069168,114.766014,31.415762,207.55426
1587120069367,10.385068,314.4613,160.87769
1587120069566,110.40751,27.944618,207.47964
1587120069765,117.399315,31.530596,200.45746
1587120069962,105.02521,21.499306,211.87125
1587120070161,43.801933,332.03296,175.87563
1587120070360,109.867355,33.22654,207.98264
1587120070559,109.94074,34.74498,208.88376
1587120070758,81.16578,351.91968,197.03859
1587120070956,93.49031,8.326375,202.58781
1587120071155,113.417145,34.34348,200.05783
1587120071354,104.27579,31.535072,211.22404
1587120071553,4.500957,311.96295,154.28311
1587120071752,102.94901,30.10368,208.8785
1587120071989,106.68173,30.431234,202.95955
1587120072188,103.038315,23.136646,203.86943
1587120072387,71.751686,349.32614,194.3523
1587120072586,110.65736,34.316925,199.6133
1587120072785,104.5559,34.595043,210.3366
1587120072983,41.415417,332.7731,177.33311
1587120073182,99.934586,26.197104,207.7353
1587120073380,111.19712,33.01487,199.31023
1587120073579,101.58618,25.447529,210.18835
1587120073778,59.83931,324.95517,196.63123
1587120073977,107.36479,35.03169,203.94824
1587120074176,107.75417,37.15598,206.06244
1587120074372,45.320045,325.5209,178.96127
1587120074572,95.803566,23.484203,215.54022
1587120074772,115.091965,32.78366,193.9721
1587120074970,101.00769,29.49221,214.29227
1587120075168,47.913643,322.81638,186.74196
1587120075368,106.13338,33.278255,206.50365
1587120075566,109.24584,33.722286,205.26083
1587120075764,47.221977,321.86563,184.02617
1587120075963,100.71839,23.595354,211.08195
1587120076161,109.90411,31.663202,201.27339
1587120076360,101.64978,26.683012,212.0572
1587120076559,46.62573,312.78992,186.72684
1587120076758,102.733986,31.587917,209.19797
1587120076958,107.20007,33.75187,207.6065
1587120077156,72.63158,341.0958,195.95633
1587120077355,98.96027,20.856852,212.24788
1587120077553,114.08806,33.156803,201.53352
1587120077752,104.62282,28.431278,217.05684
1587120077990,24.505213,308.98694,172.24683
1587120078188,106.324585,34.381866,212.88452
1587120078387,111.47787,34.65758,206.551
1587120078586,95.7719,7.1891875,197.33777
1587120078785,93.96221,11.489244,209.46643
1587120078984,117.34367,34.04486,196.12828
1587120079181,102.793846,29.208559,213.2413
1587120079380,3.835202,309.94537,153.19852
1587120079579,105.17435,31.388582,205.09045
1587120079778,109.073296,33.566223,203.355
1587120079976,101.47919,21.772331,204.9821
1587120080175,75.91963,351.15973,202.18417
1587120080375,105.194756,31.41176,205.63815
1587120080573,103.32801,31.61631,211.57301
1587120080770,41.692253,308.279,186.44199
1587120080970,98.083664,25.278618,211.78023
1587120081169,107.08471,32.272705,204.11923
1587120081367,98.09743,23.951427,213.30719
1587120081566,52.421,331.5567,188.59285
1587120081769,105.30584,33.091946,205.77946
1587120081962,105.68702,34.676285,208.76825
1587120082162,68.261505,342.2684,194.44185
1587120082360,91.31644,16.21486,209.3376
1587120082559,108.284294,33.81944,200.5844
1587120082757,98.14963,29.408476,215.69011
1587120082957,14.802339,302.7139,165.46542
1587120083155,101.76725,31.17017,209.35281
1587120083354,103.45166,32.39512,210.64505
1587120083552,89.62181,7.277763,206.3749
1587120083752,92.04857,13.895366,204.14786
1587120083992,105.404106,33.472145,206.46245
1587120084187,98.29088,31.32868,218.29842
1587120084387,3.288513,320.63605,156.43488
1587120084586,97.82809,30.113464,213.17949
1587120084784,104.343636,31.434832,207.23096
1587120084985,96.65217,18.25615,205.17027
1587120085180,78.491356,358.9681,203.78416
1587120085381,111.654015,33.896538,201.815
1587120085579,99.5296,26.948647,219.43425
1587120085778,2.9391587,321.242,155.89015
1587120085976,103.579,29.908112,211.773
1587120086175,110.293915,30.225626,203.97903
1587120086374,104.879845,23.596544,206.99538
1587120086572,83.98253,355.85654,200.97006
1587120086771,109.210754,33.562756,203.18199
1587120123767,86.97018,353.4814,4.3259068
1587120123948,83.54317,353.157,0.6436635
1587120124149,81.58014,349.39914,5.797375
1587120124350,84.40137,352.47763,3.5647283
1587120124549,80.3131,347.25806,3.4226549
1587120124760,84.30937,350.48648,356.92203
1587120124951,81.9673,345.94864,0.46926826
1587120125151,90.29839,351.6365,3.8382661
1587120125349,84.4486,344.99146,0.34090593
1587120125551,84.97512,344.23755,358.6334
1587120125849,94.54167,350.2283,6.2177906
1587120126143,88.69248,344.00882,4.04383
1587120126249,92.14427,346.561,359.24213
1587120126450,89.43026,341.77594,6.782596
1587120126649,96.512085,346.11685,22.439175
1587120126849,95.81142,343.3834,28.854988
1587120127051,93.23391,346.63092,15.042918
1587120127251,94.419106,350.66397,10.312143
1587120127449,95.71225,352.82825,18.893232
1587120127649,91.09702,349.30386,13.845185
1587120127849,91.28337,352.28424,3.4227514
1587120128049,80.83219,346.49402,2.2798624
1587120128251,84.33139,348.47617,5.7780724
1587120128451,83.24742,342.24658,18.103947
1587120128651,83.08207,342.75848,12.974106
1587120128849,78.876755,340.5977,5.5741687
1587120129051,86.755646,345.15805,7.264251
1587120129254,86.321625,338.39392,20.260345
1587120129449,87.268166,341.42914,11.830285
1587120129649,83.176575,338.6818,6.3931336
1587120129849,92.929184,343.7828,13.459852
1587120130050,90.26475,341.64917,10.864468
1587120130249,87.69825,342.0309,1.3432741
1587120130449,85.65423,340.81183,358.57285
1587120130650,86.19083,338.2381,5.0739746
1587120130849,92.94976,342.97787,9.364647
1587120131050,89.75688,342.60446,357.40372
1587120131250,89.9297,341.14,2.238684
1587120131450,90.647385,339.7283,7.260682
1587120131650,92.26866,338.45166,9.289909
1587120131849,93.072556,340.5886,358.07352
1587120132049,89.27128,336.1493,358.00232
1587120132250,94.08168,338.70724,359.93228
1587120132450,94.15448,334.593,6.8370495
1587120132650,95.71418,337.16693,358.4167
1587120132850,98.71398,338.50333,1.5529665
1587120133049,108.92686,350.53726,9.572589
1587120133250,98.828674,338.49075,7.2337775
1587120133450,105.49367,346.30035,355.3107
1587120133650,97.63807,339.12408,1.0340747
1587120133850,100.8323,341.1649,8.297016
1587120134050,99.2602,341.01736,3.5889804
1587120134249,96.67758,341.5616,357.79633
1587120134453,91.96793,338.50772,357.7041
1587120134649,101.88334,347.0559,9.583463
1587120134850,94.30963,336.9413,10.330707
1587120135049,96.497765,343.23108,2.8572032
1587120135250,89.55364,337.60526,0.34767416
1587120135449,99.947525,346.94305,8.994821
1587120135650,96.76149,343.04645,11.980148
1587120135851,96.859764,344.37195,7.587131
1587120136050,95.4429,342.8349,9.571695
1587120136249,97.74401,345.9055,5.335091
1587120136451,95.87768,344.10614,4.534816
1587120136650,92.357,342.27646,355.91046
1587120136850,90.92407,341.65765,355.5159
1587120137052,96.51763,344.73764,8.050442
1587120137249,92.43714,338.4176,10.396937
1587120137449,94.3622,339.946,9.571052
1587120137650,90.652115,332.21664,13.948573
1587120137850,99.82986,341.97586,21.113028
1587120138050,94.693794,336.5196,18.502567
1587120138250,91.39078,340.57455,359.54132
1587120138449,85.42861,335.59808,2.2925293
1587120138649,96.6794,342.64484,15.007896
1587120138849,93.33445,342.13007,5.7750983
1587120139050,89.24026,340.64896,359.8927
1587120139249,87.95643,339.01984,1.9966252
1587120139449,92.054855,338.82928,13.356883
1587120139650,81.87709,336.06586,355.27353
1587120139848,90.785835,339.47955,1.0050846
1587120139949,92.54886,339.47955,1.0050846
1587120140149,91.99692,334.91284,8.950118
1587120140349,91.764435,336.71976,2.404527
1587120140549,87.723305,334.03867,358.0895
1587120140749,94.686165,337.9923,6.8810983
1587120140949,94.09881,335.22247,11.807931
1587120141149,91.75555,336.0097,5.5824723
1587120141349,95.5665,337.2957,16.821682
1587120141549,94.70072,338.82455,16.438154
1587120141753,95.50413,341.55383,15.711607
1587120141949,85.68595,338.73764,1.7756829
1587120142149,90.24562,341.97244,7.444453
1587120142349,95.56368,346.32773,11.324093
1587120142550,79.17173,337.16385,356.9875
1587120142787,21.053726,334.31973,324.8009
1587120142987,70.40273,330.2292,342.30884
1587120143188,24.821732,308.8059,318.53116
1587120143385,307.9318,332.42413,271.74777
1587120143582,355.0231,336.00522,283.09518
1587120143781,339.7591,326.68008,266.2966
1587120143979,19.200523,327.65067,280.04895
1587120144179,9.696005,316.0745,272.10352
1587120144378,36.63243,324.83038,287.36377
1587120144576,35.028225,322.7719,288.27396
1587120144775,37.19122,321.78156,291.44165
1587120144974,41.646862,325.52075,292.97327
1587120145172,32.65644,323.28827,286.1496
1587120145371,35.886395,320.35376,289.3684
1587120145569,29.289658,317.63937,283.96216
1587120145769,21.078283,316.13934,277.07312
1587120145967,32.48812,323.55603,281.9019
1587120146166,36.85477,313.68835,288.66055
1587120146365,48.93739,319.47205,295.21033
1587120146563,44.704155,322.13922,287.33612
1587120146762,57.439693,310.6919,302.7545
1587120146962,113.23534,339.2523,22.289639
1587120147160,102.76194,350.52722,359.4142
1587120147359,110.86487,9.25736,314.6455
1587120147558,144.53142,21.916672,280.27094
1587120147756,129.86215,31.017221,292.13843
1587120147955,121.53695,44.6062,299.38306
1587120148156,114.82572,42.020817,291.59448
1587120148351,33.631763,5.3396907,253.77945
1587120148550,19.461292,349.3935,245.96686
1587120148790,36.828014,0.4422582,247.77802
1587120148989,50.60094,11.954337,245.16847
1587120149188,17.8467,352.20288,222.36542
1587120149386,31.972946,352.20288,222.36542
1587120149585,42.77694,355.14288,220.29979
1587120149783,106.940445,37.22376,232.2842
1587120149980,64.437325,5.6785593,224.71332
1587120150182,328.30457,351.07507,158.94653
1587120150380,55.27636,357.3015,206.53964
1587120150579,56.63516,357.3015,206.53964
1587120150777,166.99991,67.81496,165.50572
1587120150976,66.82378,15.809857,192.7419
1587120151175,43.423477,345.87796,181.70729
1587120151376,96.83681,32.21893,190.41122
1587120151571,96.7255,32.21893,190.41122
1587120151770,110.16786,36.26842,180.52658
1587120151968,40.552288,337.32822,168.19995
1587120152167,82.467354,6.204727,186.8755
1587120152366,83.89929,6.204727,186.8755
1587120152566,102.3502,31.465681,190.96616
1587120152763,101.439644,31.465681,190.96616
1587120152965,39.933468,329.5574,167.71556
1587120153161,41.79638,329.5574,167.71556
1587120153360,111.796906,33.606224,184.1733
1587120153560,101.39478,29.971018,193.09842
1587120153757,101.77587,29.971018,193.09842
1587120153957,90.72597,6.877469,180.82536
1587120154156,107.98601,35.056572,189.17589
1587120154355,104.780754,33.977943,190.17957
1587120154552,104.16847,33.977943,190.17957
1587120154790,59.920696,337.6571,176.28722
1587120154989,102.01851,32.08547,187.72086
1587120155187,100.22994,31.63703,185.20763
1587120155386,92.10589,24.364403,185.19168
1587120155585,21.323473,315.0839,153.86691
1587120155783,95.35091,23.354733,187.0103
1587120155982,106.66444,37.157005,186.16321
1587120156181,98.51842,29.561783,189.42407
1587120156379,44.323437,333.1489,166.22784
1587120156578,88.632774,7.283666,182.89449
1587120156777,113.33107,34.093437,183.70045
1587120156976,109.100845,32.22033,187.55327
1587120157174,73.40358,352.77676,173.04823
1587120157373,80.45734,355.7871,181.9281
1587120157571,111.71648,34.39101,185.00337
1587120157770,107.98683,32.39529,184.05922
1587120157969,86.98589,8.680963,181.73392
1587120158168,66.25004,345.83374,176.54124
1587120158367,109.77135,32.52213,183.01924
1587120158564,107.795784,31.290384,184.49162
1587120158764,97.72498,15.732052,182.82513
1587120158963,49.49462,327.2441,169.2167
1587120159161,111.62447,32.129032,183.71506
1587120159360,114.75998,33.015495,182.70584
1587120159558,106.17026,19.693583,182.35838
1587120159757,49.713882,328.33804,169.22643
1587120159958,109.23642,30.494558,185.22441
1587120160155,111.34506,33.004158,184.56212
1587120160353,103.44299,21.40278,183.10548
1587120160551,45.122112,323.42935,167.83543
1587120160752,111.38847,33.210705,185.13086
1587120160990,114.0461,33.248352,181.72723
1587120161188,100.557686,17.092089,182.90599
1587120161387,57.476185,333.43475,176.25174
1587120161586,117.18867,32.90303,182.49483
1587120161784,116.92171,32.602764,184.50409
1587120161983,95.66074,5.430029,181.55197
1587120162182,85.77516,355.44098,184.70967
1587120162380,118.55146,34.613155,185.39534
1587120162579,114.46686,34.382,190.95312
1587120162777,66.58462,342.8905,171.67892
1587120162976,99.26785,13.196564,186.94753
1587120163176,115.07169,33.947124,184.54866
1587120163374,106.2464,34.14432,195.41382
1587120163573,25.803524,321.4489,158.01318
1587120163771,96.82327,21.848383,189.77167
1587120163969,113.50407,34.80355,183.17068
1587120164170,103.563705,27.40861,194.84746
1587120164368,26.61751,321.039,158.2456
1587120164566,103.943214,26.928028,191.76105
1587120164765,114.01283,32.467506,183.60304
1587120164963,106.62135,26.1967,189.30037
1587120165162,41.311657,308.65936,170.10426
1587120165361,109.07324,32.62134,189.77588
1587120165560,110.54767,33.703728,186.7632
1587120165757,101.11988,20.400885,184.52856
1587120165958,56.45386,328.11148,178.68695
1587120166155,107.693565,33.45136,187.07716
1587120166355,106.46798,32.940746,189.50032
1587120166553,88.7228,4.9611487,178.60046
1587120166752,78.77438,354.87668,186.40942
1587120166991,112.76453,35.45727,185.15848
1587120167188,107.635735,31.61923,190.22708
1587120167387,55.00163,338.13348,167.49812
1587120167586,94.38223,14.848399,189.3794
1587120167785,114.60996,35.291634,177.51125
1587120167983,102.07346,31.105665,190.92575
1587120168182,20.043455,323.95224,152.40492
1587120168380,103.259796,26.643053,185.66553
1587120168581,115.70139,32.292805,178.73279
1587120168778,109.923645,30.596027,186.87122
1587120168977,8.656723,311.35358,148.51778
1587120169175,109.120834,30.02992,185.44681
1587120169374,122.39501,36.57937,180.89198
1587120169572,101.95042,15.40926,187.8122
1587120169772,54.533607,332.60828,176.11092
1587120169971,110.745384,36.47764,190.8722
1587120170169,108.55004,32.39462,191.78802
1587120170368,81.262146,356.47162,186.42535
1587120170566,85.910484,3.561454,188.23477
1587120170766,112.09425,33.97525,186.78586
1587120170965,105.85239,32.404858,194.49806
1587120171162,49.33016,338.15472,170.09552
1587120171360,97.06151,19.413946,187.17567
1587120171559,108.97269,33.45669,187.45811
1587120171757,98.18343,30.219946,201.00659
1587120171957,8.043667,309.25574,148.10551
1587120172154,94.606026,23.111698,200.20393
1587120172355,114.96089,34.697754,184.21945
1587120172553,102.364456,30.27079,197.00856
1587120172752,9.677722,307.93353,150.65822
1587120172989,104.468254,28.653036,190.92686
1587120173189,111.7324,33.195877,186.94649
1587120173387,98.001236,24.443895,197.35977
1587120173585,31.610815,315.22006,168.76663
1587120173785,104.72855,31.270542,189.78394
1587120173985,108.3737,31.646227,187.64833
1587120174182,103.11373,25.782951,189.55647
1587120174380,34.24778,326.73624,164.99716
1587120174580,106.953224,31.030058,188.83904
1587120174778,108.27137,29.957527,188.182
1587120174977,101.89104,21.738773,189.37146
1587120175176,41.053074,322.9591,171.18831
1587120175375,112.161804,35.404636,188.46695
1587120175573,110.46002,33.78949,189.21835
1587120175772,100.35305,19.674055,185.87059
1587120175969,42.227818,323.73172,174.06458
1587120176168,107.29701,36.263527,191.98805
1587120176367,103.96209,33.24614,191.61311
1587120176566,90.31244,18.665602,192.65054
1587120176766,63.44086,352.65344,184.2857
1587120176965,92.81274,29.186918,202.02797
1587120177163,91.65799,27.199474,201.31961
1587120177362,78.62596,11.32329,197.42775
1587120177560,59.839527,354.40286,188.35121
1587120177758,96.10523,30.972647,201.90132
1587120177959,94.1473,31.307121,207.6837
1587120178157,64.43589,357.26648,193.00473
1587120178355,56.282986,350.42465,191.37947
1587120178553,95.64943,31.194347,206.02707
1587120178753,92.28588,28.78701,211.62718
1587120178955,43.704292,348.51068,180.8885
1587120179192,103.321335,31.006115,199.99878
1587120179388,95.86365,28.108122,213.68991
1587120179603,26.921728,336.10422,171.67233
1587120179785,95.5243,17.101639,200.45738
1587120179982,95.735886,17.101639,200.45738
1587120180182,104.24391,28.780348,201.8323
1587120180381,101.47913,30.407845,206.47444
1587120180580,22.592642,322.02893,163.16139
1587120180778,92.17876,19.103027,205.83853
1587120180977,90.09336,25.241055,215.33287
1587120181177,88.89771,25.241055,215.33287
1587120181375,5.312422,327.2334,153.42746
1587120181575,96.30611,28.04861,202.48195
1587120181772,98.21292,28.04861,202.48195
1587120181972,90.37166,25.290537,215.71454
1587120182170,5.0202513,320.71585,160.42197
1587120182368,99.11148,30.849072,207.2496
1587120182567,96.94222,27.0399,205.5855
1587120182767,22.844713,336.64835,171.0581
1587120182965,22.203869,336.64835,171.0581
1587120183164,102.429085,28.553698,206.64142
1587120183362,102.5439,28.553698,206.64142
1587120183563,51.454086,344.7284,183.05841
1587120183760,101.65688,31.38958,207.57988
1587120183959,102.29347,31.38958,207.57988
1587120184156,101.7278,30.907787,208.54764
1587120184356,86.1205,7.2538853,195.81552
1587120184554,80.21789,3.039594,197.04253
1587120184754,96.661934,30.378012,210.21324
1587120184952,96.95738,30.378012,210.21324
1587120185189,88.37086,14.125771,201.11522
1587120185388,105.674515,31.395443,198.79594
1587120185587,97.3125,27.32132,210.51562
1587120185785,17.678064,317.82516,168.22592
1587120291949,213.35701,317.82516,168.22592
1587120292148,106.485664,350.38498,2.3057194
1587120292349,105.87297,349.63077,1.7541189
1587120292549,105.38935,348.4059,1.5302732
1587120292751,104.593,346.77005,2.03086
1587120292952,103.39121,344.77243,2.4793327
1587120293150,105.12727,345.3334,3.6889565
1587120293350,105.72161,344.99326,3.316506
1587120293551,104.43244,342.97754,4.0205564
1587120293750,104.8588,343.23743,5.123514
1587120293951,104.63235,343.4571,6.51971
1587120294151,104.39098,344.47446,6.3942757
1587120294351,104.01443,344.8913,7.0772347
1587120294551,101.88607,343.9905,6.7748117
1587120294750,102.054436,345.73346,10.697701
1587120294950,101.17649,346.36963,8.939645
1587120295151,100.85539,347.33194,8.305751
1587120295351,99.048065,346.41736,8.677477
1587120295552,98.3295,346.33746,9.04125
1587120295754,97.51046,345.66806,9.284338
1587120296052,97.6048,346.36972,9.396942
1587120296167,97.54956,346.36972,9.396942
