1587119550412,-0.94171107,3.896773,8.421202
1587119550611,0.8635216,3.455047,9.346814
1587119550808,0.32501802,3.5096633,9.934186
1587119551007,-0.316012,3.7185493,8.428866
1587119551208,0.72650015,3.699386,10.241766
1587119551404,-0.12341557,4.2302237,8.649251
1587119551602,1.4068161,3.7425041,9.173381
1587119551800,-0.21348552,4.388325,8.742195
1587119552001,-0.41470575,4.0290036,8.746986
1587119552198,-0.8152298,4.340416,8.916586
1587119552396,-0.04867662,4.3155026,9.122598
1587119552597,1.1921813,3.5000815,8.895506
1587119552793,1.3972342,3.3850987,9.333399
1587119552993,0.8750199,3.280656,9.643854
1587119553192,-0.46932268,2.5016463,9.225124
1587119553390,-0.10233538,3.3199418,9.811537
1587119553588,2.1848674,3.107223,8.148117
1587119553788,3.2120488,2.6731625,9.852739
1587119553986,3.7917545,3.8028703,8.153866
1587119554184,1.8907028,3.1627984,8.911795
1587119554383,2.6189282,4.102784,9.927479
1587119554582,1.8245876,4.0797873,8.617631
1587119554780,2.9907067,3.0497317,8.593676
1587119554979,3.093233,3.97247,8.492108
1587119555179,2.572935,2.3100078,8.979826
1587119555375,2.5269418,2.6980755,9.012405
1587119555572,4.5659738,3.1187215,8.88305
1587119555771,4.81127,2.6587894,8.098291
1587119555971,4.257436,3.7214236,9.807704
1587119556177,3.6806042,1.7897098,6.76353
1587119556367,4.7528205,3.125429,7.24071
1587119556568,9.507367,2.4748168,6.473198
1587119556784,5.9083996,-0.8644802,-3.454623
1587119556981,12.168264,4.347123,-1.1080124
1587119557163,4.795939,-2.7971523,0.033193566
1587119557361,14.913483,-4.857264,1.0613331
1587119557559,8.414069,-6.6222525,4.7072515
1587119557758,5.986013,-6.0923724,4.084427
1587119557962,3.8348732,-6.355875,3.8448792
1587119558156,4.716409,-9.748831,6.486613
1587119558358,3.1813865,-6.3137145,3.7912202
1587119558557,6.104829,-8.144818,3.7203145
1587119558755,7.057271,-5.6036944,0.8122033
1587119558972,8.989943,-2.9303408,-1.6206448
1587119559150,7.7011757,-1.3483669,-3.2572358
1587119559349,9.498743,-4.7164097,-4.381194
1587119559550,11.41321,0.5852634,-3.6060174
1587119559747,8.320168,-2.3046422,-0.99973667
1587119559946,9.1710415,-0.7571627,-2.9094124
1587119560144,11.2733135,-2.37459,-1.7691644
1587119560342,10.187682,-2.025808,-4.72231
1587119560540,5.415889,1.2847431,-5.106545
1587119560740,5.752214,-0.30298004,-6.5582047
1587119560939,7.636977,-0.9325119,-4.9446106
1587119561140,5.512666,-8.46198,-12.028521
1587119561335,2.9638772,-0.34609866,-6.2142143
1587119561535,-0.62550795,0.5258555,-6.2985353
1587119561733,8.904665,-2.0363483,-6.4336405
1587119561932,-0.71941054,-9.209369,-10.087224
1587119562131,2.493405,-4.9607487,-7.8728437
1587119562329,-1.4744655,2.4623604,-3.4833686
1587119562528,4.1664076,-7.178004,-9.250723
1587119562727,3.187136,-7.0036125,-10.06806
1587119562925,2.60743,-3.4602208,-7.799063
1587119563124,-1.863491,1.9660174,-4.3179536
1587119563322,5.7771273,-8.665117,-9.6205845
1587119563521,1.4978443,-6.0530868,-8.663351
1587119563721,3.5905342,-7.979051,-7.4512396
1587119563919,-1.7542574,-0.50803304,-1.0438135
1587119564118,5.471464,-11.373924,-9.944453
1587119564317,6.347251,-8.497434,-9.767189
1587119564515,-1.8989443,1.8711563,0.24399579
1587119564714,7.941682,-6.399952,-10.091057
1587119564912,6.3338366,-7.7634583,-10.479124
1587119565110,-0.5919711,1.3891861,-0.8914611
1587119565309,5.4772134,-5.7857513,-8.454466
1587119565509,5.931396,-7.278613,-11.505347
1587119565706,3.4075196,-0.4246703,-3.0033152
1587119565905,4.0868773,-2.2078643,-4.100444
1587119566105,5.5442867,-7.560322,-11.199684
1587119566302,5.275035,-4.182697,-5.8577676
1587119566502,1.545754,0.7816928,-2.4667277
1587119566700,7.330355,-7.644643,-11.663449
1587119566899,8.12278,-6.429656,-7.4033294
1587119567098,-1.9947634,3.132136,-0.89721024
1587119567297,9.210326,-7.521994,-10.047938
1587119567495,8.302919,-7.8746085,-9.326421
1587119567692,-1.211921,2.4144511,-1.1252598
1587119567891,7.2211213,-5.8595324,-8.063524
1587119568091,5.1131005,-5.440802,-10.05752
1587119568290,6.2054386,-4.6445456,-7.5173545
1587119568489,-0.30834648,2.8724663,-3.9135966
1587119568687,6.0808735,-3.9172778,-7.5010653
1587119568886,5.905525,-5.954393,-9.152029
1587119569083,6.402826,-5.3334846,-8.193837
1587119569282,4.286181,-1.975024,-6.987475
1587119569481,1.956818,1.358524,-6.7527175
1587119569680,5.2290416,-2.5691028,-7.31326
1587119569879,5.502126,-5.0048246,-8.590529
1587119570079,4.634963,-4.8122287,-6.967353
1587119570277,6.800475,-4.5880117,-8.425719
1587119570476,3.6806042,-1.2630879,-6.84183
1587119570674,3.6882699,-0.89130956,-7.1321616
1587119570873,5.9198976,-3.67773,-7.946624
1587119571072,5.0287795,-4.436618,-7.75307
1587119571269,5.88157,-4.1462855,-7.897757
1587119571468,4.659876,-2.489573,-7.356378
1587119571667,4.3369656,-1.3713634,-7.2596006
1587119571866,5.8125806,-3.1229374,-7.9916596
1587119572064,5.9131904,-3.5196285,-7.92267
1587119572263,5.6631026,-3.3634439,-7.4493227
1587119572462,4.942542,-2.4004612,-7.348713
1587119572660,3.7697163,-2.2136137,-6.84662
1587119572859,5.5308723,-3.3691926,-7.5068145
1587119573056,6.580092,-4.028428,-7.8201437
1587119573255,5.5452447,-3.6786885,-7.5480165
1587119573455,4.932002,-3.578078,-6.5649123
1587119573654,5.185923,-4.6004686,-6.7852964
1587119573853,5.047943,-5.279826,-6.928067
1587119574052,8.521387,-6.389412,-9.123283
1587119574251,1.3684883,0.6427549,-4.1933885
1587119574449,3.3308644,0.13970451,-5.987123
1587119574647,8.869211,-6.595423,-7.8536797
1587119574846,7.7701645,-7.0515223,-8.655685
1587119575045,2.0564697,0.3629631,-2.9889421
1587119575243,4.007348,-2.2826035,-5.395919
1587119575442,9.357889,-7.339938,-9.61771
1587119575641,7.5766106,-6.111536,-6.85237
1587119575839,-0.7251597,1.0289061,-1.9358898
1587119576037,9.823569,-5.453259,-8.967099
1587119576237,7.5900254,-7.3935966,-7.6179643
1587119576435,1.4202309,0.4309946,-2.6871119
1587119576633,7.3073587,-5.0124907,-6.539041
1587119576832,8.055706,-6.417199,-9.991405
1587119577030,4.5487256,-1.7833856,-4.0170813
1587119577230,3.3969796,-1.5419216,-3.2007022
1587119577427,9.286983,-7.5315757,-9.203771
1587119577627,6.1115355,-4.576514,-5.4476614
1587119577827,0.94209325,1.0768158,-1.8918129
1587119578024,11.525316,-8.510848,-10.679387
1587119578223,5.2146688,-4.684789,-6.7134323
1587119578422,-0.71461976,1.1870077,-1.0533955
1587119578621,9.884893,-9.539946,-11.579127
1587119578819,6.06171,-4.9377522,-6.7469687
1587119579019,-0.3179285,1.1678439,-1.2728212
1587119579216,9.951967,-8.621039,-11.491933
1587119579416,4.891759,-3.749595,-5.4582014
1587119579615,0.9622154,-0.16883317,-1.5938154
1587119579813,10.497178,-9.713377,-11.735313
1587119580010,3.044365,-1.9778984,-4.9695234
1587119580209,4.7432384,-2.095756,-4.191472
1587119580408,9.189246,-6.7755632,-9.633041
1587119580607,3.1603065,-0.8002815,-4.850708
1587119580806,6.0003858,-4.0054317,-6.0465307
1587119581003,7.5794854,-5.6602287,-7.958123
1587119581212,3.077902,-1.114568,-3.5724804
1587119581401,7.1521316,-6.811017,-6.222838
1587119581601,7.248909,-6.5475135,-8.236956
1587119581799,0.1036758,1.6066955,-2.260717
1587119581997,9.006233,-6.098122,-8.872237
1587119582197,7.652308,-6.236101,-8.515791
1587119582394,-0.7021631,1.9449371,-1.6944256
1587119582594,9.635764,-7.0179853,-9.678076
1587119582793,8.277048,-5.6698103,-8.091311
1587119582993,-1.9497283,1.9142749,-1.226828
1587119583190,10.674444,-7.1597977,-10.797244
1587119583388,7.305443,-4.428952,-6.390522
1587119583588,-0.28055897,2.0532126,-1.4874561
1587119583788,9.974963,-8.143861,-11.5225935
1587119583984,6.569552,-4.7259912,-6.2084656
1587119584186,0.9459261,1.4466776,-1.6024392
1587119584382,9.695172,-8.319209,-11.424859
1587119584581,5.195505,-2.5988069,-4.8880777
1587119584781,3.0884418,0.031428814,-3.8599381
1587119584980,7.389764,-5.979306,-8.247497
1587119585179,6.7401094,-5.0556097,-6.792962
1587119585375,6.2111883,-4.2056937,-6.093482
1587119585575,6.076083,-6.60213,-6.747927
1587119585773,5.1313066,-6.482356,-4.6389475
1587119585970,2.486698,-7.5210357,-3.243821
1587119586171,3.9096122,-8.317293,-2.2453856
1587119586369,2.9044693,-9.133672,-1.542073
1587119586567,3.5665793,-8.965031,-0.77647805
1587119586767,3.648026,-9.083847,0.11847273
1587119586966,4.303429,-8.5750475,1.1514031
1587119587166,3.2934952,-9.2448225,0.7020112
1587119587365,4.6167574,-8.348913,0.75183725
1587119587560,3.8434968,-9.27836,0.37430984
1587119587758,4.539144,-8.387241,0.050441127
1587119587959,4.066756,-9.017732,0.29477993
1587119588159,4.4711123,-8.530012,-0.34337553
1587119588357,4.089752,-9.016772,-0.0022594095
1587119588555,4.763361,-8.566423,-0.2935496
1587119588753,4.012139,-8.667991,0.025528157
1587119588951,4.4481153,-8.321126,-0.45644212
1587119589149,4.382001,-8.7034445,-0.75635606
1587119589348,4.4969835,-8.644995,-1.3782222
1587119589547,5.002908,-8.544385,-1.6091465
1587119589747,4.4653635,-8.373826,-1.2488664
1587119589946,4.5583076,-8.557799,-1.3245636
1587119590144,4.4203286,-8.611459,-1.2891104
1587119590342,4.409788,-8.591336,-1.1060959
1587119590541,4.370502,-8.871128,-0.92595595
1587119590740,4.608134,-8.326876,-0.82917863
1587119590938,4.0274696,-8.854839,-0.49956077
1587119591137,4.5209384,-8.687155,-0.84546787
1587119591335,4.625381,-8.41982,-0.7074883
1587119591534,4.124247,-8.844299,-0.66820246
1587119591732,4.7288656,-8.333583,-0.8924192
1587119591932,4.4605722,-8.994734,-0.9278723
1587119592130,4.774859,-8.270342,-0.78222716
1587119592329,4.0111804,-8.706319,-1.2689885
1587119592526,4.5420184,-8.1409855,-1.7202966
1587119592727,4.411704,-8.750395,-1.8898966
1587119592925,4.525729,-8.453356,-2.122737
1587119593122,4.685747,-8.354663,-2.0556636
1587119593322,4.5611825,-8.606667,-1.3341455
1587119593520,4.2842646,-8.709194,-0.75539786
1587119593721,4.2526445,-8.507973,-0.51297545
1587119593918,4.3484635,-8.879751,-0.47848058
1587119594115,4.3666697,-8.565465,-0.31750435
1587119594316,4.5966353,-8.681406,-0.37403768
1587119594515,4.336007,-8.576006,-0.18431577
1587119594714,4.4519486,-8.461022,-0.30313152
1587119594912,4.326425,-8.35083,-0.6097528
1587119595110,4.2210245,-8.497434,-1.1444237
1587119595311,4.1405363,-9.163377,-5.398793
1587119595508,3.8128345,-8.31921,-4.808548
1587119595706,-1.887446,3.5240364,-4.9714403
1587119595904,6.7947264,-5.1533446,-9.546804
1587119596104,5.61136,-6.431572,-9.792101
1587119596302,0.34418175,0.89380103,-5.3834624
1587119596501,1.6741517,-1.1260664,-6.599407
1587119596699,6.712322,-6.505353,-11.335749
1587119596897,5.4618826,-3.070237,-7.9494996
1587119597095,-2.2870116,1.4706323,-2.9582798
1587119597296,7.755792,-6.083749,-10.39097
1587119597493,6.065543,-7.111888,-10.596982
1587119597692,-1.2195866,2.1490319,-1.040939
1587119597891,7.1511736,-4.4318266,-8.975721
1587119598090,6.1709437,-6.6500397,-10.331563
1587119598289,1.5936636,0.2661857,-3.8819766
1587119598488,3.8406224,-2.245234,-5.5597696
1587119598686,6.7094474,-7.677221,-12.004565
1587119598885,2.78757,-1.7067305,-5.577018
1587119599085,1.4633492,-0.9238879,-3.9969597
1587119599282,7.2795715,-7.929225,-12.644636
1587119599480,3.4324327,-2.2212794,-5.3441763
1587119599679,1.4326874,0.68012446,-2.5912926
1587119599878,8.200394,-8.201352,-13.544378
1587119600077,3.4324327,-2.512569,-5.5137763
1587119600276,0.459165,-0.44670868,-1.8304886
1587119600475,9.536112,-8.677573,-13.58079
1587119600673,1.6521132,-1.0024598,-5.074925
1587119600872,2.3765059,-0.7303334,-3.9921684
1587119601071,7.729921,-8.177397,-12.818069
1587119601268,1.0570762,-0.4610815,-4.448268
1587119601467,4.543935,-4.8237276,-6.759425
1587119601666,7.8372393,-6.5638022,-10.393845
1587119601865,-1.4035593,1.799292,-2.483017
1587119602063,9.182539,-7.6226044,-10.621895
1587119602263,4.9856615,-5.7052627,-7.7329473
1587119602461,-2.1777778,2.1442409,0.09643431
1587119602660,9.60606,-10.8038,-15.64665
1587119602858,1.475806,-1.0839058,-2.7436452
1587119603056,3.5550811,-1.7699713,-4.2614202
1587119603256,7.7289634,-9.749789,-11.319458
1587119603455,-0.92925465,2.9979894,-1.3437275
1587119603653,10.329495,-6.471816,-11.765017
1587119603853,6.104829,-3.3107429,-7.165698
1587119604050,-1.5836992,1.9315226,-0.49860257
1587119604249,10.5105915,-8.09116,-13.226257
1587119604448,2.8872218,-1.144272,-4.7079377
1587119604647,5.143763,-1.6894829,-5.32118
1587119604845,6.917375,-7.583318,-11.185312
1587119605044,-1.2100046,2.8954628,-1.6513069
1587119605241,8.413111,-5.3651056,-9.587049
1587119605441,5.0144067,-4.8505564,-8.324152
1587119605639,4.6685,-4.4462,-6.560122
1587119605837,5.1054354,-3.2839134,-7.9380007
1587119606038,3.0012467,-1.3474087,-7.544184
1587119606236,5.0929785,-2.4991548,-7.9312935
1587119606435,5.444635,-4.0811286,-8.3883505
1587119606633,6.4401956,-5.0929785,-8.533996
1587119606831,2.8632674,-2.0258079,-4.3486156
1587119607030,6.482356,-2.8498528,-5.883638
1587119607229,7.4664183,-7.2268705,-9.428946
1587119607426,-0.5747236,1.2684538,-1.8640254
1587119607627,8.665115,-5.083397,-10.222329
1587119607825,8.1726055,-5.036445,-8.755339
1587119608023,-2.439364,2.6789117,-0.5723833
1587119608222,9.464249,-7.742378,-12.677216
1587119608421,6.406659,-3.085568,-6.0589876
1587119608620,0.7926153,1.1400564,-1.9454715
1587119608818,7.75196,-8.276092,-12.825735
1587119609017,3.6528163,-0.94305193,-4.412814
1587119609215,4.401164,-0.058641147,-5.195657
1587119609414,6.2533484,-6.2236447,-8.829119
1587119609613,8.791597,-7.4146767,-9.7365265
1587119609811,-2.2544332,1.2866596,0.725966
1587119610011,10.667736,-6.776521,-9.811265
1587119610211,7.950305,-6.185317,-8.4726715
1587119610407,-2.588842,2.8580935,-0.34145916
1587119610606,9.630014,-6.967201,-9.578424
1587119610805,5.2913237,-5.092021,-6.87345
1587119611004,4.9942846,-4.93871,-6.90507
1587119611203,5.053693,-4.937752,-6.4278917
1587119611401,5.1725087,-6.8867135,-6.418309
1587119611599,4.6742487,-4.9080477,-5.809858
1587119611798,5.1629267,-5.6123185,-6.293744
1587119611998,5.356481,-5.8154554,-6.927109
1587119612196,4.948292,-6.2073555,-6.150016
1587119612394,4.9185877,-6.001344,-6.0331163
1587119612592,5.2520385,-5.9285216,-6.16343
1587119612791,4.8725944,-5.6736426,-6.218047
1587119612990,5.3143206,-4.6359215,-6.7258887
1587119613199,5.78096,-3.9795604,-6.9941826
1587119613388,5.7052627,-3.470761,-7.1695313
1587119613588,5.6448965,-3.3615272,-7.1714478
1587119613785,5.2692857,-3.284872,-7.2203155
1587119613985,5.561534,-3.4688447,-7.002806
1587119614183,4.847682,-4.243063,-6.9156103
1587119614381,5.6036944,-4.464405,-7.4541144
1587119614580,6.606921,-3.5081303,-7.1858206
1587119614779,6.544638,-2.6170125,-7.3966227
1587119614979,4.591844,-0.8472327,-8.083646
1587119615176,3.177554,2.3368373,-6.658815
1587119615374,3.8415802,-0.30106363,-7.3046365
1587119615575,8.232014,-4.0341773,-6.198883
1587119615774,5.4091816,-7.189502,-7.12258
1587119615970,7.7625,-4.28714,-6.967353
1587119713396,0.27806666,2.056087,8.897422
1587119713595,-0.25660416,1.7772535,10.386452
1587119713794,-0.32463574,2.3119245,9.412929
1587119713996,-0.30068094,2.6127963,9.662059
1587119714191,-0.5661,2.6693296,8.81406
1587119714390,0.38059312,2.345461,9.586362
1587119714589,0.5837297,2.4575694,9.740631
1587119714788,1.0388706,2.5639286,9.392808
1587119714987,0.6527195,2.3885796,9.965807
1587119715185,0.98329556,2.5236845,9.197336
1587119715302,2.7990685,2.1279516,8.96258
1587119715501,4.1501184,1.4466774,5.6692758
1587119715700,8.411196,-4.0360937,1.000967
1587119715899,16.777164,-4.977996,7.64794
1587119716100,6.0636263,-7.1684217,4.94105
1587119716296,6.325213,-4.76911,1.5126412
1587119716501,7.1070967,-5.063275,-1.401219
1587119716693,7.248909,-7.6379356,-0.82438767
1587119716892,10.872789,-1.9922714,-1.6244774
1587119717090,7.3044844,-2.20499,-3.3559291
1587119717290,8.182188,1.4687159,-5.357591
1587119717489,9.723917,-4.946376,-5.970834
1587119717687,9.644388,-0.9382609,-3.8168194
1587119717886,4.1769476,-1.0542021,-4.8976593
1587119718086,5.280784,-0.6690092,-7.1963606
1587119718283,3.9421906,-10.301707,-9.641665
1587119718481,3.6355693,-1.8629154,-7.2442703
1587119718680,-0.12724829,0.2757675,-4.8229203
1587119718880,6.526433,-6.896295,-8.4832115
1587119719079,1.8609989,-9.599353,-10.28557
1587119719278,-0.1559941,1.5884899,-3.4498322
1587119719477,2.647674,-3.8894906,-6.83129
1587119719678,3.378774,-8.4485655,-10.932348
1587119719874,4.7183256,-7.1233864,-8.345232
1587119720071,-0.9196726,2.766107,-2.634411
1587119720272,4.409788,-6.419116,-8.529204
1587119720469,3.5292099,-7.832448,-10.072851
1587119720667,3.9881835,-4.8294764,-6.9520216
1587119720866,-0.16270137,2.3397117,-3.2926888
1587119721065,6.3549166,-8.220515,-8.583822
1587119721264,6.038714,-8.370952,-9.918582
1587119721463,1.6722351,-0.57223177,-4.2978315
1587119721663,2.7645733,0.90338314,-4.8554993
1587119721861,4.74228,-8.716859,-9.938704
1587119722059,7.716506,-6.984449,-8.519623
1587119722258,-0.14641213,1.7197621,-3.6711743
1587119722456,4.80073,-3.3701508,-6.789129
1587119722655,5.983138,-7.4788756,-9.91475
1587119722857,7.007445,-5.1514287,-7.703244
1587119723053,-1.1151437,2.7632325,-2.3670757
1587119723251,6.1508217,-5.894985,-8.386435
1587119723451,5.4475093,-7.3380213,-10.041231
1587119723648,3.7572598,-3.224506,-6.7153487
1587119723847,0.9296368,1.844327,-3.9270115
1587119724046,6.7621484,-7.410844,-9.676161
1587119724245,6.834012,-7.116679,-9.248807
1587119724443,1.1787665,0.4453674,-3.8867671
1587119724642,3.4266834,-1.9721495,-5.9612517
1587119724840,6.5954223,-6.9777412,-9.73461
1587119725038,7.7002172,-6.842636,-8.330859
1587119725237,-0.53735423,2.4738588,-3.3655114
1587119725435,5.578782,-4.0983763,-6.9798098
1587119725636,6.1987314,-6.7736464,-9.743234
1587119725834,7.0955987,-5.519374,-7.540351
1587119726032,-1.1381403,2.259224,-3.6060174
1587119726232,7.5239105,-5.7110124,-7.777982
1587119726430,5.385227,-5.3325267,-7.0018477
1587119726627,5.4034324,-5.454217,-7.385124
1587119726826,6.1719027,-4.5266876,-7.3420057
1587119727025,3.3720665,-0.70158756,-6.822666
1587119727224,3.4362655,-0.32118565,-7.1752806
1587119727422,5.840368,-3.7831311,-8.067357
1587119727621,5.301864,-5.056567,-7.80577
1587119727819,5.396725,-5.199338,-7.1101236
1587119728019,4.79019,-3.742887,-6.32249
1587119728217,4.5966353,-3.732347,-6.950105
1587119728417,5.6947227,-4.45674,-7.6802473
1587119728620,5.2903657,-4.667542,-7.123538
1587119728813,4.956916,-3.8808665,-7.213608
1587119729011,5.48392,-3.1373103,-7.2231903
1587119729210,5.0881877,-3.2149234,-7.0976667
1587119729409,5.698556,-3.7630093,-7.635213
1587119729608,5.175383,-3.4621367,-7.226064
1587119729808,4.934877,-3.2685826,-7.247145
1587119730005,5.2424564,-3.5378342,-7.3611693
1587119730203,5.416847,-3.5914931,-7.486693
1587119730403,5.2462893,-3.381649,-7.3238
1587119730601,5.6870575,-3.946982,-7.3228416
1587119730800,4.6627502,-3.925902,-7.079461
1587119730998,4.637838,-3.9651875,-6.8408713
1587119731197,4.5793877,-5.3861856,-7.1216216
1587119731395,5.655437,-6.326171,-8.260912
1587119731595,5.8691134,-3.1804285,-7.308469
1587119731793,1.8370441,2.014885,-6.1212697
1587119731991,3.687312,0.3945833,-7.1609077
1587119732190,6.5887156,-5.9381037,-7.7578607
1587119732389,5.073815,-5.285575,-8.174674
1587119732588,6.389411,-5.620942,-7.9389586
1587119732787,3.8205006,-0.93730277,-6.9328575
1587119732986,1.371363,2.083875,-6.2199636
1587119733184,5.8719883,-2.6745038,-7.443574
1587119733383,5.376603,-5.888278,-7.714742
1587119733582,5.9227724,-5.7455072,-8.011782
1587119733781,6.4890633,-4.624423,-7.7291155
1587119733979,0.7983645,2.0110521,-5.7571573
1587119734179,3.4151852,-0.31160372,-7.2404375
1587119734377,6.0636263,-5.377561,-7.8814673
1587119734575,5.390018,-5.518416,-8.663351
1587119734774,6.9394135,-5.3756456,-7.8670945
1587119734976,2.2586484,0.20102862,-6.4020195
1587119735173,2.3276381,1.5597441,-6.408727
1587119735371,6.8512597,-4.422245,-7.663958
1587119735570,5.000034,-5.9342704,-8.142096
1587119735768,6.7065725,-5.810664,-7.78469
1587119735967,4.012139,-1.4940122,-6.5965333
1587119736164,1.7335594,2.2831786,-6.2640405
1587119736365,5.842284,-2.8153577,-7.627547
1587119736562,5.710054,-5.6439385,-8.011782
1587119736761,6.2897596,-5.732093,-7.449323
1587119736961,5.33061,-3.212049,-7.158033
1587119737159,1.3253698,2.609922,-5.7082896
1587119737357,5.3478575,-2.0382648,-7.4320755
1587119737559,6.392286,-6.5340986,-8.568491
1587119737755,5.9793057,-5.733051,-7.5355606
1587119737952,5.752214,-2.9964561,-6.9510636
1587119738153,1.140439,2.4642768,-5.507069
1587119738352,5.0287795,-3.1785123,-7.8862586
1587119738549,5.315279,-6.4334884,-8.697846
1587119738747,6.5436797,-5.9927206,-8.4832115
1587119738947,3.6403604,-1.8792048,-6.652108
1587119739146,1.3981924,2.2343106,-5.5425224
1587119739346,6.020508,-4.303429,-7.96483
1587119739542,4.854389,-6.2677217,-8.58478
1587119739741,6.8790474,-5.652562,-8.1718
1587119739940,2.4962797,-0.5655244,-6.0340743
1587119740140,1.4211891,1.0902302,-6.2611656
1587119740337,6.506311,-6.434447,-8.286782
1587119740536,5.842284,-5.6659775,-8.256121
1587119740734,6.330962,-5.276952,-7.756902
1587119740935,0.6987127,2.260182,-4.5277977
1587119741132,4.5496836,-2.640009,-7.0842524
1587119741330,5.711012,-7.400304,-8.673892
1587119741529,6.89917,-7.2086654,-8.647062
1587119741728,2.031557,0.13108063,-4.7481813
1587119741928,2.2586484,0.558434,-5.9171753
1587119742126,6.506311,-7.156924,-8.284866
1587119742325,6.4124084,-6.277303,-8.851157
1587119742523,4.2104845,-3.649943,-6.769965
1587119742722,0.6699669,1.9583519,-4.4521003
1587119742920,6.757357,-5.802999,-7.8364325
1587119743119,5.7081375,-6.712322,-8.434344
1587119743317,6.945163,-5.0019507,-7.4953165
1587119743516,0.10942497,2.5888417,-3.6539268
1587119743715,6.513976,-4.7853994,-7.4454904
1587119743914,6.1402817,-6.7832284,-8.613525
1587119744113,7.1339264,-5.962058,-7.8143945
1587119744311,-0.1866562,2.3282135,-3.4824104
1587119744510,5.717719,-3.8588283,-7.746362
1587119744708,6.662496,-7.2719064,-8.786958
1587119744907,7.3169403,-6.2351427,-7.5451417
1587119745106,-0.15311952,2.699992,-3.0196042
1587119745305,7.167463,-5.561535,-6.815959
1587119745504,6.319464,-7.3399377,-8.645145
1587119745702,6.14124,-4.7259912,-6.0743184
1587119745899,-0.07838054,2.3023422,-3.7114186
1587119746105,7.734712,-6.9930725,-8.474588
1587119746297,7.5584054,-7.206749,-9.029381
1587119746496,2.5566456,-1.2458404,-4.0678654
1587119746695,2.388004,0.031428814,-5.1209183
1587119746895,7.5699034,-7.8525705,-9.3743305
1587119747092,7.610147,-7.015111,-7.8699694
1587119747291,-1.3978102,2.135617,-2.9506145
1587119747490,7.057271,-5.5299144,-8.05969
1587119747693,6.212146,-7.2345366,-9.812223
1587119747885,3.9259014,-2.468493,-4.831544
1587119748086,1.9261558,0.25372925,-4.258546
1587119748284,6.7631063,-8.0442095,-9.85055
1587119748484,7.994382,-7.1808777,-7.918837
1587119748684,-0.6849158,2.24006,-2.4858916
1587119748880,7.1837516,-6.0281744,-7.875718
1587119749080,6.2217283,-6.4967294,-9.375288
1587119749277,4.397331,-3.090359,-4.263336
1587119749478,2.4253736,0.9215887,-3.9825866
1587119749676,7.865027,-7.780706,-9.268929
1587119749875,9.260153,-7.1492577,-8.147844
1587119750073,-1.0959798,2.6626225,-2.6813626
1587119750272,7.296819,-5.3469,-6.5821595
1587119750471,6.779395,-6.566678,-9.1779
1587119750668,5.8346186,-3.4995065,-5.116127
1587119750867,1.0091667,1.04807,-3.6941707
1587119751065,8.278007,-7.6992598,-8.477463
1587119751267,8.814594,-7.2029166,-8.746715
1587119751464,0.032769583,1.3211544,-2.7944293
1587119751662,5.831744,-4.196112,-6.934775
1587119751861,7.3514357,-6.8186812,-9.712572
1587119752059,6.9576197,-4.6426287,-5.1487055
1587119752257,-0.031429194,2.4882317,-2.107406
1587119752457,8.135237,-7.815201,-9.061001
1587119752654,8.433233,-6.973909,-8.414222
1587119752853,0.67571616,1.1870077,-2.7829309
1587119753056,7.241244,-5.351691,-6.3167405
1587119753252,7.058229,-5.9869714,-9.461526
1587119753450,5.344983,-3.7438455,-4.7845926
1587119753648,1.8590825,0.8008565,-3.2677758
1587119753848,7.5469065,-7.808493,-10.321981
1587119754046,8.623914,-7.0745187,-7.359253
1587119754245,-1.8404945,2.200774,-2.3095844
1587119754443,8.592294,-6.113453,-7.4215355
1587119754642,7.8496947,-7.931142,-9.316839
1587119754841,1.51605,-0.6843401,-3.2773578
1587119755041,5.3574395,-2.0718014,-5.2953086
1587119755239,6.944205,-6.825389,-9.662745
1587119755437,6.6826186,-5.2414985,-5.9238825
1587119755635,0.10750852,2.2429347,-3.3722186
1587119755834,8.1409855,-6.976783,-8.740965
1587119756032,9.302313,-7.235495,-8.97668
1587119756230,-0.2719353,1.4562594,-2.7934709
1587119756430,6.8809633,-3.9374,-6.478675
1587119756628,6.6979494,-6.434447,-9.555428
1587119756829,4.898465,-3.526336,-5.207155
1587119757026,2.7157054,0.8861356,-3.385633
1587119757225,7.9493475,-8.177397,-10.00961
1587119757424,8.620081,-6.8368874,-7.416745
1587119757622,-1.9286482,2.736403,-2.4753513
1587119757820,8.050916,-6.0406303,-7.9993258
1587119758018,7.586192,-6.7381935,-9.492187
1587119758218,3.103773,-0.72841704,-3.216992
1587119758416,5.149512,-1.0657003,-4.3907766
1587119758616,7.845862,-6.633751,-9.325461
1587119758814,9.7229595,-6.140282,-5.9497538
1587119759013,-1.0538194,2.1289098,-2.1064477
1587119759210,9.319561,-6.5896745,-7.4023714
1587119759409,8.989943,-7.040024,-8.7802515
1587119759609,1.8504591,-0.31926927,-2.6420765
1587119759808,5.4379277,-2.020059,-5.3796296
1587119760007,7.6676383,-6.489064,-9.20473
1587119760206,9.112592,-6.262931,-6.3253646
1587119760404,-1.2215027,2.9625363,-2.2233472
1587119760603,8.838549,-6.226519,-8.062567
1587119760801,8.75902,-7.476959,-8.762045
1587119761000,1.8533331,-0.32118553,-2.9851093
1587119761198,5.6094437,-1.7824274,-5.129542
1587119761398,7.415635,-6.524517,-9.352292
1587119761596,9.292731,-5.9381037,-6.3100333
1587119761795,-1.1850916,2.310008,-2.297128
1587119761994,9.135588,-6.684535,-7.4924417
1587119762191,8.194644,-6.526433,-9.042795
1587119762390,2.9667523,-1.4968866,-3.6577594
1587119762590,4.4366174,-0.72745866,-4.8277116
1587119762788,7.662848,-6.8416777,-8.962308
1587119762988,9.399091,-6.5312243,-6.868659
1587119763186,-1.0988543,2.4719424,-2.3718667
1587119763385,9.147087,-5.4848795,-6.8236246
1587119763583,7.086975,-6.2878437,-8.689222
1587119763782,5.6803493,-3.4429734,-4.8823285
1587119763982,2.087132,0.86122257,-3.4939086
1587119764180,8.8634615,-6.75065,-7.6974945
1587119764376,9.333934,-7.1070967,-8.450633
1587119764576,0.7983645,0.81618756,-2.5175118
1587119764775,6.515893,-3.150725,-5.773446
1587119764975,7.299693,-6.341502,-9.050461
1587119765173,8.762852,-5.9179816,-6.239127
1587119765370,-0.5095666,2.585967,-2.7570598
1587119765570,8.928619,-5.768504,-7.369793
1587119765770,7.3485613,-5.988888,-9.038962
1587119765967,5.16101,-2.892013,-4.944611
1587119766167,2.4675338,1.0375296,-3.5149891
1587119766365,7.8592772,-6.668245,-8.482253
1587119766563,9.046475,-6.9480376,-8.669101
1587119766762,1.1730174,0.6686262,-2.7503524
1587119766962,5.619025,-1.8380026,-5.6373835
1587119767159,7.0888915,-6.338628,-9.5132675
1587119767357,9.418255,-6.3002996,-6.684687
1587119767556,-0.8842195,2.4211583,-2.9189942
1587119767755,8.252135,-4.417454,-6.95298
1587119767957,7.4740844,-6.224603,-8.758212
1587119768152,6.5436797,-4.258394,-5.232068
1587119768352,1.0532434,2.2237706,-3.433543
1587119768550,8.381491,-6.1096196,-7.9839945
1587119768747,8.249262,-6.66537,-8.740965
1587119768948,3.0338247,-1.4537679,-4.24034
1587119769145,3.8521209,-0.4879109,-4.6427803
1587119769348,7.6609316,-6.6615386,-8.748631
1587119769545,9.716252,-6.57051,-7.861346
1587119769741,0.1343379,1.6862255,-2.9199524
1587119769942,6.7841864,-3.9249434,-6.432682
1587119770139,6.858926,-5.877738,-8.679641
1587119770337,9.519823,-5.740716,-6.1183953
1587119770536,-0.3342177,2.6741207,-2.6708226
1587119770735,8.551091,-6.128784,-7.479027
1587119770935,6.8685074,-5.978348,-8.642271
1587119771133,6.2849684,-3.9996827,-5.698707
1587119771331,1.1950558,1.5808243,-4.014207
1587119771530,8.251178,-6.6586633,-7.648627
1587119771728,8.558756,-5.7934165,-9.029381
1587119771927,3.0635295,-1.6684027,-3.9385097
1587119772126,3.6940188,-0.26944333,-4.7060213
1587119772324,8.102658,-6.981574,-8.266661
1587119772523,9.364596,-6.6854925,-8.058733
1587119772721,0.8846018,1.1438891,-2.6602824
1587119772920,6.176693,-2.0909653,-5.700624
1587119773119,7.0409822,-6.488105,-8.5464525
1587119773318,9.317644,-6.325213,-6.9846
1587119773516,0.6009771,1.9353552,-2.9458232
1587119773715,7.2086654,-3.1976762,-6.137559
1587119773914,6.6979494,-6.1086617,-8.070231
1587119774114,9.699963,-5.949602,-6.578326
1587119774311,0.31543615,2.2831786,-3.0608068
1587119774510,8.248303,-4.4203286,-6.5074205
1587119774709,6.916417,-6.108661,-8.020406
1587119774907,8.176439,-5.4360113,-6.0359907
1587119775105,0.6920053,2.4240327,-2.8624609
1587119775305,8.612416,-5.978348,-7.26056
1587119775504,7.9321,-6.1009965,-8.116224
1587119849243,-0.69449764,1.1007704,9.830701
1587119849408,-0.591013,1.1026868,9.990719
1587119849608,-0.5287305,1.2866595,9.638105
1587119849806,-0.27385157,1.4275137,9.6467285
1587119850006,-0.43482774,1.403559,9.875736
1587119850205,-0.6178423,2.7392776,8.883049
1587119850403,-0.7769021,2.2486835,10.258055
1587119850601,-1.2368339,1.499378,9.877652
1587119850801,-0.43674412,1.6603543,9.67739
1587119851001,2.478074,0.498068,8.911796
1587119851197,0.9334696,1.1304743,9.965806
1587119851395,0.6546358,0.62359107,9.932269
1587119851595,0.40071517,0.6178419,9.971555
1587119851793,0.59139526,0.5890962,9.732008
1587119851991,0.5837297,0.61784196,9.819203
1587119852189,0.40358973,0.78456724,9.923645
1587119852388,0.7935736,0.66862607,9.732007
1587119852585,0.63930476,0.6465877,9.861362
1587119852785,0.5578586,0.8420588,9.863279
1587119852985,0.7772843,0.77115256,9.904482
1587119853182,0.6766743,0.89763385,9.808662
1587119853380,0.7159601,0.92063046,9.783751
1587119853579,0.6143918,1.0873556,9.854655
1587119853778,0.70637816,1.0279479,9.836451
1587119854052,0.6728414,1.1314325,9.803872
1587119854177,0.6967963,1.1381398,9.7540455
1587119854452,0.5281547,1.0825648,9.7253
1587119854572,0.8184866,0.81235486,9.7856655
1587119854852,0.8501069,1.0231569,9.761711
1587119854971,0.9746717,0.53447926,10.050127
1587119855168,1.2717112,-0.4371268,10.245598
1587119855366,0.9507171,0.62167466,9.328608
1587119855565,0.8769363,0.84493333,9.96868
1587119855765,1.6061199,0.88421917,9.694637
1587119855963,1.9663999,0.9934529,9.704219
1587119856161,2.0353897,1.103645,9.643854
1587119856359,2.2509828,1.0950214,9.529829
1587119856558,3.1095223,1.1275997,9.117806
1587119856756,5.6487293,0.8152294,6.0841722
1587119856956,6.327129,-2.5250258,1.4666481
1587119857153,13.773234,-3.8511627,2.303149
1587119857355,9.308063,-4.9042153,1.29609
1587119857553,8.680447,-7.659973,3.879374
1587119857752,8.150568,-5.909358,1.5385123
1587119857947,7.507622,-2.0593448,0.07727041
1587119858146,8.667032,-5.4005585,-3.3520966
1587119858351,10.440644,0.2154015,5.9414015
1587119858702,4.200902,-1.5840819,7.942106
1587119858901,3.1526408,-0.81465423,8.577387
1587119859101,2.838354,1.3182799,8.38479
1587119859298,1.1375644,1.0480697,10.607794
1587119859497,0.52048916,0.99249476,9.739673
1587119859696,0.7677025,1.1525128,9.97922
1587119859896,0.1841639,1.283785,9.772252
1587119860092,0.032769658,1.32882,9.765543
1587119860291,-0.1397048,1.4217646,9.7751255
1587119860401,-0.09658618,1.4179318,9.866155
1587119860570,-0.004599807,1.319238,9.79429
1587119860729,0.11517413,1.3163635,9.828785
1587119860968,0.16404188,1.3633149,9.765545
1587119861128,-0.13203928,1.899902,9.709969
1587119861330,0.053849876,1.5923226,9.6611
1587119861524,-0.71078694,1.8663652,9.976346
1587119861721,-1.6555637,2.3962452,9.182963
1587119861920,-0.43961868,1.5185418,9.938018
1587119862118,-0.56130904,1.2032969,9.733923
1587119862317,-0.36487982,0.9426688,9.857531
1587119862516,-0.34667414,0.8305605,9.941851
1587119862714,-0.107126296,1.1525128,10.223559
1587119862912,1.6789424,1.1803004,9.449341
1587119863112,1.6971481,1.434221,9.277824
1587119863311,1.3521993,1.8155811,9.772252
1587119863509,1.5994126,1.8280376,9.562407
1587119863707,1.6961901,1.9554771,9.57678
1587119863907,1.772845,2.1490319,9.505873
1587119864105,2.0459297,2.245809,9.363104
1587119864305,2.0028112,2.3023422,9.382268
1587119864501,2.4637012,2.189276,9.273992
1587119864701,4.3168435,2.1662793,7.263706
1587119864899,5.125557,1.0768156,4.5443587
1587119865098,11.8903885,0.031428788,-0.37978682
1587119865296,12.856245,-1.6674446,2.28686
1587119865497,8.8845415,-2.3803391,0.07247953
1587119865693,9.458499,-3.4927993,-0.04825262
1587119865892,9.580189,-1.4873047,-1.2555737
1587119866090,8.115114,-0.803156,-5.3844204
1587119866291,8.323999,-5.332526,-4.460724
1587119866489,8.487851,-1.1375649,-4.686857
1587119866687,6.020508,-5.358398,-5.6249266
1587119866886,4.740364,-5.2673697,-6.8763247
1587119867085,3.1200624,-7.33898,-8.178507
1587119867284,2.2950597,-4.4442835,-7.038259
1587119867483,1.5285065,-4.170241,-7.324758
1587119867683,-0.661919,-8.388199,-8.184256
1587119867879,3.520586,-3.9575222,-7.008555
1587119868079,3.6106563,-5.4216385,-7.6342545
1587119868278,2.6227612,-4.6589174,-8.027113
1587119868477,1.2669202,-3.687312,-8.468839
1587119868675,0.38921684,-3.6863537,-10.085307
1587119868874,-1.5492045,-2.4272904,-8.931645
1587119869074,-3.3026948,-1.4096911,-8.803247
1587119869270,-3.779874,-1.198889,-7.4569883
1587119869470,-3.3419807,-1.5035938,-9.536263
1587119869668,-0.07550597,-3.3308651,-9.291925
1587119869869,2.5892243,-3.2110913,-8.729467
1587119870065,3.9172776,-4.719284,-7.965789
1587119870265,4.2928886,-5.5989037,-6.959687
1587119870463,4.6177154,-5.3018646,-8.2177925
1587119870662,4.1980276,-2.7482843,-8.545494
1587119870860,3.016578,-2.1225858,-9.511351
1587119871059,2.7137892,-2.8536856,-8.991054
1587119871259,1.7345177,-3.2034256,-7.565264
1587119871457,3.0865257,-3.8961978,-5.0011435
1587119871656,4.014055,-8.77435,-3.8216102
1587119871854,4.9252954,-11.30685,-5.0327644
1587119872052,1.6099527,-6.954745,-4.7175193
1587119872253,4.3628364,-9.0024,-6.468135
1587119872450,0.7935737,-3.5081303,-4.9551506
1587119872648,3.427642,-6.1910663,-2.697652
1587119872847,4.066756,-11.181328,-5.697749
1587119873046,5.63244,-9.748831,-7.1637816
1587119873245,0.19566223,0.24414721,-3.9174294
1587119873444,2.8853054,0.060174562,-6.248709
1587119873644,5.3775616,-7.8286157,-8.9929695
1587119873841,6.071292,-6.9259996,-9.980864
1587119874039,2.0315568,-1.7853022,-5.8472266
1587119874238,0.50899076,1.3834369,-5.5070696
1587119874437,6.457443,-7.125303,-8.568491
1587119874636,5.7905416,-6.0051765,-9.313964
1587119874835,4.1127486,-3.4621372,-7.2174406
1587119875032,0.020313215,2.2553911,-4.347657
1587119875231,6.3338366,-6.440196,-8.047235
1587119875431,5.46284,-6.3913283,-10.074768
1587119875629,4.289056,-3.5522072,-7.0392175
1587119875828,-0.07646413,1.9976377,-4.624575
1587119876028,6.237059,-6.5896745,-8.198628
1587119876224,5.5538683,-5.859532,-10.11597
1587119876424,4.185571,-3.2887046,-6.84183
1587119876623,0.69104713,1.9535608,-4.299748
1587119876821,6.1431565,-6.9509115,-8.693056
1587119877020,5.517457,-6.2389755,-10.019193
1587119877219,3.0596964,-1.5974967,-5.1429567
1587119877417,1.6492386,1.428472,-5.3384275
1587119877614,6.0090094,-7.556489,-10.252991
1587119877813,6.155613,-5.44176,-9.216228
1587119878012,1.5783325,0.48273692,-5.329804
1587119878212,3.0491562,-0.29723087,-5.1994896
1587119878410,5.8269534,-6.9298315,-10.53949
1587119878609,7.2326202,-6.503436,-8.909607
1587119878808,0.22440787,2.5323086,-3.9739628
1587119879006,5.0124903,-2.8843474,-6.6396513
1587119879206,5.5117083,-7.06302,-10.538531
1587119879404,7.1118875,-4.277558,-7.947583
1587119879602,-1.0499866,2.0005124,-3.4306686
1587119879801,6.230352,-4.3139696,-7.8785925
1587119880000,5.120766,-6.3932447,-10.592191
1587119880198,6.2888017,-4.331217,-7.158033
1587119880397,-0.5593927,2.6434588,-4.4473095
1587119880596,6.5973387,-5.197422,-7.500107
1587119880795,6.0233827,-5.735925,-10.278862
1587119880993,5.3689375,-2.6294687,-6.616655
1587119881192,-0.20294544,2.7546086,-3.7114186
1587119881390,6.569552,-6.617462,-8.405599
1587119881589,6.383662,-7.8104095,-10.381389
1587119881787,2.6103044,-2.0631776,-5.2493157
1587119881989,1.5217991,2.083875,-4.2767515
1587119882186,6.4162407,-7.5737367,-8.821453
1587119882385,7.8429885,-6.5187674,-9.828512
1587119882583,1.8887863,0.24318905,-3.7267494
1587119882783,4.7154512,-0.72937524,-5.201406
1587119882981,9.148045,-4.9962015,-8.602028
1587119883179,9.574439,-3.6604824,-7.8517637
1587119883378,-0.049634766,1.7925847,-3.2505283
1587119883577,6.9815736,-1.6799011,-7.5173545
1587119883776,6.958577,-6.205439,-9.382954
1587119883975,8.256927,-3.8530796,-6.3627343
1587119884173,-0.04580202,2.9433722,-3.5360692
1587119884372,7.511453,-5.1351395,-7.6342545
1587119884570,7.015111,-5.810664,-10.215621
1587119884768,4.402122,-1.8063822,-5.341302
1587119884968,1.5246737,1.7935429,-4.110984
1587119885167,7.8793993,-6.1671114,-8.778335
1587119885365,7.641768,-6.364499,-9.308214
1587119885565,1.1318152,1.5108764,-3.682673
1587119885763,5.2970734,-2.040181,-6.235295
1587119885962,6.2188535,-6.5820084,-10.917018
1587119886161,7.5929003,-4.4404497,-7.2615175
1587119886359,-1.132391,2.530392,-3.1297963
1587119886558,6.6605797,-5.4896703,-8.378769
1587119886755,5.5078754,-6.461276,-9.929122
1587119886955,4.3475056,-2.693668,-6.2745805
1587119887155,1.1509789,1.2147951,-3.9183877
1587119887351,7.1722536,-7.9876757,-9.394451
1587119887550,9.066599,-5.9908037,-8.3356495
1587119887748,-1.0289065,2.1059134,-2.3143754
1587119887947,6.7065725,-3.7438455,-6.6252785
1587119888146,6.3549166,-7.392638,-10.744543
1587119888344,5.9016924,-3.581911,-5.7974005
1587119888543,-0.09754439,2.074293,-3.3061035
1587119888742,7.4041367,-7.104223,-9.381994
1587119888942,8.13811,-6.9087515,-9.63879
1587119889139,0.1257143,1.7370096,-2.524219
1587119889338,6.294551,-3.3481126,-6.6147385
1587119889537,6.3721642,-6.59159,-10.292276
1587119889735,6.36354,-4.0025573,-6.1557646
1587119889936,0.20811872,2.4930227,-3.3176017
1587119890132,7.6570992,-7.0572715,-8.698805
1587119890331,7.8343644,-6.370248,-9.568842
1587119890530,-0.4319532,1.7159294,-2.7043595
1587119890728,6.632792,-4.007348,-7.102458
1587119890930,6.9959474,-6.72957,-11.158483
1587119891126,5.1380134,-2.7348697,-4.63799
1587119891325,1.941487,1.347984,-3.4872017
1587119891523,6.948037,-6.758315,-9.682867
1587119891722,7.727046,-6.4057007,-7.8153524
1587119891921,-0.19623813,1.9631428,-3.1595001
1587119892120,6.651956,-4.8103127,-8.025196
1587119892318,6.930789,-7.13201,-10.653516
1587119892517,4.363795,-2.20499,-5.341302
1587119892715,1.1653519,0.16845007,-3.5973938
1587119892915,7.755792,-7.242202,-10.986966
1587119893113,8.308669,-5.4609246,-8.135388
1587119893311,-2.087708,2.0905824,-2.5012226
1587119893510,7.2795715,-4.331217,-8.565616
1587119893713,7.10039,-5.852824,-10.345935
1587119893907,3.3605683,-1.0973208,-5.407417
1587119894106,3.6346111,0.42141277,-5.0979214
1587119894305,7.400304,-6.3721647,-10.367975
1587119894504,8.148651,-4.4701543,-6.5936584
1587119894702,-1.331695,2.470984,-2.5999165
1587119894902,8.163023,-5.82887,-9.232517
1587119895100,8.118947,-6.4861894,-10.074768
1587119895298,1.4537675,0.41757998,-4.075531
1587119895497,4.5611825,-1.5313814,-5.586599
1587119895695,6.4478607,-6.4996033,-10.759874
1587119895895,6.8838387,-3.9038632,-6.0637784
1587119896093,-0.15216132,2.3253388,-3.2869391
1587119896292,7.980967,-5.552911,-8.868405
1587119896490,9.083846,-6.366415,-9.539139
1587119896689,0.63163924,1.3460674,-4.1617684
1587119896888,6.6663284,-2.990707,-5.6958327
1587119897087,6.076083,-6.1144114,-10.423549
1587119897285,6.580092,-4.1798224,-5.724578
1587119897483,-0.10616817,1.8826545,-3.6127248
1587119897682,8.2253065,-6.58105,-10.067102
1587119897881,7.398387,-5.606569,-9.101244
1587119898079,-0.06304941,1.2215027,-3.8283176
1587119898278,6.64429,-3.1248536,-6.5265856
1587119898477,6.8023925,-5.8413258,-10.622853
1587119898676,6.9030023,-3.3893142,-5.8989697
1587119898875,0.41029692,1.6411903,-3.810112
1587119899074,8.176439,-6.074167,-9.64933
1587119899272,7.768248,-5.138014,-8.608735
1587119899471,0.9698809,0.5086081,-3.513073
1587119899670,6.459359,-3.1286867,-6.3550687
1587119899868,5.6017785,-6.3740807,-10.604647
1587119900067,7.2105813,-4.5362697,-6.1950507
1587119900266,-0.220193,2.4431968,-3.6874638
1587119900467,8.318251,-5.635315,-8.670059
1587119900662,8.446649,-5.4293036,-9.535306
1587119900861,2.4704087,0.45974025,-4.037204
1587119901060,4.7221584,-1.4355623,-5.2771034
1587119901259,6.1450725,-6.404743,-10.588358
1587119901457,7.980967,-4.867804,-6.9750185
1587119901656,-0.9675822,2.2908442,-3.0646393
1587119901856,8.131403,-5.215627,-7.956206
1587119902053,7.2019577,-6.2964673,-10.705257
1587119902252,4.352296,-0.923888,-4.70123
1587119902451,3.2034252,1.2904923,-4.1857233
1587119902649,7.560321,-5.988888,-9.387744
1587119902849,8.621998,-5.475297,-8.2245
1587119903047,0.85777247,1.7216785,-3.8982654
1587119903245,5.7895837,-1.8648319,-6.002454
1587119903444,7.1511736,-5.821204,-10.028775
1587119903643,7.9579706,-3.591493,-6.727805
1587119903841,0.5731896,2.2189796,-3.9969597
1587119904040,7.853528,-4.59951,-7.192528
1587119904239,6.754483,-5.5030847,-9.842886
1587119904437,6.65483,-2.8556018,-5.9650846
1587119904636,0.5233637,2.0829167,-4.2441726
1587119904835,7.965636,-5.6535206,-8.146886
1587119905038,7.3667665,-5.9083996,-9.876421
1587119905233,4.4979415,-0.6057684,-5.101754
1587119905432,2.372673,1.338402,-4.523965
1587119905630,7.515287,-6.238017,-9.277553
1587119905827,7.790287,-5.6180677,-9.149155
1587119906026,2.8594344,-0.0040242197,-4.996353
1587119906226,3.2062995,0.1061677,-4.6609864
1587119906424,7.5124116,-6.2935925,-9.5659685
1587119906624,6.4938545,-5.314321,-8.530164
1587119906822,4.2833066,-2.085216,-5.61247
1587119907020,2.3285964,1.3901446,-4.7845926
1587119907218,7.5296593,-5.976431,-8.962307
1587119907418,5.7273016,-4.5506425,-7.969621
1587119907616,6.6500397,-3.5272942,-7.08042
1587119907815,4.251687,-0.51186574,-6.129894
1587119908013,5.138972,-2.3630917,-6.63486
1587119908212,6.3769555,-4.817978,-7.2567267
1587119908411,5.6880155,-5.044111,-6.933816
1587119908610,5.874862,-4.5161476,-7.1609077
1587119908808,5.580698,-3.0788608,-6.5399995
1587119909007,5.154303,-2.3678825,-6.5035887
1587119909206,6.211188,-4.008306,-7.045925
1587119909405,6.15178,-4.4548235,-7.048799
1587119909603,5.893069,-4.219108,-6.792962
1587119909801,5.8307858,-3.87895,-6.209423
1587119910000,5.822162,-3.405604,-6.4230995
1587119910199,5.6401052,-4.0408845,-6.3991456
1587119910398,6.2159786,-4.4318266,-6.631027
1587119910597,6.166153,-4.8658876,-6.4345984
1587119910795,5.7474236,-4.5209384,-6.0877333
1587119910994,5.6439385,-4.1654496,-6.1011477
1587119911192,6.113452,-4.525729,-6.202716
1587119911391,6.1335745,-4.6263394,-6.273622
1587119911592,5.9122324,-4.3772097,-6.2717056
1587119911790,6.0559607,-4.5209384,-6.2046328
1587119911989,6.009968,-4.619632,-6.104022
1587119912187,6.169986,-4.484527,-6.180678
1587119912385,6.0425463,-4.1022086,-6.236253
1587119912586,6.0444627,-4.053341,-6.457595
1587119912784,6.2198114,-3.9297345,-6.197925
1587119912982,6.083749,-4.243063,-6.215173
1587119913179,5.858573,-4.0552573,-6.1289353
1587119913379,6.1144104,-4.8649287,-6.259249
1587119913579,6.8205976,-5.037403,-7.5326858
1587119913777,6.305091,-3.3097847,-6.016827
1587119913975,6.136449,-1.6128277,-7.3439226
1587119914173,4.126163,1.2464155,-7.1666574
1587119914373,4.274683,1.6335249,-8.076938
1587119914570,5.5701575,1.2330008,-6.91082
1587119914770,6.4593596,-1.7565563,-7.1129975
1587119914969,6.196815,-4.6426287,-7.003764
1587119915168,5.550036,-5.205087,-6.8130836
1587119915366,5.344983,-4.824685,-6.7182226
1587119915565,6.0952463,-4.5458517,-6.719181
1587119915762,6.4507356,-3.7026436,-6.6607313
1587119915962,6.785144,-3.066404,-7.6792893
1587119916159,3.5589142,0.5440612,-7.01143
1587119916359,4.1127486,1.564535,-7.5815535
1587119916557,5.503084,0.16078463,-7.3420057
1587119916756,6.976783,-2.5537717,-6.663606
1587119916955,6.649081,-4.76911,-7.1666565
1587119917154,5.924689,-4.31876,-6.9433985
1587119917352,6.8397613,-4.1865296,-6.875366
1587119917551,4.3877497,-0.9660484,-6.398187
1587119917748,5.474339,-1.5907893,-6.7258887
1587119917947,6.287843,-4.4318266,-7.2615175
1587119918147,5.983138,-5.2300005,-7.1216216
1587119918344,5.9016924,-4.1299963,-6.6386933
1587119918544,5.9016924,-3.035742,-6.3330297
1587119918743,5.917023,-3.30691,-6.756551
1587119918941,6.098121,-3.91632,-7.1637816
1587119919139,6.3242545,-3.4621372,-6.7287626
1587119919338,5.890194,-3.4908829,-6.5294595
1587119919537,6.207355,-3.367276,-6.3157825
1587119919736,6.0827904,-3.530169,-6.761342
1587119919935,6.455527,-4.262227,-6.371358
1587119920133,6.0032606,-4.3954153,-6.7421784
1587119920332,5.635315,-3.9853096,-6.5610795
1587119920530,5.9687653,-4.025553,-6.724931
1587119920728,5.7550883,-4.116582,-6.60324
1587119920929,5.8576155,-4.0983763,-6.637735
1587119921127,5.8901935,-4.003515,-6.4844246
1587119921326,5.87103,-4.0763373,-6.7737985
1587119921524,6.1786094,-4.2411466,-6.154807
1587119921722,6.0387135,-4.63688,-6.2084656
1587119921921,6.027215,-4.6809564,-6.3004518
1587119922120,6.1709437,-4.3858333,-6.631027
1587119922319,5.7579637,-3.1583905,-6.536167
1587119922518,6.0415883,-3.0884423,-7.419619
1587119922716,5.165801,-1.9980205,-7.410037
1587119922915,3.4295583,-2.8929715,-8.303072
1587119923113,2.2481084,-4.692455,-8.665268
1587119923313,3.2043834,-4.1826963,-9.168318
1587119923511,1.8006327,-3.2245057,-8.937395
1587119923709,1.2880003,-1.6252842,-8.657602
1587119923908,2.1503727,-1.3234539,-9.616753
1587119924107,1.4096906,-0.7466227,-9.825638
1587119924305,0.460123,0.6341312,-8.771627
1587119924504,1.6329492,0.017055904,-9.944454
1587119953777,-0.6523372,2.8121002,9.130263
1587119953945,-0.0093907695,2.6195037,9.725301
1587119954143,-0.18953076,2.9069612,9.927478
1587119954342,-1.0011189,2.1835268,9.262494
1587119954542,0.15158537,2.804435,9.411014
1587119954741,1.0532434,2.614713,9.390891
1587119954939,-0.15311947,2.1653209,9.517372
1587119955137,-0.8995506,3.030568,9.383226
1587119955335,0.16787465,2.701908,9.540369
1587119955532,0.4285027,2.901212,9.747338
1587119955733,-1.4255978,2.4786496,9.353521
1587119955930,-2.8073099,3.221248,8.822683
1587119956129,-1.1735933,3.4243846,10.172775
1587119956328,-0.02088908,3.6208138,8.885923
1587119956527,-1.9018189,2.6568732,8.563972
1587119956725,-1.8021669,3.9351006,9.189671
1587119956923,-1.2742035,3.4703777,8.784356
1587119957122,-1.4667999,3.991634,9.067022
1587119957320,-2.653999,2.5476394,9.107266
1587119957519,-2.30905,3.751128,9.73105
1587119957717,-0.74624,3.4684613,9.009531
1587119957915,-1.4945875,3.9628882,9.390891
1587119958114,-1.5242913,1.8376195,9.055524
1587119958312,-1.6910168,4.3164606,8.672247
1587119958512,-0.79031676,2.470984,10.190022
1587119958709,-1.166886,3.0554807,9.019114
1587119958908,-2.4767337,2.4681096,9.118765
1587119959107,-1.7964178,3.1330943,9.5307865
1587119959309,-0.34763235,2.9280415,9.188712
1587119959504,-0.7893586,3.8938985,9.501083
1587119959703,-1.1007708,3.7683754,8.704825
1587119959901,-0.0026834488,4.956533,9.290281
1587119960100,-0.28822446,4.755313,8.199859
1587119960298,-0.72228515,4.364371,8.578344
1587119960496,-2.4451134,4.568465,8.216148
1587119960695,-1.9679343,4.6815314,9.050734
1587119960894,-0.3294267,4.476479,9.312319
1587119961092,-0.9340455,4.2168093,8.349337
1587119961292,-1.9899725,5.2411156,7.726513
1587119961490,0.25890285,4.3950324,9.043068
1587119961689,0.68050706,5.776745,9.238539
1587119961886,-1.2215029,4.002174,7.898987
1587119962086,-2.5447652,5.105053,8.95204
1587119962283,0.52336365,4.7294416,8.668415
1587119962482,-0.32655212,4.9153304,8.219981
1587119962681,-1.5539954,4.1391954,8.682788
1587119962885,-0.79989874,4.620208,8.669373
1587119963078,0.01073124,3.1857948,10.01659
1587119963277,-1.8788223,3.9188113,8.640627
1587119963475,-1.9928468,3.5767372,8.369459
1587119963674,-0.676292,4.1823144,9.375559
1587119963872,-0.19240533,3.87186,8.953956
1587119964071,-1.2761198,3.7999954,9.249079
1587119964270,-0.8238535,4.151652,8.822683
1587119964469,-1.3412769,4.3959904,8.463362
1587119964667,-1.862533,4.5195975,8.610923
1587119964866,-2.1068718,3.296945,9.429218
1587119965064,-2.8782158,3.4282174,8.408745
1587119965263,-2.0072198,3.1254287,9.558575
1587119965461,-1.6603546,3.1675892,9.890108
1587119965660,-0.35817248,2.9912822,9.502042
1587119965858,-1.2521651,3.1675892,8.358919
1587119966057,-2.2573078,3.7961628,9.182005
1587119966255,0.117090486,3.97247,9.022945
1587119966453,0.44383374,3.9101875,9.292197
1587119966653,0.6833816,2.761316,9.72051
1587119966851,0.8395668,2.8504279,8.995158
1587119967051,2.558562,3.772208,9.377477
1587119967209,3.9527307,3.7147167,8.380957
1587119967408,4.2861814,3.4349246,6.4827805
1587119967605,6.449777,4.3672447,6.4961944
1587119967804,9.972089,4.602002,3.337996
1587119968004,9.184456,3.3237743,-0.16036102
1587119968202,8.117031,5.231534,2.5244915
1587119968400,8.147692,4.725609,1.5116831
1587119968599,8.715899,4.416113,-0.59921265
1587119968797,6.4229484,3.3841405,-4.5067167
1587119968997,5.6717257,-0.18033151,-3.4325848
1587119969196,13.131247,-1.9338219,-0.846426
1587119969397,12.596576,-1.2257183,1.491561
1587119969593,7.973302,-4.5659733,2.988256
1587119969791,7.3543105,-5.5931544,4.314393
1587119969991,7.673388,-6.9049187,5.3042045
1587119970189,8.434192,-1.3560324,0.27849063
1587119970390,8.318251,-1.9002854,-5.3221383
1587119970587,6.182442,2.3100078,-4.7941747
1587119970785,7.8554444,-1.8878286,-5.6737947
1587119970984,5.498294,-4.3455896,-9.836178
1587119971185,0.33172527,-0.9305954,-6.495923
1587119971383,1.486346,-1.3177048,-6.860035
1587119971581,3.3356557,-8.765726,-8.01753
1587119971780,3.7716324,-6.149864,-10.265448
1587119971979,-0.4242877,1.820372,-3.5724807
1587119972177,4.115623,-2.6237197,-7.8325996
1587119972375,4.1711984,-8.890292,-9.412657
1587119972574,5.651604,-5.6448965,-7.8115196
1587119972772,-0.22690025,3.713759,-3.3473058
1587119972970,4.855347,-6.4143248,-8.570407
1587119973170,5.0172815,-6.90971,-10.40726
1587119973368,4.4720707,-3.5397506,-6.67223
1587119973569,0.3681367,2.275513,-4.110984
1587119973768,6.0387135,-6.8618,-9.500811
1587119973966,6.0885396,-6.7334023,-9.927206
1587119974165,2.1906166,-0.99958545,-5.0940886
1587119974363,2.176244,0.4731551,-5.2387757
1587119974563,5.907441,-7.189502,-10.500204
1587119974760,6.5206833,-6.5149345,-8.5991535
1587119974961,0.014564013,1.8357033,-3.6155992
1587119975161,5.845159,-2.7454097,-7.302719
1587119975356,5.6659765,-6.415283,-9.647415
1587119975557,7.5401993,-4.9741635,-7.5681396
1587119975756,-1.1678442,3.116805,-3.8867676
1587119975954,6.6883674,-5.0402784,-8.069273
1587119976151,5.7090955,-6.205439,-10.2357435
1587119976350,4.5525584,-3.0386164,-6.0417404
1587119976547,0.8711872,1.7255112,-4.278668
1587119976747,6.556137,-6.906836,-9.307256
1587119976946,6.629917,-6.119201,-10.268323
1587119977142,1.666486,0.13874617,-4.1311064
1587119977342,3.133477,-0.4802454,-5.4668245
1587119977541,5.944811,-7.1626725,-10.253949
1587119977739,7.1760864,-5.444635,-8.699762
1587119977940,-0.13778843,1.8251631,-2.8854575
1587119978137,5.0920205,-4.7154517,-7.5623894
1587119978336,5.5979457,-6.5858407,-10.990799
1587119978535,5.2874913,-3.8789506,-6.6454
1587119978733,0.46683034,1.6833508,-3.2323227
1587119978934,6.9049187,-7.358143,-9.618669
1587119979131,6.673036,-6.860842,-9.550637
1587119979329,-0.46836442,1.8472016,-3.0617647
1587119979528,5.400558,-3.6413188,-6.7939196
1587119979727,6.2207694,-7.0773935,-11.324249
1587119979928,5.1188498,-3.8205006,-6.206549
1587119980125,0.13433781,1.9526027,-2.7877216
1587119980323,6.8148484,-8.375743,-10.344977
1587119980523,6.1306996,-8.02696,-9.77677
1587119980721,-0.31409568,1.3786459,-2.2262216
1587119980918,4.7489877,-4.1587424,-7.7156997
1587119981118,5.1629267,-7.4673777,-10.935224
1587119981316,4.3216343,-3.6326954,-6.4690933
1587119981515,0.8338178,0.6494624,-3.5763135
1587119981713,5.873904,-7.780706,-10.332521
1587119981912,7.2757387,-7.025651,-9.314922
1587119982112,-0.9982444,2.1231606,-2.7024426
1587119982310,5.7991657,-3.647068,-7.940875
1587119982508,4.656043,-5.855699,-8.278158
1587119982707,5.101602,-5.6554365,-7.5393934
1587119982906,4.53052,-4.8381,-6.5553308
1587119983106,4.056216,-3.9843514,-6.8485365
1587119983303,4.8486395,-4.3130107,-7.7434874
1587119983502,5.2280836,-3.9948914,-7.36596
1587119983700,5.159094,-3.9096122,-7.504898
1587119983899,5.2156267,-4.1319127,-7.13312
1587119984098,5.016323,-4.8984656,-7.107249
1587119984296,4.845765,-4.8495984,-6.758467
1587119984496,5.145679,-6.177652,-8.074064
1587119984693,6.710406,-7.0428987,-8.331817
1587119984892,0.7887826,1.2895341,-4.679192
1587119985091,4.5726805,-1.6808592,-7.1484513
1587119985290,5.209878,-6.2428083,-8.533996
1587119985489,4.2823486,-6.6979494,-6.5332923
1587119985688,3.633653,-6.386537,-5.6210938
1587119985887,2.2184043,-8.370952,-4.787467
1587119986086,2.8891382,-7.876525,-5.5789332
1587119986284,2.842187,-8.061457,-6.448971
1587119986482,3.7074337,-5.940978,-5.847227
1587119986680,4.0428004,-7.931142,-7.385124
1587119986879,6.774604,-5.888278,-7.0392175
1587119987079,4.7767754,-2.830689,-7.7933135
1587119987277,1.4633496,2.460444,-6.494006
1587119987476,2.4780743,1.784919,-7.1906114
1587119987674,7.0726023,-2.1714535,-7.0123873
1587119987874,5.757963,-7.7567506,-6.8906975
1587119988074,5.6765165,-6.721904,-7.0507154
1587119988270,6.9145,-3.9249434,-7.809603
1587119988469,2.2845197,1.5070436,-5.916217
1587119988667,2.2088225,0.9982439,-6.6032395
1587119988866,7.9023957,-5.2376657,-7.5585566
1587119989065,4.522855,-7.3466454,-6.723014
1587119989264,4.3015122,-5.7397585,-5.6210938
1587119989463,4.70012,-7.3322725,-6.0906076
1587119989661,4.103167,-6.764065,-5.583724
1587119989859,4.5860953,-7.0160685,-6.260207
1587119990059,4.824685,-6.4622335,-6.3742323
1587119990256,4.4088297,-6.000386,-5.9459205
1587119990456,4.7422805,-5.5059595,-6.495923
1587119990656,4.8610964,-4.9693723,-6.114562
1587119990854,5.1063933,-5.2673693,-6.4058523
1587119991052,4.9530826,-5.704305,-6.3991456
1587119991250,4.9617066,-5.545245,-6.1337266
1587119991449,4.5985518,-5.953435,-6.0704856
1587119991648,4.428952,-5.795333,-6.541916
1587119991846,5.104477,-5.641064,-6.3052425
1587119992046,4.750904,-5.625733,-6.0359907
1587119992243,4.9435005,-5.754131,-6.4336405
1587119992441,5.0144067,-5.900734,-6.2055902
1587119992640,4.6464615,-5.863364,-6.5639544
1587119992840,4.5065656,-5.654479,-6.5189195
1587119993038,4.7489877,-5.259704,-7.1244965
1587119993237,4.7077856,-5.0613585,-6.858119
1587119993436,1.8063818,-6.4976873,-6.503588
1587119993634,-1.5578282,-7.8496957,-6.5802436
1587119993833,-2.0081782,-6.500562,-7.6285048
1587119994032,-1.6344833,-4.759528,-6.53425
1587119994231,-2.078126,-4.8256435,-8.272409
1587119994428,-1.9698503,-5.6621447,-7.990701
1587119994627,-0.45878258,-5.4820046,-8.043402
1587119994826,-0.1732415,-5.2060456,-8.220667
1587119995025,-1.0097426,-5.3468995,-8.54262
1587119995223,-0.85164106,-4.537228,-7.7664843
1587119995423,-0.42812037,-5.1485534,-8.712219
1587119995621,0.22440791,-4.3637953,-9.526682
1587119995820,-1.3441514,-2.5125694,-8.760129
1587119996018,-2.1327431,-1.6348661,-9.546803
1587119996217,-2.8159335,-0.1812897,-8.09706
1587119996416,-1.8251636,-1.1912235,-10.137051
1587119996613,-1.0787323,-0.2531541,-9.715445
1587119996813,-1.762881,0.5009426,-9.194189
1587119997012,-2.7306545,-0.20428629,-9.215269
1587119997210,-2.2745552,-1.4662243,-8.623106
1587119997409,-1.3738554,-4.018846,-7.5853868
1587119997607,0.6096009,-7.931142,-8.583821
1587119997806,1.0570762,-6.356833,-6.695227
1587119998006,0.64122117,-7.3830557,-6.6291113
1587119998203,0.97658825,-6.8493433,-6.645401
1587119998403,1.9050757,-6.704656,-7.4464483
1587119998601,2.1130033,-7.443422,-8.46788
1587119998800,-0.46740627,-3.370151,-9.269887
1587119998999,-2.900254,2.2343109,-6.0158687
1587119999197,-3.3132348,1.3585238,-7.5384345
1587119999396,-1.9046934,-0.2608196,-10.024941
1587119999595,-2.3560016,-2.2461922,-8.481296
1587119999793,0.27135932,-5.003867,-10.207956
1587119999993,-0.7644456,-6.0952473,-8.124848
1587120000190,0.38059312,-6.2475996,-6.9261503
1587120000389,0.9880865,-5.32007,-8.069273
1587120000589,2.5691023,-5.970682,-7.8575125
1587120000787,3.9814765,-5.3507323,-8.395058
1587120000986,3.592451,-2.229903,-8.86553
1587120001186,3.6547332,-3.8425393,-8.864573
1587120001384,3.1162295,-2.9399228,-7.940875
1587120001582,2.3774638,-1.0359964,-6.2918277
1587120001783,2.9504626,1.4227228,-9.726944
1587120001979,4.888884,-2.5882666,-7.513522
1587120002178,5.730176,-6.81389,-6.6779795
1587120002379,4.5075235,-7.0256515,-6.1672635
1587120002576,5.577823,-5.8470755,-7.0497575
1587120002775,5.630524,-4.981828,-7.571971
1587120002974,3.2915788,-0.6872148,-7.783732
1587120003171,1.376154,1.9094841,-7.00568
1587120003371,4.786357,-0.51569855,-7.519271
1587120003570,6.271554,-6.2667637,-7.083294
1587120003767,3.7840889,-6.0492544,-7.161866
1587120003965,5.5117083,-5.904567,-8.020405
1587120004165,5.009616,-4.0705886,-7.617007
1587120004364,1.6434895,1.5147091,-6.8006277
1587120004563,3.127728,0.70024633,-6.8197913
1587120004761,6.407617,-4.3024707,-7.8469725
1587120004960,4.7259912,-5.859532,-8.290615
1587120005159,5.481046,-5.671726,-7.8910494
1587120005358,5.806831,-3.9977658,-7.554724
1587120005557,1.9184904,1.0404043,-6.923276
1587120005756,2.6869597,1.4907544,-6.358901
1587120005954,6.1939406,-4.5573497,-8.697846
1587120006153,5.5864472,-5.3162374,-7.7156997
1587120006350,6.161362,-5.0278215,-8.020406
1587120006549,4.6292143,-1.639657,-7.507773
1587120006748,3.3117008,-0.36142972,-6.8868647
1587120006946,4.243063,-1.7699711,-7.656292
1587120007144,5.3823524,-4.3005543,-8.786959
1587120007346,4.80073,-4.116582,-7.438783
1587120007542,5.4034324,-4.2047358,-7.3439217
1587120007740,4.8141446,-1.9299891,-7.9562063
1587120007938,4.485485,-2.5662282,-7.2337294
1587120008138,5.401517,-3.9048219,-7.863261
1587120008336,5.2386236,-4.2143173,-7.5949683
1587120008534,5.170592,-3.3739834,-7.353503
1587120008733,4.749946,-3.5531654,-7.207859
1587120008932,4.6656256,-4.0801706,-7.173364
1587120009132,4.4759035,-4.373377,-5.61822
1587120009330,4.9789534,-6.347251,-7.6946206
1587120009529,4.254561,-6.6692033,-6.748885
1587120009727,3.8319988,-5.9658914,-6.4834657
1587120009926,3.3327808,-6.4785233,-6.756551
1587120010125,1.6808589,-7.294903,-6.2429605
1587120010324,0.083553776,-7.846821,-5.887471
1587120010521,0.6690088,-7.6465592,-5.4735327
1587120010720,0.004982093,-8.274175,-4.9379034
1587120010919,1.1864321,-8.295255,-5.49078
1587120011118,0.7063783,-7.9560547,-5.119002
1587120011316,0.9507171,-8.335499,-4.9149065
1587120011516,1.0934875,-8.153442,-5.208113
1587120011714,0.86256343,-8.220516,-4.7960906
1587120011913,1.2880005,-8.307711,-4.773094
1587120012112,1.861957,-8.353704,-4.730934
1587120012311,1.501677,-8.500308,-4.491386
1587120012509,1.3943596,-8.571215,-4.4176054
1587120012707,1.3636975,-8.489767,-4.458808
1587120012905,1.2132614,-8.514681,-4.507675
1587120013107,1.1231915,-8.441858,-4.567083
1587120013304,1.0685747,-8.442816,-4.6379895
1587120013502,1.2238016,-8.308669,-4.734767
1587120013701,1.196014,-8.413112,-4.7932167
1587120013900,1.2036796,-8.196561,-4.890952
1587120014098,1.0244977,-8.427485,-4.7798014
1587120014296,1.1001949,-8.324,-4.783634
1587120014495,0.7293748,-8.384367,-4.8181295
1587120014694,2.0698845,-7.960846,-5.156371
1587120014893,1.7488906,-7.8314905,-5.4409537
1587120015091,1.7670962,-7.703093,-5.325971
1587120015290,0.5846879,-8.178355,-5.075883
1587120022876,-1.1429313,2.9175012,9.427302
1587120023075,-0.6916231,2.8801317,9.302737
1587120023274,-0.91775626,2.4240327,9.75692
1587120023474,-1.1745515,1.5990299,9.389933
1587120023672,0.2052441,1.1352652,10.077914
1587120023870,1.5438375,0.5019008,9.732965
1587120024068,-0.5354379,1.4610504,9.679308
1587120024267,-0.4319532,1.7715044,9.814411
1587120024466,-0.46932268,1.8711563,9.479044
1587120024664,-0.17036693,1.7188038,9.76746
1587120024862,-0.24223128,1.8213303,9.872861
1587120025062,-0.082213305,1.8558252,9.652477
1587120025261,-0.0726314,2.024467,9.5413265
1587120025460,0.18224752,2.068544,9.432093
1587120025737,0.71596014,1.164011,9.104391
1587120025936,-1.4648836,1.4773395,11.034189
1587120026134,0.16787466,2.2180216,9.426344
1587120026333,2.1043792,3.0535645,9.083311
1587120026486,3.6087399,3.1503417,8.153866
1587120026610,6.5360146,2.4374473,7.808917
1587120026824,6.227477,-0.28573257,2.348184
1587120027007,8.658408,-4.653169,-0.29929876
1587120027225,14.709389,-4.5477676,4.069096
1587120027409,9.011023,-6.9748673,0.5142058
1587120027603,6.264847,-9.430712,1.5116831
1587120027803,4.9185877,-3.636528,-1.5085362
1587120028002,6.75065,-6.4545684,-1.3015671
1587120028199,4.960748,-7.5057054,-3.3492222
1587120028401,3.697852,-8.9477825,-3.6060174
1587120028598,2.2299027,-9.456583,-3.900182
1587120028795,-1.9420627,-10.386028,-3.8359833
1587120028996,-1.3939773,-5.813539,-4.45785
1587120029196,-5.6282253,-10.065035,-5.457243
1587120029393,-1.2559978,-4.233481,-7.0047226
1587120029592,-1.6555636,-4.784441,-8.339483
1587120029792,-1.6747274,-4.5937614,-8.160301
1587120029990,-0.7337835,-5.364147,-7.9629135
1587120030188,-0.8238535,-5.278868,-8.192881
1587120030388,1.495928,-4.9684134,-8.00699
1587120030585,-0.053467583,-5.7531724,-8.09706
1587120030785,-0.3878764,-5.5174575,-7.988785
1587120030982,-0.66191906,-5.5366206,-7.915004
1587120031182,-0.37637806,-5.7608385,-7.783732
1587120031381,-0.37925267,-5.379478,-8.055858
1587120031579,-0.8276862,-5.247248,-8.07694
1587120031777,-0.71366143,-5.771378,-7.791397
1587120031975,-0.37158713,-5.6889734,-7.7875643
1587120032176,-0.7769021,-5.7608385,-7.7616935
1587120032374,-0.9685404,-5.6659765,-7.7894807
1587120032572,-0.64179707,-5.476255,-7.8642197
1587120032770,-0.54885256,-5.504043,-7.909255
1587120032971,-0.46644807,-5.95056,-7.777983
1587120033168,-0.806606,-5.7359247,-7.7396555
1587120033366,-0.54885256,-5.517457,-7.886258
1587120033565,-0.91775626,-5.7713785,-7.731032
1587120033765,-0.54022884,-5.6956816,-7.809603
1587120033961,-0.62742424,-5.710054,-7.7827735
1587120034160,-0.541187,-5.7004724,-7.804812
1587120034359,-0.550769,-5.7023883,-7.809603
1587120034557,-0.43291146,-5.606569,-7.915004
1587120034758,-0.6906649,-5.6458554,-7.7961884
1587120034957,-0.6389225,-5.710054,-7.791397
1587120035156,-0.45111704,-5.6870575,-7.8565545
1587120035355,-0.6925813,-5.4925447,-7.8546386
1587120035552,-0.8832614,-5.5835724,-7.7942724
1587120035753,-0.7136615,-5.7378416,-7.873802
1587120035949,-0.7510309,-5.4973354,-7.8785934
1587120036147,-0.9215891,-5.5519524,-7.8287673
1587120036345,-0.6897067,-5.695681,-7.8287673
1587120036546,-0.81043875,-5.810664,-7.7377386
1587120036745,-0.65904456,-5.7483816,-7.6907873
1587120036943,-0.90050876,-5.8365355,-7.7013273
1587120037142,-0.9484183,-5.8719883,-7.6840806
1587120037340,-1.0423212,-5.7119703,-7.725282
1587120037540,-0.921589,-5.689932,-7.7396545
1587120037738,-1.1237674,-5.714845,-7.7559443
1587120037935,-0.8334354,-5.708138,-7.7818155
1587120038135,-1.2224611,-5.633399,-7.770317
1587120038333,-0.9187144,-5.5960293,-7.8699684
1587120038532,-0.9503347,-5.5778236,-7.812478
1587120038730,-0.9187145,-5.676517,-7.786607
1587120038930,-0.85068285,-5.7388,-7.781816
1587120039128,-0.9541675,-5.678434,-7.7789407
1587120039327,-0.9129652,-5.6640606,-7.773192
1587120039526,-0.8938015,-5.688974,-7.7636094
1587120039724,-0.9924952,-5.740716,-7.804812
1587120039923,-0.98962057,-5.6084857,-7.767442
1587120040122,-1.1793425,-5.7359247,-7.759777
1587120040320,-0.9445856,-5.707179,-7.723366
1587120040518,-1.1228092,-5.691848,-7.7798986
1587120040718,-1.0758579,-5.6774755,-7.749237
1587120040917,-1.1256838,-5.706221,-7.7329473
1587120041115,-1.051903,-5.6784334,-7.76361
1587120041312,-1.0221992,-5.6841826,-7.7856483
1587120041511,-1.0701087,-5.724427,-7.730073
1587120041711,-0.9637494,-5.660228,-7.7856483
1587120041910,-0.991537,-5.631482,-7.8143935
1587120042109,-0.9656658,-5.6151934,-7.8488884
1587120042307,-0.97333133,-5.5864472,-7.842181
1587120042507,-0.87367946,-5.578782,-7.869011
1587120042704,-0.9196726,-5.5960293,-7.845056
1587120042903,-0.8698467,-5.5404544,-7.8785934
1587120043101,-0.91200703,-5.561535,-7.8814673
1587120043301,-0.88613594,-5.5711164,-7.8565545
1587120043499,-0.89475965,-5.573033,-7.8603873
1587120043697,-0.8411009,-5.5816565,-7.8805094
1587120043895,-0.85068285,-5.62765,-7.8431396
1587120044095,-0.82672805,-5.576865,-7.845056
1587120044294,-0.881345,-5.550994,-7.831641
1587120044493,-0.90242517,-5.624775,-7.9044647
1587120044692,-0.80373144,-5.603694,-7.8364325
1587120044890,-0.9129653,-5.7579637,-7.7684007
1587120045090,-0.92925453,-5.6621447,-7.777982
1587120045288,-0.9570421,-5.6075277,-7.780857
1587120045487,-1.0404047,-5.7483816,-7.759777
1587120045685,-0.9129653,-5.6908903,-7.7511535
1587120045884,-1.0260319,-5.743591,-7.7904387
1587120046082,-1.0940635,-5.6880155,-7.741571
1587120046281,-1.0490286,-5.5835733,-7.8297257
1587120046480,-1.061485,-5.6104026,-7.845056
1587120046679,-0.8899687,-5.561534,-7.8757186
1587120046877,-0.86313933,-5.6525626,-7.777983
1587120047076,-0.6226333,-5.653521,-7.882426
1587120047273,-0.586222,-5.263537,-8.135388
1587120047475,-0.7769021,-5.144721,-8.103768
1587120047670,-0.69928855,-5.5778236,-7.905422
1587120047869,-0.54214525,-5.3756456,-8.056816
1587120048068,-1.1093944,-5.3056974,-7.986869
1587120048269,-0.47219723,-5.4350533,-7.9341683
1587120048466,-0.87176305,-5.7033467,-7.8776345
1587120048665,-0.365838,-5.295157,-7.9926176
1587120048863,-0.9944116,-5.465715,-8.03861
1587120049062,-0.50190115,-5.557702,-7.929377
1587120049261,-0.54693615,-5.3468995,-8.099935
1587120049459,-0.6408389,-5.2673693,-8.09227
1587120049658,-0.6197587,-5.48967,-7.958123
1587120049857,-0.9580003,-5.372771,-8.037653
1587120050055,-0.5728073,-5.475297,-7.8680525
1587120050254,-0.9206308,-5.5500364,-7.98591
1587120050452,-0.80948055,-5.810664,-7.6812057
1587120050652,-0.64850444,-5.6678934,-7.8958406
1587120050850,-0.8046897,-5.465715,-7.909255
1587120051049,-1.1046035,-5.3401923,-7.990701
1587120051247,-0.9560839,-5.450384,-7.927461
1587120051445,-0.9493766,-5.534705,-7.869011
1587120051648,-0.7385745,-5.644897,-7.794272
1587120051843,-0.93883646,-5.566325,-7.929377
1587120052041,-0.7922331,-5.438886,-7.940875
1587120052241,-0.4836955,-5.5730324,-7.8805094
1587120052439,-0.7117451,-5.736883,-7.8785934
1587120052637,-1.1630533,-5.7723365,-7.670665
1587120052836,-0.9723732,-5.377561,-7.918837
1587120053036,-0.67820835,-5.480088,-8.414223
1587120053235,-1.1956317,-5.045069,-7.597843
1587120053433,-1.7772539,-5.764671,-8.405599
1587120053631,-2.226646,-4.0753794,-8.881819
1587120053830,-2.7229888,-2.2471504,-8.666226
1587120054029,-3.5182877,-1.8217132,-9.354208
1587120054228,-3.9772613,-0.07109773,-7.3055944
1587120054427,-3.8297,-1.153854,-9.323545
1587120054624,-1.3719391,-2.150373,-9.532433
1587120054824,1.0273724,-3.5522072,-8.571364
1587120055023,3.127728,-5.0019503,-7.9993258
1587120055221,2.1647456,-7.2977777,-6.9117785
1587120055419,2.2346935,-7.955097,-6.064737
1587120055618,3.0290341,-6.3577914,-7.0123878
1587120055817,3.865535,-4.734615,-8.170841
1587120056015,5.0412364,-4.0859194,-8.657602
1587120056214,3.8224168,-0.21865919,-7.854638
1587120056414,1.9472363,1.69964,-7.6179643
1587120056612,4.999076,-0.26848513,-8.308821
1587120056811,-0.020889139,-3.2590003,-9.254557
1587120057009,4.4270353,-8.030794,-7.712826
1587120057208,3.023285,-5.793417,-7.2825975
1587120057406,3.0309505,-4.2593527,-9.151072
1587120057605,3.8070855,-2.0880904,-8.638438
1587120057804,2.2097805,1.6114864,-7.7118673
1587120058002,-0.13203931,1.5166254,-7.664916
1587120058201,2.5853915,-3.0280762,-9.370497
1587120058401,1.7968,-7.5612803,-8.258037
1587120058599,2.7291205,-6.3079653,-7.939917
1587120058797,2.606472,-4.23923,-9.664661
1587120058996,1.3866941,-1.2381749,-6.4815497
1587120059195,-0.12916465,1.6881416,-7.3017616
1587120059393,4.27085,-5.344983,-9.175984
1587120059592,1.7230192,-8.248303,-9.445236
1587120059790,4.1175394,-5.067107,-8.520581
1587120059989,2.2854779,-0.5846882,-7.5326867
1587120060191,0.25315368,0.898592,-6.817875
1587120060388,2.131209,-3.797504,-8.975721
1587120060588,3.2292962,-6.795685,-9.39541
1587120060787,5.000034,-5.656395,-9.461525
1587120060982,2.9504626,-0.97658855,-5.896095
1587120061181,2.2251115,1.1697601,-6.483466
1587120061379,6.1172853,-4.407872,-7.571013
1587120061578,3.8626606,-7.3198166,-9.257431
1587120061776,5.9821806,-4.7901897,-8.90769
1587120061975,1.210387,0.57663965,-5.798359
1587120062176,0.9229296,0.513399,-7.1187468
1587120062373,5.0929785,-6.95187,-8.4583
1587120062573,4.6819143,-5.9946365,-9.25743
1587120062770,3.7486358,-4.369544,-8.904816
1587120062970,0.7322494,1.9276898,-4.7913003
1587120063169,4.5353117,-0.9114315,-8.19288
1587120063366,4.5774717,-9.28315,-9.557344
1587120063567,5.1629267,-3.5042977,-8.9402685
1587120063766,2.3372197,-0.60481006,-5.7149963
1587120063972,1.196014,-0.77536845,-6.722056
1587120064164,2.542273,-6.566677,-9.878339
1587120064361,2.6974998,-6.8407197,-9.78731
1587120064559,3.324157,-3.2590003,-7.770317
1587120064757,-0.46453172,2.5332665,-4.8325024
1587120064958,2.897762,-5.8489923,-9.552553
1587120065155,1.770929,-7.5564895,-9.057169
1587120065354,3.950814,-4.613883,-8.716051
1587120065552,-0.06879864,2.4681096,-4.640864
1587120065753,3.8981137,-5.2644954,-9.015008
1587120065950,2.091923,-7.2939444,-10.152382
1587120066148,3.6614406,-5.5538692,-8.302114
1587120066347,-0.26426968,2.3521683,-3.7574115
1587120066546,3.5857434,-5.2721605,-8.60586
1587120066744,3.5569978,-8.061457,-10.7244215
1587120066944,5.234791,-5.5883636,-8.564657
1587120067142,-1.4466779,3.2710738,-1.8017429
1587120067341,3.6633568,-6.269638,-8.680599
1587120067540,4.30247,-8.33454,-11.849338
1587120067738,2.267272,-3.035742,-7.0555067
1587120067937,0.89035094,1.9468536,-3.9634228
1587120068134,3.6461093,-7.734712,-10.307608
1587120068334,4.2171917,-8.2780075,-10.142799
1587120068533,1.751765,1.3805625,-3.6797981
1587120068731,3.1133552,-1.7211033,-6.2582912
1587120068936,2.9705844,-8.079661,-11.13357
1587120069129,4.9262533,-6.5043955,-9.441403
1587120069327,-0.85259926,2.6520822,-2.4590623
1587120069526,4.534353,-5.2127523,-8.717968
1587120069725,4.27085,-7.497081,-11.448814
1587120069923,4.0590897,-3.0280762,-6.528501
1587120070122,-0.23839855,1.760006,-3.3061035
1587120070321,5.2424564,-7.3188567,-9.866839
1587120070519,5.63819,-8.09595,-10.220412
1587120070718,1.3799869,0.6686262,-4.502885
1587120070917,2.6007226,-0.99096143,-6.251584
1587120071118,4.084961,-8.138112,-11.188186
1587120071314,5.4178057,-6.4133673,-8.937394
1587120071513,-1.02699,2.6319604,-2.132319
1587120071711,4.942543,-5.933313,-8.961349
1587120071910,4.8428907,-7.2929864,-11.431566
1587120072109,2.7061238,-2.8575184,-6.1155205
1587120072307,1.1011531,0.83726776,-4.3035808
1587120072506,3.883741,-7.897605,-10.898812
1587120072705,5.475297,-7.476959,-9.356124
1587120072904,-0.14832863,1.6402323,-3.184413
1587120073102,4.189404,-4.428952,-7.967705
1587120073300,3.9699783,-7.800828,-11.329999
1587120073500,4.176947,-3.9527316,-7.1800714
1587120073698,0.79836464,1.9564352,-2.672739
1587120073897,4.704911,-8.125654,-10.593149
1587120074096,4.9569154,-8.550134,-10.135134
1587120074293,-0.045802034,1.7350931,-2.5261357
1587120074492,5.281742,-3.94794,-7.3937483
1587120074691,2.8853054,-7.6963854,-11.596376
1587120074890,4.9559574,-4.9751215,-7.2672663
1587120075089,0.3125615,2.0196757,-2.6439931
1587120075287,5.344983,-7.8611937,-10.718672
1587120075486,4.876427,-7.6273956,-10.334437
1587120075685,0.14583628,1.6306503,-2.0719528
1587120075884,4.6435866,-3.9287765,-7.703244
1587120076082,4.418412,-7.5104957,-11.348204
1587120076281,4.8170195,-4.561183,-7.6917458
1587120076479,0.27998298,2.5821342,-2.373783
1587120076678,5.715803,-7.2048326,-10.228078
1587120076877,5.430262,-7.830531,-10.384263
1587120077076,0.88747627,1.1055613,-3.103925
1587120077275,4.248812,-3.0338256,-6.7345123
1587120077473,4.0887938,-7.277655,-10.362226
1587120077672,6.1134524,-5.4925447,-8.096102
1587120077870,-0.3188866,2.920376,-2.3421628
1587120078069,5.8614483,-7.3868895,-9.065792
1587120078267,5.432178,-8.401614,-10.871025
1587120078466,1.1164843,-0.47257966,-3.5763135
1587120078665,3.4650111,-1.4317296,-6.1327677
1587120078865,3.2494183,-7.9033546,-11.237054
1587120079063,6.0655427,-6.186275,-9.254556
1587120079261,-1.0883143,2.8820481,-2.1543574
1587120079460,4.292889,-6.176693,-9.168318
1587120079659,4.756654,-7.9618044,-11.015712
1587120079857,2.7185802,-2.5710194,-5.834771
1587120080056,1.7326012,0.7136611,-4.248964
1587120080254,5.1801744,-7.3111925,-10.793411
1587120080453,6.0195494,-7.0773935,-9.794975
1587120080652,0.2234498,2.5236847,-1.9790083
1587120080851,4.998118,-4.481653,-8.067357
1587120081049,4.9894934,-7.710758,-11.14411
1587120081247,4.6541266,-3.7649255,-7.083294
1587120081447,0.5089908,1.8452852,-3.368386
1587120081645,5.02878,-7.535409,-10.41205
1587120081845,5.4666734,-7.8583193,-9.95691
1587120082044,0.9123894,1.1697601,-3.5427766
1587120082241,3.6374855,-2.1589968,-6.471968
1587120082439,4.025553,-7.670514,-10.718672
1587120082639,6.316589,-6.1029124,-8.793665
1587120082837,-0.46165714,2.8638427,-1.7806628
1587120083038,5.3468995,-6.598298,-9.507518
1587120083235,6.2351427,-7.761542,-10.524159
1587120083433,2.177202,-0.6258904,-4.3907757
1587120083632,2.4895725,-1.5055102,-5.5530624
1587120083831,5.1140585,-7.5881104,-10.274072
1587120084028,6.5494294,-6.4325304,-8.293489
1587120084227,-1.1285584,2.3157573,-2.5874598
1587120084426,6.0080514,-6.3673735,-9.18844
1587120084626,5.652562,-7.5507402,-10.984091
1587120084824,2.2758956,-1.76518,-4.8430424
1587120085021,2.012393,0.089878365,-4.566125
1587120085221,4.538186,-8.205185,-11.337664
1587120085420,7.113804,-5.6937647,-8.649937
1587120085619,-1.1553876,2.2707222,-2.5817108
1587120085818,5.329652,-5.8221626,-8.604902
1587120086016,4.978954,-7.137759,-11.193934
1587120086215,2.7722387,-2.6677966,-5.441912
1587120086413,1.8025491,0.36487952,-4.7031465
1587120086612,4.733657,-7.978093,-11.05404
1587120123739,-0.71653605,1.0854393,9.472338
1587120123768,-0.11766641,1.2569556,10.473647
1587120123961,-0.9560839,1.7715044,9.416761
1587120124159,-0.62071687,1.3182799,9.963889
1587120124359,-0.54789436,2.075251,9.160925
1587120124557,0.56360775,1.7590479,10.481314
1587120124761,-0.07167323,2.190234,8.750819
1587120124957,-0.65042084,1.4284718,9.694638
1587120125153,-0.059216738,2.6683717,9.952391
1587120125351,0.8184866,2.515061,9.814411
1587120125550,0.21865878,2.5878835,9.165716
1587120125748,-1.0538194,1.6756853,9.672599
1587120125952,-0.66958463,2.721072,9.471379
1587120126168,0.11996508,2.1672375,9.068939
1587120126343,-1.1678442,3.255743,9.819203
1587120126543,-3.4579215,2.239102,8.373292
1587120126741,-4.989112,3.0851848,9.054565
1587120126939,-2.5802183,2.3627086,9.600735
1587120127139,-1.7494665,1.6066955,9.615108
1587120127337,-2.9165435,1.133349,8.5218115
1587120127539,-2.4422388,1.9276896,9.909273
1587120127738,-0.59484583,1.3499001,9.9456835
1587120127933,-0.3543397,2.1394498,8.900297
1587120128132,-0.99728614,2.019676,9.855614
1587120128331,-2.9376235,3.026735,8.985576
1587120128529,-2.1854434,3.020986,9.485752
1587120128727,-0.9359619,3.3937225,9.590196
1587120128926,-1.0931053,2.2908442,8.575471
1587120129125,-3.24712,3.7137585,8.796812
1587120129323,-1.9995544,3.276823,9.546118
1587120129522,-1.0145335,3.555657,9.054565
1587120129720,-2.0618367,2.576385,8.614757
1587120129918,-1.7705466,3.115847,9.225124
1587120130117,-0.24031492,3.324733,10.248472
1587120130316,0.24644633,3.4435487,9.892026
1587120130515,-0.67820835,3.06123,7.638359
1587120130713,-1.5913649,2.9941566,9.649603
1587120130912,0.4534157,3.135969,9.999342
1587120131110,-0.365838,3.1992095,9.358313
1587120131308,-1.0451957,3.0545228,8.2036915
1587120131507,-1.5789082,3.862278,9.652477
1587120131706,0.30968696,3.246161,9.206919
1587120131905,0.31351972,3.9763026,8.988451
1587120132104,0.010731238,3.5393677,9.081395
1587120132302,-1.0844815,4.3270006,9.044984
1587120132500,0.24452996,3.7262146,8.846639
1587120132699,-0.2422313,3.5202038,8.934792
1587120132898,-1.6900585,1.6938909,10.02138
1587120133096,-1.2358758,3.8680272,9.736798
1587120133295,0.7782426,2.3205478,9.487669
1587120133495,-0.15886864,3.3573112,8.801603
1587120133693,-1.3489424,3.1886694,9.250036
1587120133891,-0.6130513,3.3688095,9.774168
1587120134088,0.34322366,2.975951,8.919461
1587120134287,0.3710112,3.6466851,9.25387
1587120134488,-1.6517309,2.2803042,9.782791
1587120134685,-1.6181942,3.841198,8.877301
1587120134883,-0.48944467,2.9587035,9.806746
1587120135084,-0.05825854,3.956181,9.600735
1587120135282,-1.4332633,2.1260352,9.054565
1587120135480,-2.0120108,2.9548707,9.481919
1587120135678,-1.2291684,2.6041727,9.227999
1587120135877,-1.5664518,2.9098358,9.289324
1587120136075,-0.89092696,2.405827,9.540369
1587120136274,-0.78456765,2.825515,9.892025
1587120136475,0.6488867,2.9079194,9.075646
1587120136673,0.71691835,3.04015,9.141761
1587120136869,-1.3518169,2.6338768,9.557616
1587120137071,-1.7082641,3.7444205,9.310403
1587120137267,-1.5894483,3.4895415,9.426344
1587120137465,-1.9564358,4.276217,7.8769484
1587120137664,-3.5384097,3.196335,9.163799
1587120137862,-2.9951153,4.09991,8.950124
1587120138062,0.07588826,3.3429382,9.479044
1587120138259,-0.33709225,3.8229918,8.420243
1587120138458,-2.3761237,2.8676753,8.862928
1587120138657,-1.0768161,3.4502559,10.64708
1587120138856,0.01743859,3.2701156,9.311361
1587120139054,-0.30259734,3.3304818,8.679913
1587120139253,-2.1346593,3.5786538,8.990367
1587120139451,-0.49136108,3.2557425,9.624689
1587120139650,0.750455,4.042418,9.076604
1587120139848,-0.1502449,3.205917,8.5639715
1587120140047,-1.4936292,4.4946847,9.483835
1587120140245,-0.37446168,3.8402398,8.917544
1587120140445,0.29148135,4.257053,8.738362
1587120140643,-1.0911889,3.6811798,9.0421095
1587120140842,-1.9305645,4.354789,9.234705
1587120141040,-0.8612229,3.9398918,8.811185
1587120141239,-2.7105327,3.9188113,8.965454
1587120141437,-2.4958975,3.416719,8.459529
1587120141635,-2.6875358,3.31036,9.553783
1587120141834,-0.30259737,3.799996,9.760753
1587120142033,-1.2339594,3.0995576,9.443591
1587120142232,-1.8452854,2.2860532,9.214584
1587120142430,0.464914,3.7252567,8.834182
1587120142633,5.365105,4.47552,7.60578
1587120142827,2.6035972,4.900958,8.16249
1587120143025,2.8661416,5.3819695,3.2431347
1587120143224,11.701625,6.114028,0.35706237
1587120143425,8.319209,3.8019118,1.9352036
1587120143622,8.028877,5.2890253,-0.5196828
1587120143820,8.660326,5.570733,1.5346797
1587120144019,7.2690315,7.0061045,0.2669924
1587120144218,7.7701654,5.7365007,2.4296303
1587120144417,7.0936823,5.676135,2.3424351
1587120144616,7.3380213,6.2079306,2.8818965
1587120144815,7.9848,5.9559264,3.3849473
1587120145014,7.665723,5.951136,2.2197864
1587120145212,7.31215,6.4225655,2.5704846
1587120145417,7.259449,6.8211737,1.8048897
1587120145609,7.040023,6.817341,0.8735275
1587120145809,7.617813,5.748957,1.6055858
1587120146008,6.3232965,6.98694,2.1354656
1587120146207,6.705615,6.3363285,3.1568978
1587120146404,7.801786,6.3535757,2.4353795
1587120146603,5.6458554,7.807152,3.6321607
1587120146801,-3.1024327,3.0985994,7.5684104
1587120147001,0.10942497,1.7858772,10.702655
1587120147200,4.4845266,-1.0273727,4.429376
1587120147398,11.440996,-4.6780815,2.073183
1587120147598,10.557545,-6.853176,4.295229
1587120147797,7.2537003,-8.210934,4.084427
1587120147993,5.825995,-5.6458554,2.3060238
1587120148192,8.871127,-0.86352193,-2.5807526
1587120148391,8.1726055,1.6756852,-3.644345
1587120148589,10.82488,-0.090261534,-4.4223967
1587120148792,7.2345366,-1.3272866,-3.9500084
1587120148988,10.457891,-2.4397469,-4.8392096
1587120149187,4.709702,0.9570416,-5.1640368
1587120149387,6.102912,0.80181473,-7.1963606
1587120149586,7.6379356,-7.335147,-5.9066353
1587120149784,7.160755,-1.0120418,-7.232772
1587120149981,4.986619,-5.821204,-8.806123
1587120150181,-2.5399745,1.1103523,-6.5984497
1587120150379,4.7307825,0.49902624,-9.472065
1587120150581,-1.592323,-15.601465,-6.159598
1587120150778,2.6198864,-3.3634439,-11.585835
1587120150977,-0.5201068,-0.59235376,-6.0791097
1587120151174,0.18799663,1.5875317,-6.307159
1587120151374,1.8475841,-6.4430704,-10.055603
1587120151573,0.0806792,-6.4411545,-8.778336
1587120151771,2.6237195,-5.0220723,-9.91954
1587120151967,-1.0586103,2.1624465,-5.06726
1587120152166,1.0120412,-0.9190971,-8.393141
1587120152368,1.3014151,-7.32269,-9.720236
1587120152565,1.9980204,-6.427739,-10.31144
1587120152764,1.0561182,-2.4272904,-8.264744
1587120152963,-1.0499866,2.900254,-4.8219624
1587120153162,1.7402668,-4.8610964,-9.264138
1587120153359,0.7514132,-6.8617997,-10.298027
1587120153558,2.3765059,-6.0473375,-10.213705
1587120153759,-0.5747237,1.9382298,-4.787467
1587120153956,0.11709046,-0.98042136,-8.127722
1587120154155,1.6339076,-7.189502,-10.115011
1587120154353,1.8255459,-6.9614515,-10.166754
1587120154553,0.22249147,-1.1605612,-7.2069006
1587120154750,-0.35338145,2.2429347,-5.4457445
1587120154950,1.2870421,-6.006135,-9.493146
1587120155148,0.98521197,-6.6874094,-10.8097
1587120155347,0.84435767,-4.2258153,-9.292883
1587120155545,-1.3958938,3.159924,-2.8452134
1587120155744,1.135648,-4.017888,-9.235393
1587120155945,1.1825993,-8.347956,-10.951513
1587120156140,1.7833853,-6.1776514,-10.744543
1587120156340,-1.0461538,2.224729,-4.2681274
1587120156539,0.39113322,-0.9900033,-7.735822
1587120156738,0.69775444,-7.317899,-10.78862
1587120156937,1.42598,-6.8368874,-10.754126
1587120157136,-0.67054284,0.7021628,-5.4994035
1587120157334,0.21961698,0.48082066,-6.5237107
1587120157532,0.90568197,-7.108055,-10.344977
1587120157731,0.80315554,-7.199084,-11.317541
1587120157931,0.1918294,-0.9679648,-6.336863
1587120158128,-0.34188318,1.4303882,-5.6565466
1587120158327,0.5521094,-6.683576,-10.467627
1587120158526,0.89514196,-6.9470797,-11.395155
1587120158726,0.35663837,-2.0382648,-7.2270226
1587120158924,-0.7740275,2.6616642,-4.0640326
1587120159122,0.6843398,-6.6327925,-10.539491
1587120159321,0.53102916,-7.3092756,-11.236095
1587120159519,0.31926894,-2.7770305,-7.752112
1587120159718,-0.7893587,2.604173,-4.1483536
1587120159915,0.9488007,-6.136449,-10.376597
1587120160115,0.8817272,-7.2000413,-11.050207
1587120160315,0.44766647,-3.2388787,-8.251329
1587120160512,-0.7424072,2.6137547,-3.444083
1587120160711,0.96604806,-7.071645,-10.758917
1587120160910,0.34226546,-7.4443808,-11.35012
1587120161108,0.35280555,-2.139833,-6.950105
1587120161308,-0.29876462,2.285095,-4.560376
1587120161506,0.47641224,-7.0812254,-10.934265
1587120161705,0.88556004,-7.2124987,-11.241845
1587120161904,0.14775272,-0.5185731,-5.4534106
1587120162102,0.47832865,0.46453133,-5.806025
1587120162301,1.0580344,-7.766333,-11.2025585
1587120162499,2.1062958,-7.5852346,-10.883482
1587120162698,-0.6427553,1.3671477,-4.3946085
1587120162897,0.8759781,-1.6981068,-7.188695
1587120163096,0.89801645,-7.6226044,-11.287838
1587120163294,2.8556018,-7.2862787,-10.357434
1587120163493,-1.261747,2.6856189,-3.1250052
1587120163691,1.4748476,-3.4841754,-8.5637
1587120163889,0.6210992,-7.8056192,-11.212141
1587120164088,2.5087364,-5.0766897,-9.463442
1587120164288,-1.4236813,3.1062648,-3.5676894
1587120164487,1.8907028,-4.711619,-9.081123
1587120164685,0.71596014,-7.248909,-11.370242
1587120164883,1.5055099,-4.5832205,-9.193232
1587120165083,-0.4453679,3.2394538,-2.552965
1587120165281,1.7488905,-6.5925484,-10.150465
1587120165480,1.3426173,-7.6043983,-11.321374
1587120165679,0.60480994,-2.8488946,-7.636171
1587120165876,-0.08987884,2.4403222,-3.9212623
1587120166076,1.3282444,-7.122428,-10.69855
1587120166275,1.9146576,-7.5162454,-11.441149
1587120166473,-0.1310811,-0.46587238,-5.365257
1587120166673,0.6201409,0.4980681,-5.520484
1587120166871,1.0091667,-7.9934244,-11.178604
1587120167070,2.0238912,-7.0179853,-11.21789
1587120167268,-0.8382263,1.553995,-3.7804081
1587120167467,1.15577,-1.880163,-6.9970565
1587120167666,-0.5114831,-8.337416,-11.767892
1587120167864,1.977898,-6.2964673,-10.2462845
1587120168063,-1.3939774,2.190234,-2.6669898
1587120168262,0.90184927,-4.583221,-9.090705
1587120168460,-0.25181323,-7.196209,-11.383657
1587120168658,1.1452298,-5.6602287,-9.503685
1587120168857,-1.2512069,2.7220302,-2.0432072
1587120169056,0.97179717,-5.9179816,-10.191668
1587120169255,0.17841473,-8.505098,-11.459354
1587120169454,0.995752,-2.019101,-7.257685
1587120169651,-0.2728934,2.0848331,-4.014207
1587120169851,2.1589963,-8.462938,-11.240887
1587120170050,2.1791184,-6.767897,-10.441754
1587120170248,0.57702243,0.31792814,-5.1237926
1587120170447,0.935386,-0.40646467,-6.4633436
1587120170645,1.3493246,-7.695427,-11.33958
1587120170845,2.601681,-6.5963807,-10.061354
1587120171043,-0.7424072,1.7303025,-4.2518377
1587120171241,0.9947939,-2.806734,-7.9015894
1587120171440,1.4786806,-7.5277433,-11.295504
1587120171639,4.0313025,-6.5503883,-10.498288
1587120171838,-1.4802145,3.4282174,-2.3785741
1587120172036,3.2110906,-3.9680622,-8.725635
1587120172234,0.76003695,-7.1521325,-10.301859
1587120172433,3.1325188,-6.250474,-10.240535
1587120172632,-1.5051277,3.94085,-2.6775298
1587120172831,1.9625671,-5.6573534,-10.165796
1587120173030,1.2582965,-6.8071833,-10.32773
1587120173228,2.9619608,-4.512315,-9.474939
1587120173427,-0.6398807,3.2595756,-3.2217827
1587120173625,1.6492386,-5.8940268,-9.564051
1587120173825,1.486346,-6.88288,-11.068411
1587120174024,1.4777224,-4.299596,-8.777376
1587120174222,-0.99441165,2.519852,-3.7104602
1587120174421,1.5735414,-6.160404,-10.118845
1587120174619,1.6616951,-6.72957,-11.557089
1587120174818,1.3129134,-3.2149239,-7.9552484
1587120175016,-0.52393967,2.581176,-3.3798842
1587120175215,1.5035934,-7.2584915,-10.100639
1587120175414,1.8677063,-7.8017855,-11.508222
1587120175612,0.77057713,-2.6936677,-7.494358
1587120175811,-0.3533815,2.5073953,-3.3990479
1587120176009,2.2711048,-8.021213,-10.695676
1587120176208,2.120669,-6.905877,-10.319105
1587120176407,1.5649176,-2.4138756,-6.972144
1587120176605,0.38921684,0.6715007,-5.19374
1587120176805,4.223899,-6.290718,-10.439838
1587120177004,4.1290383,-5.8365355,-10.579735
1587120177202,1.8677061,-1.2487152,-5.9497533
1587120177401,0.790699,0.5335211,-5.3863373
1587120177599,4.1970696,-6.753525,-10.439839
1587120177798,5.425471,-7.1023064,-10.341145
1587120177997,1.146188,0.24318919,-4.962816
1587120178196,1.1193587,0.95704186,-5.561686
1587120178394,5.185923,-7.155965,-10.619978
1587120178594,6.0128427,-6.3002996,-9.763355
1587120178792,0.07301364,0.95704174,-4.7079377
1587120178991,2.922675,-0.5569005,-5.9382553
1587120179190,3.9690201,-6.9748664,-10.9055195
1587120179387,6.3319197,-6.097163,-9.497935
1587120179603,-0.5421452,1.6584377,-3.703753
1587120179784,2.8335633,-2.4943638,-7.595927
1587120179983,4.3283415,-6.3932447,-10.803951
1587120180183,4.9473333,-6.5130186,-9.933913
1587120180382,-0.9829133,2.6482496,-3.2476535
1587120180581,4.1529927,-3.3002026,-8.576157
1587120180778,4.0677137,-6.816766,-10.182085
1587120180976,6.3146725,-5.147596,-8.90769
1587120181178,-1.8232472,2.6233363,-3.6453032
1587120181376,4.618674,-5.587405,-8.714136
1587120181573,4.4069138,-6.140282,-10.648725
1587120181773,5.721552,-4.6311307,-7.9581223
1587120181975,-1.201381,2.9328325,-3.3779678
1587120182171,4.7959394,-6.256223,-9.312047
1587120182369,5.1629267,-6.101954,-10.78287
1587120182568,3.3375716,-3.436266,-7.098625
1587120182766,-0.6619191,1.8385779,-4.2068033
1587120182966,5.053693,-6.9748673,-9.852468
1587120183163,5.1955056,-6.305091,-10.356476
1587120183363,3.2522926,-2.0718014,-6.069527
1587120183560,0.25123724,1.2857013,-4.702188
1587120183759,5.332526,-7.0275674,-10.208915
1587120183960,5.3986416,-6.7631063,-9.923373
1587120184156,1.5083845,-0.7044622,-5.325013
1587120184357,1.8044655,-0.32693475,-5.8865128
1587120184555,4.6330466,-6.8982115,-10.799161
1587120184753,5.852824,-6.8177233,-10.050814
1587120184953,0.2790249,1.5722005,-3.9116807
1587120185149,2.6639633,-1.8609993,-6.8983626
1587120185349,3.8310406,-7.256575,-11.256218
1587120185547,5.8365355,-5.9381037,-9.902292
1587120185746,-0.58526385,2.5984235,-2.807844
1587120291994,-0.39362556,1.6574795,9.776084
1587120292192,-0.30068097,1.7973754,9.818244
1587120292392,-0.26139513,2.0081778,9.784708
1587120292591,-0.3399668,2.255391,9.58732
1587120292792,-0.406082,2.555305,9.378435
1587120292990,-0.6302988,2.5639286,9.776083
1587120293188,-0.55268526,2.5610542,9.537495
1587120293386,-0.6341316,2.7689817,9.021988
1587120293585,-0.84397554,2.8465953,9.41293
1587120293782,-1.0643595,2.7843127,9.313278
1587120293981,-1.0681922,2.6645389,9.531745
1587120294180,-1.1630533,2.5485973,9.367895
1587120294379,-1.1199347,2.7239466,9.427302
1587120294577,-1.7877941,2.4489455,9.463714
1587120294775,-1.4754236,2.3023424,9.379393
1587120294975,-1.4045174,2.1854432,9.620856
1587120295173,-1.4658417,2.3473773,9.604568
1587120295371,-1.5051277,2.3282135,9.458922
1587120295570,-1.5367479,2.4336143,9.400473
1587120295770,-1.5204587,2.3780396,9.448382
1587120295927,-1.527166,2.3770812,9.521205
1587120296051,-1.5741174,2.3377955,9.511623
1587120296323,-1.5856155,2.35121,9.472338
