1588395572932,-1.0755157,2.5578308,9.459564
1588395572940,-0.95401,2.5416718,9.426056
1588395572947,-0.8845825,2.4375305,9.174652
1588395572953,-0.7876129,2.5350952,8.940033
1588395572958,-0.79299927,2.6835327,9.062729
1588395572963,-0.6984253,2.5566406,9.253662
1588395572968,-0.6511383,2.4219666,9.327881
1588395572972,-0.6864624,2.4692535,9.58107
1588395572977,-0.6014557,2.4105988,9.597229
1588395572980,-0.4697876,2.2609558,9.71814
1588395572985,-0.464386,2.2376099,9.71814
1588395572988,-0.42189026,2.222046,9.8276825
1588395573562,-0.24472046,2.1502228,9.917465
1588395573566,-0.109451294,2.0586395,10.022812
1588395573570,-0.2572937,2.0418854,10.025192
1588395573573,-0.1268158,2.1406403,10.055725
1588395573577,-0.10646057,2.0634308,10.15509
1588395573580,-0.33151245,1.8701019,9.684021
1588395573584,-0.06814575,2.2956696,9.983902
1588395573587,-0.08670044,2.5733948,9.846832
1588395573589,0.39033508,2.4740448,9.495483
1588395573591,0.1539154,2.0113678,10.025192
1588395573594,-0.102264404,1.8419647,10.09523
1588395573596,-0.53800964,1.9437256,9.269226
1588395573598,-0.7690582,2.2166748,8.795776
1588395573601,-0.4847412,2.0251312,9.248871
1588395573603,-0.535614,1.7055054,9.609207
1588395573605,-0.506897,1.6486359,10.03717
1588395573606,-1.1754761,1.6468353,10.218521
1588395573608,-1.2059937,1.5199585,10.147308
1588395573610,-0.96598816,1.660614,9.684616
1588395573611,-0.43806458,1.4343567,9.588257
1588395573613,-0.44044495,1.3326111,9.968933
1588395573616,-1.0449829,1.8665161,9.99408
1588395573620,-0.46559143,1.937149,9.607407
1588395573622,-0.38597107,1.7593689,9.354218
1588395573624,-0.99949646,1.5977631,9.513443
1588395573626,-0.4560089,1.771347,9.548157
1588395573628,-0.23634338,1.8922577,9.317108
1588395573630,0.074905396,1.5809937,9.080688
1588395573633,-0.104660034,1.2332458,9.830063
1588395573636,-0.059768677,0.6586304,9.668457
1588395573639,0.3209076,1.312851,9.615784
1588395573642,0.33647156,1.5289307,9.526001
1588395573643,0.14013672,1.4756622,9.536179
1588395573645,0.2987671,1.5995636,9.571503
1588395573648,0.36999512,1.6552277,9.475128
1588395573650,0.49388123,1.7743378,9.8719635
1588395573664,1.0062408,1.6636047,10.3346405
1588395573993,0.9894867,1.6007538,10.184418
1588395573998,0.68782043,1.4828339,9.248871
1588395574003,0.8769531,1.6420593,9.169876
1588395574008,1.073883,1.7803192,9.773804
1588395574012,0.9894867,1.4756622,9.647507
1588395574019,0.36878967,1.4307709,9.513443
1588395574023,0.67645264,1.5780029,9.339859
1588395574026,0.9200592,1.5768127,9.449982
1588395574029,0.5513458,1.6354675,9.742081
1588395574031,0.6279602,1.6037445,9.809723
1588395574034,0.70158386,1.518753,9.778
1588395574038,0.51065063,1.5588531,9.685822
1588395574040,0.70518494,1.4624939,9.849228
1588395574042,0.6495056,1.4211884,10.060516
1588395574044,0.34724426,1.6318817,9.991074
1588395574045,0.3717804,1.6384735,9.726517
1588395574048,0.26763916,1.4469299,10.09343
1588395574051,0.027023315,1.3960571,9.881546
1588395574054,-0.14596558,1.4744568,10.137726
1588395574062,-0.042419434,1.3379974,10.0455475
1588395574079,-0.014282227,1.5211487,9.848022
1588395574101,-0.1483612,1.9820251,9.6540985
1588395574119,-0.0052948,2.0197449,9.512833
1588395574144,0.074905396,1.786911,9.427246
1588395574162,-0.75289917,1.9203796,9.3302765
1588395574180,-0.6188202,1.542099,9.533783
1588395574202,0.4328308,1.7881012,9.726517
1588395574229,0.8685913,1.9676666,9.66069
1588395574243,1.0122375,1.7922821,9.705566
1588395574261,0.99368286,1.6163177,9.763031
1588395574279,0.99128723,1.807251,9.556534
1588395574299,0.8991089,1.9550934,9.369186
1588395574319,1.6245575,2.2609558,9.493088
1588395574338,0.9272461,2.0251312,9.168076
1588395574360,1.0846558,1.8838654,9.469147
1588395574380,1.1229706,2.0778046,9.681641
1588395574398,1.1385345,2.1585999,9.296158
1588395574416,1.283371,2.241806,8.69223
1588395574439,0.9302368,2.3752747,9.035797
1588395574459,0.98410034,2.138855,9.626572
1588395574478,1.3354492,2.02034,9.493088
1588395574498,1.2342987,2.2878876,9.005859
1588395574518,1.0098419,2.2370148,9.017242
1588395574539,0.82788086,2.1262817,9.032806
1588395574557,0.38615417,1.9832306,8.743698
1588395574576,0.5286102,2.3022614,9.896515
1588395574597,0.29696655,2.459671,9.453583
1588395574618,-0.37461853,1.933548,10.393906
1588395574638,-1.0036926,1.052475,10.70874
1588395574658,-1.2748413,0.44076538,10.062302
1588395574677,-2.681427,0.29292297,9.819885
1588395574696,-4.296921,0.13070679,10.013229
1588395574716,-4.978668,0.30429077,9.97551
1588395574737,-4.757202,0.2881317,9.549347
1588395574757,-3.5720673,0.38868713,9.942596
1588395574778,-2.550949,0.17321777,9.807922
1588395574796,-3.294342,0.7939148,9.742081
1588395574816,-3.2931519,1.4505157,9.526611
1588395574837,-3.0854492,1.439148,8.799973
1588395574857,-2.9483795,1.3397827,8.757462
1588395574876,-3.1722412,1.2859192,9.622971
1588395574896,-3.1213684,1.4176025,9.462555
1588395574915,-2.8412476,1.3870697,9.46196
1588395574938,-2.7089539,0.80049133,9.357208
1588395574955,-2.59404,0.86154175,9.381149
1588395574975,-2.3486328,1.1147308,9.315323
1588395574996,-2.1487274,0.9644928,9.515244
1588395575015,-2.171463,0.94714355,9.684631
1588395575037,-2.6449127,1.2709503,10.258026
1588395575056,-2.8412476,1.0464935,10.387329
1588395575075,-1.9763336,1.3517609,9.288986
1588395575096,-2.4503937,1.3038788,8.972946
1588395575116,-2.352234,0.905838,9.218353
1588395575139,-2.037384,1.6504364,9.336868
1588395575157,-1.5962524,1.3643341,9.360214
1588395575176,-1.6812439,1.6228943,9.341064
1588395575194,-1.1545258,1.6827545,9.107025
1588395575215,-1.2323456,1.783905,9.267441
1588395575241,-1.5783081,1.6480408,9.305145
1588395575256,-1.3155365,1.5349121,9.527206
1588395575276,-1.3717957,1.5696259,9.786972
1588395575294,-1.1563263,1.5175629,9.59903
1588395575314,-1.025238,1.5851898,9.497879
1588395575350,-1.0838928,1.5486755,9.745087
1588395575358,-1.2233582,1.605545,9.830063
1588395575378,-1.1521301,1.5199585,9.845032
1588395575394,-1.2401276,1.494812,9.854614
1588395575414,-1.0114746,1.5947723,9.658295
1588395575437,-0.97377014,1.7120819,9.549942
1588395575455,-0.93006897,1.7061005,9.626572
1588395575474,-0.7977905,1.5349121,9.703186
1588395575494,-0.7870178,1.6205139,9.72113
1588395575514,-0.80737305,1.6654053,9.729507
1588395575538,-0.76246643,1.5678406,9.77739
1588395575557,-0.65234375,1.557663,9.697189
1588395575574,-0.8121643,1.5720215,9.728912
1588395575594,-0.7301483,1.6025543,9.627167
1588395575613,-0.72177124,1.581604,9.673248
1588395575638,-0.815155,1.5247345,9.764236
1588395575654,-0.751709,1.5384979,9.652298
1588395575674,-0.81155396,1.6378632,9.656494
1588395575694,-0.77864075,1.6354675,9.682831
1588395575713,-0.62719727,1.6773682,9.627762
1588395575739,-0.69363403,1.6911316,9.642731
1588395575756,-0.83729553,1.6582184,9.804337
1588395575774,-0.7271576,1.4864349,9.842636
1588395575793,-0.7157898,1.6276855,9.7486725
1588395575813,-0.80737305,1.7264557,9.672653
1588395575834,-0.7475128,1.676178,9.656494
1588395575854,-0.66371155,1.7078857,9.631348
1588395575874,-0.7271576,1.6630096,9.685211
1588395575893,-0.78163147,1.7647552,9.684021
1588395575913,-0.8325043,1.8126373,9.588257
1588395575933,-0.83070374,1.9287567,9.599625
1588395575954,-0.7343445,1.7635651,9.683426
1588395575973,-0.7121887,1.609726,9.745682
1588395575994,-0.9025421,1.739624,9.868378
1588395576012,-0.8923645,1.7306366,9.825287
1588395576035,-0.91571045,1.7791138,9.710953
1588395576054,-1.0587616,1.6971283,9.852814
1588395576074,-0.78941345,1.7390137,9.7408905
1588395576097,-0.922287,1.9640808,9.5355835
1588395576112,-0.88757324,1.9533081,9.482315
1588395576132,-0.7229614,1.9592896,9.395523
1588395576154,-0.882782,2.0568542,9.369186
1588395576174,-0.93006897,1.8820801,9.526611
1588395576192,-0.97016907,1.8796844,9.592453
1588395576212,-0.97735596,1.9251709,9.46376
1588395576233,-1.0994568,2.0269318,9.408096
1588395576255,-1.7315216,1.7270508,9.669052
1588395576274,-1.0713348,2.123291,9.995865
1588395576292,-0.8384857,1.7749329,9.581665
1588395576312,-1.080307,1.7102814,9.672058
1588395576339,-1.463974,1.9958038,9.860596
1588395576355,-1.400528,1.747406,9.788773
1588395576373,-1.2257538,1.6342773,9.635544
1588395576393,-1.2784271,1.9455109,9.602615
1588395576412,-1.1479492,1.881485,9.527206
1588395576432,-1.3209229,1.9078064,9.569107
1588395576454,-1.4627838,2.1005402,9.675644
1588395576476,-1.3652191,2.2962646,9.554733
1588395576491,-1.2377167,2.3674927,9.285385
1588395576512,-1.4268646,2.2591705,9.308731
1588395576531,-1.353241,2.0694275,9.430832
1588395576554,-1.4023285,2.17836,9.5433655
1588395576572,-1.4352417,1.9945984,9.589447
1588395576591,-1.3909607,2.0035858,9.590652
1588395576611,-1.2993774,2.1107178,9.569702
1588395576632,-1.3933563,2.1184998,9.617584
1588395576654,-1.2718353,2.1741638,9.584671
1588395576672,-1.2610779,2.2866974,9.660675
1588395576692,-1.4537964,2.178955,9.885742
1588395576711,-1.2790222,2.2567596,10.018616
1588395576731,-1.0378113,2.3040466,9.847427
1588395576753,-0.8600464,2.3040466,9.772614
1588395576771,-0.7738495,2.430954,9.564316
1588395576792,-0.77204895,2.427948,9.364395
1588395576811,-0.84866333,2.387848,9.233917
1588395576831,-1.0449982,2.3585205,9.129776
1588395576856,-1.1072388,2.5195312,8.977737
1588395576873,-1.2814178,2.846344,9.031006
1588395576892,-1.2359314,2.7296295,9.078293
1588395576911,-1.2592773,2.7110596,9.001083
1588395576931,-1.198822,2.7810974,8.93045
1588395576954,-1.3382874,2.7368011,9.098038
1588395576972,-1.7057953,2.5722046,9.075897
1588395576991,-1.7943726,2.9044037,8.821518
1588395577010,-1.8356781,3.3263702,8.327713
1588395577031,-2.0355988,2.6536102,7.548996
1588395577052,-2.7580414,2.1065216,6.787033
1588395577072,-4.957718,2.8732758,6.530258
1588395577092,-4.700348,3.9009857,7.888977
1588395577111,-3.9395752,3.1785278,8.1918335
1588395577130,-4.3663483,2.1442413,7.678879
1588395577150,-5.452713,1.5091858,7.3838043
1588395577171,-6.0315094,1.8611298,7.295212
1588395577192,-6.8539276,2.83078,6.8355255
1588395577212,-5.9680634,2.6188965,7.114441
1588395577230,-6.03331,2.2316284,7.421509
1588395577252,-5.5975647,2.0819855,8.61441
1588395577272,-4.7194977,1.2877045,9.162094
1588395577291,-4.4118347,0.5197754,9.327896
1588395577313,-4.0706635,0.15106201,10.241867
1588395577331,-3.8845062,-0.5540314,9.577484
1588395577354,-4.126938,0.20195007,9.066925
1588395577372,-3.9371948,0.7861328,10.394501
1588395577392,-3.772583,0.277359,11.511398
1588395577413,-3.199173,-0.49656677,11.277969
1588395577431,-3.2524414,-0.7437744,11.3342285
1588395577451,-3.0285797,-0.31341553,10.440582
1588395577472,-3.637909,1.0393066,10.389114
1588395577492,-3.5056305,1.3218231,10.31311
1588395577512,-2.3486328,0.028961182,10.559113
1588395577533,-2.187622,-0.8389435,11.000839
1588395577553,-3.4733124,-0.4953766,11.113358
1588395577573,-4.5088043,0.005004883,10.162262
1588395577594,-3.5092163,0.34739685,8.383972
1588395577613,-1.8530273,0.8082733,7.494522
1588395577631,-1.7021942,-0.018325806,8.7017975
1588395577650,-2.6844177,0.113357544,10.313705
1588395577671,-4.3663483,0.24803162,9.111816
1588395577691,-4.338211,0.6376953,8.464783
1588395577711,-3.4589386,0.38749695,9.179443
1588395577730,-3.6995697,0.3521881,10.379532
1588395577752,-4.3040924,-0.2314148,10.177231
1588395577772,-4.843994,-0.2194519,9.572098
1588395577791,-4.4908447,0.5622711,9.26384
1588395577810,-3.4960632,-0.64141846,9.446396
1588395577831,-3.2817688,0.01159668,9.209366
1588395577851,-3.2452698,-0.111709595,9.852814
1588395577874,-3.4571533,-0.21226501,9.022629
1588395577893,-2.7981415,-0.69828796,9.035202
1588395577910,-2.8723602,-0.58395386,8.749695
1588395577930,-2.507248,-0.6964874,8.8280945
1588395577954,-2.4857025,-0.9281311,9.084869
1588395577971,-1.945816,-1.8504944,9.078888
1588395577992,-1.9284515,-1.0502319,8.891541
1588395578010,-2.5976257,-0.62046814,9.192017
1588395578030,-3.1782227,-0.52830505,9.315918
1588395578053,-3.0591125,-0.54985046,9.113007
1588395578069,-3.0297852,-0.32658386,9.359009
1588395578090,-3.5714722,-0.4265442,9.845032
1588395578110,-3.599594,-0.41516113,10.129349
1588395578131,-2.1044312,-0.8515167,10.231094
1588395578150,-2.1618958,-0.89819336,10.0407715
1588395578171,-2.609604,-0.57258606,9.752853
1588395578190,-2.218155,-0.5953369,9.388947
1588395578213,-2.1852264,-0.44389343,9.58107
1588395578230,-2.352829,-0.090148926,9.559525
1588395578250,-2.2337189,-0.10751343,9.58107
1588395578269,-2.4611664,0.078048706,9.775604
1588395578294,-2.131363,-0.2822876,10.095825
1588395578312,-1.4190826,-0.89460754,10.754227
1588395578330,-3.002243,0.66342163,11.322845
1588395578350,-3.4020844,2.6194916,8.976532
1588395578369,-3.8767395,3.4167633,6.7487335
1588395578390,-2.5988312,2.0736084,8.071533
1588395578409,-3.1889954,1.9682617,9.32309
1588395578428,-3.5002441,1.6300812,9.945587
1588395578448,-1.8602142,0.85076904,10.060516
1588395578470,-1.0797119,0.76039124,9.953369
1588395578488,-0.9929199,0.7801361,9.774414
1588395578508,-1.0695343,1.336792,9.495483
1588395578528,-1.6046448,1.8641205,9.397919
1588395578548,-1.8362732,1.771347,9.086075
1588395578569,-1.2526855,0.6801758,9.52301
1588395578589,-1.1784668,0.36894226,9.945587
1588395578610,-1.9924927,1.8521576,9.446991
1588395578627,-2.2851868,1.8946533,9.566101
1588395578647,-2.0733032,1.5391083,9.918655
1588395578669,-1.4711609,1.3786926,9.713348
1588395578687,-1.0455933,1.3374023,9.661285
1588395578708,-0.9438324,1.008194,9.821091
1588395578728,-1.3795776,1.1775818,9.770218
1588395578748,-1.2814178,1.2063141,9.50386
1588395578771,-1.4304504,1.2446136,9.509247
1588395578790,-1.5453796,1.3092651,9.605011
1588395578807,-1.5094604,1.1679993,9.627762
1588395578827,-1.5567474,1.2308502,9.714554
1588395579254,-1.7572632,1.4547119,9.608017
1588395579255,-1.7865906,1.5014038,9.60083
1588395579256,-1.7147675,1.2745514,9.673248
1588395579257,-1.6130066,1.3936615,9.625366
1588395579258,-1.4699707,1.3409882,9.350037
1588395579259,-1.3592377,1.60495,9.34404
1588395579259,-1.5956573,1.8210144,8.7760315
1588395579260,-1.6573029,1.6821594,7.972763
1588395579261,-1.4490051,1.4469299,8.247513
1588395579262,-1.7237549,1.3110657,8.996887
1588395579263,-1.7943726,1.1853638,9.269821
1588395579264,-2.7185364,0.91122437,9.409882
1588395579264,-2.93042,0.7268677,9.967148
1588395579265,-2.8502197,0.5814209,10.11618
1588395579266,-2.6359406,0.64785767,9.736099
1588395579268,-2.3252869,0.7945099,9.172852
1588395579268,-2.4629517,1.1554413,8.546173
1588395579269,-2.503662,1.6276855,8.25827
1588395579270,-2.5305939,2.0143585,7.371826
1588395579271,-3.262619,1.3158417,7.0803223
1588395579272,-3.491867,1.0034027,7.5513916
1588395579272,-3.633728,0.75979614,8.82869
1588395579287,-2.4024963,0.12054443,9.662476
1588395579307,-1.9218597,-0.57858276,8.459396
1588395579325,0.8308716,-0.13204956,2.1105652
1588395579346,-1.2155762,1.3858795,9.0334015
1588395579366,-3.1237488,1.158432,9.26564
1588395579388,-2.2277222,0.26239014,11.018799
1588395579406,-0.70680237,-0.7731018,11.446762
1588395579425,-0.27764893,-0.8347473,10.170654
1588395579445,-1.4998932,-0.068603516,9.22673
1588395579465,-1.890152,0.20852661,8.919678
1588395579487,-2.0457764,-0.21105957,10.215546
1588395579506,-2.1463165,-0.28349304,10.554321
1588395579525,-1.4160919,-0.021331787,10.158066
1588395579545,-1.4921112,-0.8221741,9.808517
1588395579565,-1.9703522,-1.3165894,10.286774
1588395579586,-2.3312683,-1.6050873,11.531158
1588395579605,-2.8645782,-1.5021362,12.998795
1588395579625,-2.1433258,-2.007904,12.260788
1588395579645,-1.7806091,-2.331131,10.982269
1588395579664,-2.029007,-1.6098785,10.21434
1588395579687,-1.7907867,-1.1232605,11.738846
1588395579705,-2.2917633,-1.6481934,11.343216
1588395579850,-3.0429535,-0.38822937,10.280777
1588395579934,-3.2368927,-0.4468994,9.703171
1588395579935,-2.6365356,-1.9863586,10.678818
1588395579936,-2.8921204,-1.5673828,10.597412
1588395579937,-2.9364014,-2.287445,11.24025
1588395579938,-4.0239716,-1.3261719,11.221695
1588395579938,-5.1031647,-0.8604889,11.126526
1588395579939,-4.5973816,-1.5278778,10.296341
1588395579940,-3.1722412,-2.2503357,9.272812
1588395579941,-1.0336151,-3.505478,8.606033
1588395579942,-0.37820435,-4.3260956,9.038193
1588395579946,-0.5176544,-3.7053986,10.161667
1588395579964,-1.1844482,-2.7872162,11.066071
1588395579985,-1.456192,-2.60466,10.365173
1588395580005,-1.0599518,-2.8794098,9.864777
1588395580025,-1.8907471,-1.5410461,10.187408
1588395580044,-2.4533844,-0.9879761,9.063934
1588395580068,-1.4328461,-1.3596802,8.481537
1588395580086,-1.44841,-0.8455353,8.810135
1588395580106,-2.170868,-0.8856354,9.631348
1588395580126,-1.621994,-1.9037628,10.092834
1588395580144,-0.48054504,-2.6202393,10.535156
1588395580163,-0.49850464,-2.4400635,10.8715515
1588395580185,-0.09329224,-2.769867,10.604599
1588395580205,0.1210022,-2.785431,10.582443
1588395580225,-0.013076782,-2.6645203,9.174057
1588395580244,1.0990295,-3.2696533,8.02005
1588395580265,1.4186554,-3.3791962,8.427658
1588395580285,2.6534576,-4.6660767,8.064346
1588395580308,3.425583,-6.185791,10.961334
1588395580325,1.3719635,-2.8931732,9.338654
1588395580344,-4.444763,1.3385925,10.070679
1588395580365,-4.9056396,1.668396,10.109589
1588395580384,2.409256,-3.1427612,8.012878
1588395580409,1.0571289,-2.0994873,11.370743
1588395580424,2.6564484,-3.4133148,8.784393
1588395580444,1.3031311,-3.2516937,6.924713
1588395580464,0.29516602,-1.9725952,10.206558
1588395580485,-1.2018127,-1.7200165,10.335846
1588395580504,0.5292053,-1.6667328,9.02681
1588395580525,0.16468811,-0.3894348,8.351044
1588395580544,0.79974365,-0.33555603,7.7369385
1588395580564,3.2735596,-1.8648529,10.132935
1588395580584,2.3805237,-1.821167,11.421616
1588395580604,1.6012115,-1.857666,9.352432
1588395580625,1.1504974,-2.2389526,10.723709
1588395580643,0.9308319,-2.8159637,8.719162
1588395580663,2.8581543,-5.7967377,9.65889
1588395580683,2.8827057,-6.457535,10.510025
1588395580704,-0.060958862,-2.9889374,9.684021
1588395580724,0.07789612,-2.9500275,8.445618
1588395580744,0.88653564,-3.995697,8.308548
1588395580764,1.6239624,-2.9781647,9.306335
1588395580785,2.1081696,-2.6004791,10.026993
1588395580804,2.3667603,-2.9350739,10.267609
1588395580870,1.5114288,-2.7363434,9.1094055
1588395580871,1.4300232,-2.833313,9.345245
1588395580872,1.9956512,-3.4665833,9.485901
1588395580887,2.291336,-3.2223663,9.12738
1588395580906,3.3070831,-3.2852173,11.915421
1588395580925,5.540268,-3.6814575,12.503799
1588395580944,4.920166,-4.0447845,4.943512
1588395580964,1.7460632,-2.2628937,5.382843
1588395581054,0.3388672,-0.9760132,7.7489166
1588395581055,3.1472626,-2.8201447,8.434845
1588395581055,5.124878,-3.0835114,9.059738
1588395581055,6.4632263,-3.8825684,8.88855
1588395581063,6.5554047,-3.3019867,8.586884
1588395581083,6.9612274,-2.9733734,8.134979
1588395581103,4.145645,-1.7409515,7.905731
1588395581123,3.6793823,-3.0613556,8.339081
1588395581143,3.014389,-3.3474731,7.5759277
1588395581162,3.4465332,-4.126175,7.2712708
1588395581182,3.659027,-3.4809418,7.936859
1588395581205,3.837387,-2.533432,8.224152
1588395581223,4.5616302,-4.442215,6.8989716
1588395581242,4.133667,-3.766449,7.9990997
1588395581262,3.6913452,-3.765854,8.455795
1588395581347,3.8852692,-3.180481,8.072723
1588395581347,4.6771545,-3.445633,8.228958
1588395581348,3.9924164,-3.0296326,8.308548
1588395581348,4.12529,-2.7255707,8.232544
1588395581366,2.3356323,-2.5537872,7.842285
1588395581512,0.978714,-1.0562134,7.1210327
1588395581513,-1.1850586,2.4944,6.8026123
1588395581514,4.6364594,-6.2031555,6.931885
1588395581514,7.314377,-8.436935,10.617172
1588395581515,6.9767914,-7.364929,9.509842
1588395581516,4.3772736,-5.3598022,9.175247
1588395581516,3.580017,-5.158081,8.325912
1588395581525,2.8420105,-5.8907166,7.8015747
1588395581541,1.2372894,-2.880005,7.8566437
1588395581561,1.1905975,-2.608261,7.6806793
1588395581582,2.5235748,-4.54097,7.450241
1588395581604,5.6252594,-7.1919556,8.153534
1588395581623,5.0057526,-7.786316,9.7408905
1588395581641,4.512558,-5.0323944,8.370209
1588395581661,2.646881,-4.8576202,8.043396
1588395581681,2.6762085,-5.8039246,7.3460846
1588395581704,3.4231873,-6.3216705,8.325317
1588395581721,3.9906158,-6.3067017,8.051773
1588395581742,3.3753052,-5.6698456,7.5837097
1588395581761,2.9228058,-5.2712097,7.2586975
1588395581781,2.947342,-5.58844,7.6387787
1588395581805,2.5912018,-4.4948883,8.617416
1588395581823,2.6923676,-5.419647,7.8476715
1588395581842,2.6175385,-5.340042,8.198425
1588395581862,3.3388062,-5.119171,7.2706604
1588395581881,1.449173,-6.300125,7.6142426
1588395581904,3.2220764,-5.7799835,7.4795685
1588395581922,2.2883453,-5.8990936,7.518463
1588395581944,4.547867,-6.644882,9.855804
1588395581961,4.508957,-6.185196,8.656906
1588395581981,0.71894836,-4.647522,8.850845
1588395582004,-0.37101746,-4.5182343,8.783798
1588395582021,-0.8145447,-5.375351,6.0807495
1588395582041,0.6309509,-4.900711,5.2786865
1588395582061,0.78897095,-5.2586365,6.125046
1588395582081,3.2927094,-5.943985,5.6904907
1588395582100,2.1746216,-5.5752716,9.071106
1588395582122,1.3156891,-6.1965637,7.747711
1588395582141,0.9092865,-6.1828003,10.554321
1588395582160,0.8949127,-7.217697,9.035202
1588395582180,-0.78881836,-3.7329407,7.797989
1588395582201,3.666214,-5.6417084,10.551331
1588395582221,0.51542664,-4.9934845,8.4761505
1588395582243,0.6094055,-5.761429,8.087692
1588395582261,1.3204803,-5.1155853,8.263062
1588395582280,2.4128418,-4.7768097,8.036804
1588395582300,2.6133575,-5.0485535,7.60347
1588395582322,2.3362274,-4.6666718,8.589874
1588395582344,3.4585114,-4.596039,8.981323
1588395582360,4.443115,-4.97612,6.066986
1588395582380,4.63945,-4.2267456,6.5194855
1588395582400,2.440979,-1.9899597,8.8694
1588395582421,2.3637543,-3.53302,9.912079
1588395582442,4.2456055,-5.3412323,8.345062
1588395582461,4.319229,-4.7253265,6.7637024
1588395582480,4.4760437,-4.0920715,7.581909
1588395582499,3.6368713,-3.5683289,8.540192
1588395582522,3.843979,-3.8813782,8.3498535
1588395582540,4.8076477,-4.156708,9.2039795
1588395582559,4.274338,-4.358429,7.691452
1588395582579,4.2222595,-4.06752,7.006119
1588395582600,5.3846436,-3.7945862,7.7369385
1588395582619,4.456894,-3.7550812,7.435272
1588395582639,4.547867,-3.9214783,7.125824
1588395582660,4.7244415,-4.3650055,7.6070557
1588395582679,4.9141846,-4.02623,7.273056
1588395582700,5.9694366,-2.9392548,7.789612
1588395582722,5.6420135,-3.2906036,8.331299
1588395582740,4.7436066,-4.617584,7.552582
1588395582759,4.9931946,-4.0094604,7.6699066
1588395582780,5.3457336,-3.7419128,8.45639
1588395582799,4.761551,-4.3183136,8.02066
1588395582821,4.4999847,-4.9384155,5.749756
1588395582840,6.390213,-3.9945068,6.6942596
1588395582860,5.437912,-2.662735,7.1162415
1588395582879,5.6809235,-3.5264282,7.38739
1588395582899,4.5969543,-4.06633,7.9739685
1588395582922,5.284088,-3.2014313,7.1437836
1588395582941,5.768921,-3.3456726,6.798416
1588395582961,5.1913147,-2.856659,7.5867004
1588395582978,5.3140106,-3.3887634,7.350876
1588395582998,5.066208,-1.828949,7.224579
1588395583021,5.284683,-4.0262146,7.9512177
1588395583039,5.8556976,-6.130127,7.724365
1588395583058,5.8946075,-4.6289673,7.1551514
1588395583078,5.72641,-3.4923096,7.553192
1588395583098,5.4283447,-3.1984253,7.200638
1588395583121,4.7956696,-3.3384857,7.252716
1588395583139,4.956085,-3.7006073,7.9727783
1588395583159,6.4362946,-5.7045593,7.596878
1588395583178,6.4476624,-5.45018,6.6547546
1588395583198,5.2152557,-4.6217804,7.850067
1588395583221,4.228241,-2.68367,8.604843
1588395583239,5.876053,-3.2373352,8.447418
1588395583258,5.987381,-4.393738,7.975754
1588395583278,5.9173584,-4.6493225,7.8512573
1588395583298,5.7521515,-3.6389618,8.151733
1588395583319,5.2882843,-3.5228424,7.101883
1588395583339,3.1807861,-2.473587,3.781128
1588395583358,2.1817932,0.8633423,2.6863708
1588395583377,11.098999,-2.9350586,3.5339203
1588395583398,0.8296814,-2.1126556,1.5036316
1588395583420,6.090332,-7.751602,8.880768
1588395583439,7.061783,-8.444122,4.6974945
1588395583458,5.946686,-6.094208,1.8657684
1588395583477,4.735214,-6.431793,6.8995667
1588395583497,4.9626617,-8.172989,8.806549
1588395583520,6.047241,-6.8878937,5.2984467
1588395583538,5.27211,-6.553299,4.3694916
1588395583581,5.754547,-7.806076,6.2303925
1588395583582,5.4193573,-7.379898,5.8664703
1588395583598,5.0524445,-6.9537354,5.0063477
1588395583624,5.026718,-6.3462067,5.4564667
1588395583639,5.1380463,-6.106781,5.257141
1588395583658,5.224823,-7.0255585,5.2751007
1588395583676,5.351715,-7.909622,5.3170013
1588395583697,5.5187225,-6.4359894,5.4678345
1588395583717,5.4067993,-6.042145,5.176941
1588395583740,5.105118,-6.0445404,5.149399
1588395583759,4.9465027,-5.979889,5.360092
1588395583776,4.9333344,-6.0690765,5.552826
1588395583798,5.157196,-6.1516724,5.3211975
1588395583817,5.3858337,-6.4677124,5.4247437
1588395583840,5.5342865,-6.770584,5.4875793
1588395583861,5.3511353,-6.8148804,5.6132812
1588395583877,5.2900696,-6.980667,5.568985
1588395583897,4.8824615,-6.4802856,5.581558
1588395583919,4.750778,-6.268387,5.4558563
1588395583938,4.669983,-6.1959686,5.3576965
1588395583957,4.753769,-6.2618103,5.715042
1588395583977,4.808243,-6.9064484,5.505539
1588395583996,4.9776306,-7.375107,5.762314
1588395584016,5.153595,-7.0686646,5.8012238
1588395584217,4.979431,-6.8477936,5.814392
1588395584218,4.766342,-6.6754,5.885025
1588395584219,4.7513733,-6.7526245,5.928711
1588395584219,5.0362854,-7.0919952,5.7838745
1588395584220,4.5335083,-6.374939,5.889221
1588395584220,4.137863,-6.075653,5.6581726
1588395584221,4.4826355,-5.975113,5.917343
1588395584221,4.880661,-6.447357,5.4444885
1588395584224,4.9548798,-7.0453186,5.7677155
1588395584224,4.7447968,-6.71611,5.9448853
1588395584237,4.393448,-5.963135,5.6372223
1588395584257,4.3880615,-6.073868,5.801819
1588395584276,4.559845,-6.2851562,5.496567
1588395584296,4.5341034,-6.619751,5.597122
1588395584316,4.6047363,-6.557495,5.58815
1588395584336,4.592758,-6.399475,5.8742523
1588395584357,4.710083,-6.343811,5.7677155
1588395584376,4.7046814,-6.3306427,5.691086
1588395584397,4.5706177,-6.350998,5.78566
1588395584415,4.726242,-6.26062,5.9233246
1588395584440,4.8028564,-6.3809204,5.6270447
1588395584455,4.725647,-6.5622864,5.671341
1588395584475,4.7561646,-6.6215363,5.822174
1588395584495,4.627472,-6.4958496,5.872452
1588395584856,4.5155487,-6.3964844,5.864685
1588395584857,4.5466766,-6.434189,5.773102
1588395584857,4.536499,-6.452759,5.6252594
1588395584857,4.299469,-6.192383,5.896988
1588395584858,4.99559,-6.65506,5.907776
1588395584858,4.833374,-6.639496,5.9107666
1588395584859,4.564026,-6.583832,5.738983
1588395584859,4.587982,-6.434189,5.8191833
1588395584859,4.675354,-6.3300476,5.9538574
1588395584860,4.7956696,-6.303116,5.9502716
1588395584860,4.745392,-6.288147,5.773697
1588395584861,4.4987793,-6.316284,5.7048645
1588395584861,4.4706573,-6.2426605,5.7958374
1588395584861,4.1630096,-5.3615875,5.7718964
1588395584862,4.346756,-5.37117,5.1248627
1588395584862,4.942322,-5.564499,6.1202545
1588395584863,4.741806,-5.3334503,5.988571
1588395584863,4.5191345,-5.945175,5.8664703
1588395584875,4.496994,-6.288742,6.251938
1588395584895,4.623291,-6.265396,5.952057
1588395584914,5.01593,-6.422226,5.118271
1588395584937,4.85553,-6.609558,6.5422363
1588395584955,4.559845,-6.5203857,6.0603943
1588395584976,4.1552277,-6.940567,5.746155
1588395584997,4.010971,-6.4982452,5.287674
1588395585014,3.6207123,-6.363556,5.0332947
1588395585038,3.9966125,-7.173996,5.542053
1588395585334,3.4243927,-7.0183716,8.031418
1588395585335,3.4740753,-7.05011,8.218765
1588395585336,3.4321747,-6.79393,6.6266327
1588395585337,2.9694977,-6.5556946,5.8084106
1588395585338,2.690567,-6.6376953,6.1627502
1588395585339,2.8372192,-6.0523224,6.208847
1588395585340,2.967102,-6.613159,6.57576
1588395585341,2.7899323,-6.810684,7.8674164
1588395585342,2.9778748,-7.1530457,6.6032867
1588395585342,2.6325073,-6.2073364,6.248947
1588395585343,2.3290405,-6.418625,6.3656616
1588395585344,2.6857758,-6.3222656,7.0994873
1588395585345,2.6247253,-7.8952637,7.2581024
1588395585347,1.5311737,-7.141678,7.058182
1588395585348,1.2480621,-7.2859344,6.1052856
1588395585357,0.8901367,-6.944153,6.138214
1588395585374,1.0714874,-6.2827606,7.2826385
1588395585395,0.85780334,-7.758194,6.782257
1588395585414,0.60043335,-7.695938,6.5278625
1588395585437,0.3675995,-8.313644,6.002945
1588395585455,0.5812683,-9.256958,6.738556
1588395585477,0.40530396,-9.210861,7.2030334
1588395585493,1.5024414,-8.547073,6.4644165
1588395585902,0.49449158,-8.17836,7.7536926
1588395585902,-1.7225494,-8.026337,7.2311707
1588395585903,-2.4102783,-9.082779,5.375656
1588395585903,-2.59404,-7.4481354,6.204056
1588395585903,-1.771637,-5.893097,5.422348
1588395585904,-1.5567474,-6.560486,5.807205
1588395585904,-0.7157898,-8.144257,5.9927673
1588395585905,0.0036773682,-8.802063,6.4123535
1588395585905,-0.788208,-7.730652,6.727783
1588395585905,-2.7161407,-5.0287933,6.078949
1588395585906,-2.3474426,-5.703964,4.7561493
1588395585906,-1.3269043,-6.989044,4.8315735
1588395585906,-1.582489,-6.055313,4.6573944
1588395585906,-1.2233582,-5.82547,4.8668976
1588395585907,-1.6315613,-6.218109,5.9748077
1588395585907,-1.7566681,-9.864487,8.241516
1588395585907,0.3310852,-12.858429,6.0376587
1588395585907,1.2378845,-13.149338,7.1395874
1588395585908,-1.2730408,-10.039261,6.95224
1588395585908,-2.47612,-7.2344513,4.572998
1588395585914,-1.6561127,-7.7031097,4.691513
1588395585932,-0.24412537,-8.207092,6.251343
1588395585952,-0.95521545,-7.3966675,5.88443
1588395585973,-1.2772369,-7.209915,5.3170013
1588395585992,-1.3352814,-4.312332,4.65979
1588395586012,-1.0372162,-5.21196,4.6609955
1588395586032,-1.5364075,-7.949127,5.7246094
1588395586056,-0.74990845,-8.189148,5.6964874
1588395586074,-0.095687866,-10.204468,5.917343
1588395586092,1.0637054,-11.578125,5.0566254
1588395586111,0.6016388,-11.845688,5.6725464
1588395586132,-0.701416,-10.03627,5.9029846
1588395586153,-1.4160919,-9.635239,5.542053
1588395586172,-1.3520508,-9.057648,5.425934
1588395586191,-1.1976318,-8.1167145,5.399597
1588395586211,-1.1545258,-6.781357,4.4808197
1588395586231,-0.867218,-7.2542114,4.569412
1588395586253,-1.2808228,-7.5786133,5.415161
1588395586272,-1.0007019,-8.441132,5.146408
1588395586291,-0.6206207,-8.59436,5.4049835
1588395586311,-0.33869934,-8.486023,5.4163666
1588395586332,-0.57572937,-8.580002,5.359497
1588395586352,-0.85224915,-7.9431305,5.15419
1588395586371,-0.98454285,-8.418396,5.020111
1588395586391,-0.8420868,-8.749985,5.1877136
1588395586411,-1.0545654,-5.7811737,4.4006195
1588395586431,0.86738586,-6.6466827,4.89682
1588395586452,-0.6840668,-7.572632,5.9897766
1588395586501,-1.8171234,-8.429153,4.4167786
1588395586502,-1.511261,-9.493988,4.485611
1588395586511,-1.2957764,-10.038666,5.247574
1588395586530,-2.2157593,-10.222412,4.9273376
1588395586553,-1.9260559,-9.209671,4.7100677
1588395586571,-2.4264526,-8.852936,4.4197693
1588395586590,-2.7652283,-9.513138,4.877655
1588395586611,-2.4928894,-9.810013,5.1589813
1588395586631,-1.9577789,-9.609497,4.0803986
1588395586653,-2.1193848,-10.457642,4.9656525
1588395586671,-0.9899292,-10.062607,4.61969
1588395586691,-1.3155365,-8.469269,5.426544
1588395586710,-1.7051849,-6.110977,5.150009
1588395586730,-1.701004,-6.35878,2.7360535
1588395586752,-1.8446503,-7.90065,5.381653
1588395586770,-1.1539307,-8.964264,6.006531
1588395586790,-1.4023285,-9.014542,5.0835724
1588395586810,-1.6315765,-8.626083,5.1631775
1588395586830,-1.3119507,-7.545105,4.766342
1588395586852,-0.9833374,-7.944336,4.9141846
1588395586871,-1.1724854,-8.432159,5.0249023
1588395586894,-1.2802277,-7.7527924,5.1170807
1588395586912,-0.9522095,-6.596405,5.098526
1588395586930,-0.9007416,-7.8635254,4.9297333
1588395586950,-0.969574,-8.659607,5.086563
1588395586971,-0.53622437,-7.8916626,5.2769012
1588395586990,-1.0587616,-8.089188,5.330765
1588395587010,-1.4687653,-8.696106,4.4640656
1588395587064,-0.9863434,-7.402649,4.863907
1588395587065,-0.62779236,-10.185318,5.137436
1588395587073,0.12458801,-10.673721,5.2948456
1588395587091,-0.6253967,-9.605911,5.5624084
1588395587112,-1.1880493,-8.857727,4.6376495
1588395587130,-0.756485,-9.085175,4.83696
1588395587152,-0.7648773,-9.210861,4.833374
1588395587171,-0.8205414,-9.461655,5.142227
1588395587567,-0.5535736,-9.694504,5.6893005
1588395587569,-0.672699,-9.381454,5.3690796
1588395587570,-1.1180115,-8.839172,4.549057
1588395587571,-1.5765076,-8.349548,5.0117493
1588395587572,-1.0665436,-7.2141113,5.0680084
1588395587573,-0.412323,-7.700119,5.1410217
1588395587573,-0.50749207,-8.066437,4.781296
1588395587574,-0.9318695,-7.569046,4.461075
1588395587575,-1.0042877,-7.252411,5.585144
1588395587577,-0.74331665,-8.725449,5.1110992
1588395587578,-2.0619354,-8.869095,5.094345
1588395587579,-1.8566284,-8.479431,4.7124634
1588395587580,-1.8919373,-8.184952,4.781891
1588395587581,-1.8123322,-8.490219,5.129059
1588395587581,-1.5334167,-8.905014,4.9907837
1588395587582,-1.684845,-8.866699,4.690323
1588395587583,-1.9314423,-8.7846985,4.786682
1588395587584,-2.3414612,-8.35434,5.1511993
1588395587584,-1.6399536,-7.8443756,4.8597107
1588395587586,-1.4759521,-8.049088,4.7645416
1588395587591,-1.811142,-8.527924,4.9782257
1588395587610,-2.0284119,-8.922363,5.3660736
1588395587629,-2.140335,-8.63446,5.1883087
1588395587651,-2.2097778,-8.627884,4.7639465
1588395587670,-1.9685516,-8.787689,5.1326447
1588395587694,-2.182846,-8.309448,5.066208
1588395587710,-1.795578,-8.644638,5.1356354
1588395587730,-3.0830536,-8.050888,4.6232758
1588395587750,-3.7468414,-7.8354034,4.694504
1588395587770,-3.4745178,-7.9138184,5.2313995
1588395587793,-2.925644,-8.223267,5.303238
1588395587810,-1.3071594,-8.7374115,4.20549
1588395587830,0.12637329,-8.793671,3.9074097
1588395587851,-1.7812042,-8.990601,4.6220856
1588395587871,-3.3350525,-8.362717,4.8202057
1588395587891,-2.562317,-7.692337,4.3341827
1588395587910,-2.139145,-8.326813,4.0803986
1588395587930,-2.4880981,-8.9032135,4.517334
1588395587951,-2.697586,-8.616516,5.0536346
1588395587970,-2.155304,-8.589569,4.960266
1588395587990,-1.9152832,-8.5985565,4.695114
1588395588010,-1.6752625,-8.69371,4.6705627
1588395588029,-1.4627838,-8.664993,4.4125824
1588395588049,-1.1443481,-8.92955,4.5388794
1588395588070,-1.7602539,-8.900818,4.683136
1588395588089,-1.6567078,-8.708084,4.268936
1588395588110,-1.96138,-8.569214,4.102539
1588395588130,-3.2087555,-8.477646,4.517334
1588395588150,-3.9898682,-8.237625,4.3730927
1588395588170,-1.5771027,-9.262344,4.101349
1588395588191,-1.3119507,-8.984024,4.161804
1588395588210,-1.7506866,-8.77153,3.7458038
1588395588229,-2.0349884,-8.960678,4.6615906
1588395588249,-1.7195587,-8.893036,4.8124237
1588395588270,-1.392746,-8.837967,4.457489
1588395588293,-1.3131409,-8.857727,4.3329773
1588395588308,-1.5130615,-8.813431,4.3222046
1588395588328,-1.7195587,-8.582993,4.127075
1588395588348,-1.9984894,-8.549469,3.9499207
1588395588369,-2.2594452,-8.733231,4.196518
1588395588388,-2.1702576,-8.872086,4.450897
1588395588408,-2.0182343,-8.875076,4.378479
1588395588428,-1.9799194,-8.879272,4.275528
1588395588448,-2.0433807,-8.978622,4.3329926
1588395588471,-2.064331,-8.969055,4.3766785
1588395588489,-2.0158386,-8.949905,4.30365
1588395588508,-1.9709473,-8.823608,4.239609
1588395588528,-1.8931427,-8.8954315,4.2940826
1588395588547,-2.0038757,-8.955887,4.316223
1588395588569,-2.1571045,-8.744598,4.085785
1588395588588,-2.1361542,-8.51535,3.9038239
1588395588608,-2.1301575,-8.658997,4.070816
1588395588627,-2.091858,-8.942123,4.3287964
1588395588647,-2.0625305,-9.071411,4.458084
1588395588667,-1.9691467,-8.916977,4.4670563
1588395588689,-1.732727,-8.704498,4.3491516
1588395588709,-1.6962128,-8.609924,4.1390533
1588395588727,-1.748291,-8.718262,4.2587585
1588395588747,-1.6369629,-8.884064,4.3623047
1588395588767,-1.6525116,-8.885254,4.2976685
1588395588788,-1.6962128,-8.840363,4.156418
1588395588807,-1.6716766,-8.848145,4.119293
1588395588827,-1.6555176,-9.0217285,4.1905365
1588395588847,-1.7411041,-9.090561,4.248596
1588395588867,-1.7848053,-9.038483,4.1827393
1588395588889,-1.693222,-9.020523,4.0732117
1588395588907,-1.681839,-8.927155,3.9367523
1588395588927,-1.6734619,-8.930145,3.8852692
1588395588946,-1.6213989,-8.891235,3.939743
1588395588968,-1.5854797,-8.843353,3.8559418
1588395588991,-1.6076355,-9.001373,3.9738464
1588395589007,-1.7189636,-9.14682,4.149826
1588395589027,-1.6842499,-9.050461,4.177353
1588395589046,-1.5280304,-8.958878,4.0414886
1588395589067,-1.4945068,-8.996582,4.0055695
1588395589088,-1.6094208,-9.032501,4.0049744
1588395589107,-1.7644501,-8.905609,3.8936462
1588395589126,-1.8608093,-8.81163,3.8714905
1588395589146,-1.8386688,-8.866699,3.8984375
1588395589166,-1.8207092,-8.996597,3.959488
1588395589187,-1.7973785,-9.118698,4.0893707
1588395589206,-1.7698364,-9.097748,4.133072
1588395589226,-1.7895813,-8.952286,4.00737
1588395589246,-1.8051453,-8.888855,3.896637
1588395589266,-1.8679962,-8.9427185,3.9415283
1588395589289,-1.934433,-9.059433,4.070221
1588395589306,-1.8356781,-8.964264,4.142639
1588395589326,-1.8123322,-8.884064,4.0498657
1588395589346,-1.8446503,-8.840958,3.9151917
1588395589366,-1.8237,-9.025314,4.062439
1588395589387,-1.8015594,-9.112701,4.1953125
1588395589407,-1.729126,-8.913986,4.10553
1588395589426,-1.641159,-8.715866,3.9151917
1588395589446,-1.6920319,-8.846954,3.9313507
1588395589466,-1.7141724,-9.001373,4.1402435
1588395589487,-1.6866455,-9.071411,4.2743225
1588395589507,-1.6381531,-8.970245,4.177368
1588395589527,-1.6285706,-8.932541,4.0803986
1588395589546,-1.6154022,-8.924164,4.0959473
1588395589566,-1.5800934,-8.897827,4.134857
1588395589587,-1.5753021,-8.921768,4.0792084
1588395589606,-1.6112213,-8.954697,4.078003
1588395589625,-1.6237946,-8.988815,4.0169525
1588395589645,-1.6555176,-9.018738,4.085785
1588395589666,-1.6543121,-8.960678,4.097748
1588395589688,-1.6800537,-8.918182,3.9888153
1588395589706,-1.7650452,-8.912796,3.8936462
1588395589725,-1.7453003,-8.973236,3.92836
1588395589745,-1.753067,-8.964264,3.995407
1588395589765,-1.8249054,-8.916977,3.9708557
1588395589791,-1.7991638,-8.949905,4.06723
1588395589806,-1.72435,-8.933731,4.04628
1588395589825,-1.661499,-8.881668,3.9271698
1588395589845,-1.5950623,-8.885254,3.8960419
1588395589864,-1.6112213,-8.980423,4.0181427
1588395589888,-1.7075806,-9.084564,4.08638
1588395589906,-1.7416992,-9.066025,4.0803986
1588395589924,-1.72435,-9.0295105,4.090576
1588395589944,-1.7183685,-8.959473,4.043289
1588395589964,-1.6836395,-8.899628,3.9648743
1588395589986,-1.7045898,-8.932541,3.9427338
1588395590005,-1.732132,-8.997192,3.9828339
1588395590024,-1.7949829,-9.034897,4.0097656
1588395590044,-1.7770233,-8.999588,4.069031
1588395590064,-1.7458954,-8.982819,4.034317
1588395590085,-1.7333221,-8.923569,3.9582977
1588395590176,-1.6944122,-8.881058,3.9235687
1588395590195,-1.6441345,-8.976837,3.9618835
1588395590214,-1.6704712,-8.97084,3.9331512
1588395590234,-1.6656799,-8.97084,3.897232
1588395590256,-1.6585083,-9.00795,3.9750519
1588395590277,-1.6800537,-9.023514,4.0133514
1588395590294,-1.7351227,-8.991196,3.9163818
1588395590314,-1.8105316,-8.9505005,3.825409
1588395590334,-1.8703918,-9.033096,3.9140015
1588395590356,-1.9134827,-9.060623,3.9858246
1588395590374,-1.8979187,-8.9505005,3.8780823
1588395590394,-1.8141327,-8.894226,3.778717
1588395590413,-1.7279358,-8.985214,3.9008331
1588395590433,-1.7411041,-9.042679,4.0361023
1588395590458,-1.8129272,-9.0342865,3.9894104
1588395590473,-1.8416595,-9.010345,3.888855
1588395590493,-1.8620148,-8.974442,3.8313904
1588395590513,-1.8907471,-8.954086,3.8289948
1588395590533,-1.9194641,-9.004364,3.833786
1588395590554,-1.9134827,-9.037888,3.881668
1588395590573,-1.8895416,-9.045059,3.8756866
1588395590593,-1.8572235,-9.021118,3.8864594
1588395590613,-1.8955231,-9.037888,3.842163
1588395590634,-1.8943329,-8.993591,3.8158264
1588395590655,-1.8679962,-8.9888,3.8122406
1588395590673,-1.911087,-9.00795,3.7655487
1588395590693,-1.9122925,-8.975632,3.7763214
1588395590713,-1.8955231,-9.023514,3.8110504
1588395590732,-1.9086914,-9.088165,3.8613281
1588395590756,-1.8979187,-9.065414,3.8134308
1588395590773,-1.8811646,-9.030701,3.7559814
1588395590792,-1.8679962,-9.060623,3.8565369
1588395590812,-1.8428497,-9.0690155,3.8697052
1588395590832,-1.8392639,-9.028305,3.7452087
1588395590853,-1.8751831,-9.064224,3.7440033
1588395590872,-1.9170685,-9.198288,3.840973
1588395590892,-1.8763733,-9.240189,3.9403381
1588395590911,-1.7889862,-9.082169,3.991806
1588395590932,-1.8057404,-8.914581,3.8876648
1588395590956,-1.832077,-8.843948,3.7930908
1588395590973,-1.7626495,-8.809235,3.8134308
1588395590994,-1.7398987,-8.784103,3.825409
1588395591011,-1.7662354,-8.875076,3.8529358
1588395591032,-1.8392639,-8.991196,3.8074493
1588395591056,-1.8524323,-9.010345,3.7763214
1588395591073,-1.832077,-9.00676,3.8349915
1588395591091,-1.8249054,-9.053452,3.9151917
1588395591111,-1.8572235,-9.074997,3.919983
1588395591131,-1.8931274,-9.097733,3.864914
1588395591156,-1.8763733,-9.103729,3.9008331
1588395591172,-1.8057404,-9.107315,4.050461
1588395591192,-1.6632843,-9.097733,4.0576477
1588395591210,-1.4729462,-9.118088,3.976242
1588395591230,-1.4107056,-8.956482,3.9295502
1588395591281,-1.4358368,-8.999573,4.10553
1588395591301,-1.4819336,-9.002579,4.0756073
1588395591323,-1.5567474,-8.939133,3.9038239
1588395591345,-1.8284912,-8.830795,3.7511902
1588395591361,-1.9260559,-8.921768,3.6907349
1588395591381,-1.9679565,-9.094742,3.757782
1588395591402,-1.9679565,-9.194702,3.7775269
1588395591422,-1.8392639,-9.0612335,3.8589325
1588395591440,-1.6674805,-8.955292,3.9008331
1588395591461,-1.5633392,-8.925354,3.8822784
1588395591481,-1.5962524,-8.953491,3.7517853
1588395591500,-1.7357178,-8.970856,3.7272491
1588395591522,-1.7752228,-9.053452,3.8272095
1588395591541,-1.7135773,-9.079788,3.9421234
1588395591561,-1.6698761,-9.082184,3.9906158
1588395591581,-1.5878754,-9.055847,3.9744568
1588395591602,-1.5298157,-9.049866,3.8942413
1588395591621,-1.5381927,-9.027115,3.8338013
1588395591641,-1.5794983,-9.020523,3.8505554
1588395591661,-1.6243896,-9.024124,3.8870697
1588395591681,-1.5836945,-9.054642,3.936737
1588395591700,-1.5597382,-9.098938,3.9774475
1588395591722,-1.6046295,-9.092361,3.9409332
1588395591740,-1.6471405,-9.021118,3.8912506
1588395591760,-1.6471252,-8.984619,3.8218231
1588395591780,-1.6680756,-9.036087,3.8266144
1588395591891,-1.5771027,-8.932541,3.8313904
1588395591910,-1.5962524,-9.059433,3.818222
1588395591929,-1.5519562,-9.082169,3.8960419
1588395591950,-1.495697,-9.054642,3.9618835
1588395591971,-1.5016785,-9.033096,3.912796
1588395591992,-1.5555573,-9.016342,3.8397675
1588395592010,-1.5579529,-9.0295105,3.8936462
1588395592031,-1.5423889,-9.057037,3.9750519
1588395592051,-1.5435791,-9.094147,3.9642792
1588395592070,-1.5854797,-9.088165,3.9403381
1588395592091,-1.5854797,-8.973236,3.8397675
1588395592111,-1.5423889,-8.921768,3.8433685
1588395592130,-1.5531616,-9.010345,3.8996277
1588395592150,-1.5938568,-9.080978,3.9235687
1588395592171,-1.6285706,-9.104919,3.8780823
1588395592189,-1.6034393,-9.06781,3.8697052
1588395592211,-1.5699158,-9.012741,3.8625183
1588395592230,-1.56633,-9.0342865,3.9355469
1588395592251,-1.5758972,-9.037888,3.8948364
1588395592271,-1.5998383,-9.041473,3.8218231
1588395592293,-1.5986481,-9.0737915,3.8625183
1588395592310,-1.5292206,-9.074997,3.960678
1588395592329,-1.5016785,-9.022324,3.943924
1588395592349,-1.5543518,-9.000778,3.8325958
1588395592371,-1.5914612,-8.997177,3.7476044
1588395592397,-1.5771027,-9.003174,3.8397675
1588395592409,-1.5555573,-9.071396,3.9068146
1588395592430,-1.5567474,-9.082169,3.9056091
1588395592450,-1.5555573,-9.053452,3.8505554
1588395592470,-1.5938568,-9.082169,3.8302002
1588395592489,-1.6237793,-9.137238,3.8936462
1588395592510,-1.5986481,-9.112106,3.9056091
1588395592528,-1.5531616,-9.035492,3.8601227
1588395592548,-1.5399933,-9.000778,3.84935
1588395592567,-1.5531616,-9.016342,3.8457642
1588395592589,-1.5651245,-9.040283,3.8242188
1588395592607,-1.5627289,-9.058228,3.8218231
1588395592627,-1.5615387,-9.080978,3.8469543
1588395592647,-1.5771027,-9.0690155,3.8780823
1588395592667,-1.5627289,-9.047455,3.8433685
1588395592687,-1.5567474,-9.021118,3.809845
1588395592707,-1.5232239,-9.098938,3.8780823
1588395592728,-1.5471649,-9.107315,3.9104004
1588395592746,-1.5794983,-9.045059,3.8469543
1588395592766,-1.5962524,-8.967255,3.8038635
1588395592790,-1.5543518,-8.973236,3.8110504
1588395592811,-1.5196381,-9.040283,3.8637238
1588395592827,-1.5375977,-9.116898,3.9151917
1588395592849,-1.5280151,-9.103729,3.8684998
1588395592866,-1.5555573,-9.04985,3.825409
1588395592891,-1.5411835,-9.054642,3.8505554
1588395592909,-1.5363922,-9.036682,3.8505554
1588395592929,-1.5471649,-9.057037,3.8517456
1588395592946,-1.5375977,-9.070206,3.8792725
1588395592966,-1.5363922,-9.06662,3.8840637
1588395592989,-1.550766,-9.080978,3.9092102
1588395593007,-1.5639343,-9.114502,3.9140015
1588395593026,-1.5782928,-9.090561,3.9235687
1588395593046,-1.5411835,-9.043869,3.9331512
1588395593066,-1.511261,-8.984009,3.9068146
1588395593087,-1.5483704,-8.980423,3.8601227
1588395593109,-1.5962524,-9.015137,3.84935
1588395593127,-1.610611,-9.060623,3.8924408
1588395593146,-1.5471649,-9.041473,3.9343414
1588395593166,-1.5399933,-9.018723,3.919983
1588395593189,-1.5447845,-9.019928,3.9151917
1588395593208,-1.5890656,-9.031891,3.8768768
1588395593225,-1.6130066,-9.015137,3.8756866
1588395593246,-1.6046295,-9.000778,3.9187775
1588395593266,-1.5627289,-9.003174,3.9187775
1588395593288,-1.5567474,-9.058228,3.9175873
1588395593308,-1.550766,-9.0737915,3.936737
1588395593330,-1.5088654,-9.072601,3.9738464
1588395593345,-1.5304108,-9.021118,3.979828
1588395593365,-1.5495605,-8.98761,3.9463196
1588395593388,-1.5723114,-9.071396,3.904419
1588395593408,-1.5842743,-9.04866,3.8756866
1588395593425,-1.5004883,-8.9505005,3.8721008
1588395593447,-1.4537964,-9.036682,3.991806
1588395593465,-1.5016785,-9.074997,3.9774475
1588395593485,-1.5794983,-9.004364,3.8601227
1588395593506,-1.64534,-9.154007,3.8397675
1588395593526,-1.6980133,-9.300049,3.9942017
1588395593545,-1.6465302,-9.200684,4.0851746
1588395593565,-1.5627289,-8.972046,3.9187775
1588395593587,-1.5411835,-8.852325,3.7571716
1588395593607,-1.4968872,-8.903809,3.794281
1588395593626,-1.5363922,-8.912186,3.825409
1588395593644,-1.6273804,-8.906204,3.7751312
1588395593665,-1.6201935,-9.0737915,3.873291
1588395593684,-1.5699158,-9.125275,4.0612335
1588395593706,-1.5220337,-9.019928,4.0253296
1588395593724,-1.5567474,-8.88945,3.8517456
1588395593745,-1.5806885,-8.985214,3.8313904
1588395593763,-1.5938568,-9.122879,3.9534912
1588395593784,-1.6357574,-9.124069,3.998993
1588395593806,-1.6381531,-9.0690155,3.9714508
1588395593824,-1.5950623,-9.071396,3.9654694
1588395593845,-1.535202,-9.021118,3.9630737
1588395593864,-1.5555573,-8.877472,3.9008331
1588395593884,-1.5818939,-8.864304,3.84935
1588395593904,-1.5711212,-9.036682,3.919983
1588395593925,-1.5818939,-9.091751,4.0013885
1588395593944,-1.5950623,-9.053452,3.9582825
1588395593966,-1.5926666,-8.9947815,3.8960419
1588395593983,-1.5758972,-9.013947,3.8876648
1588395594005,-1.5986481,-9.04985,3.943924
1588395594025,-1.6357574,-9.010345,3.9259644
1588395594043,-1.614212,-9.015137,3.9056091
1588395594063,-1.5651245,-9.055847,3.9307556
1588395594083,-1.5603333,-9.001968,3.9151917
1588395594103,-1.5806885,-8.945709,3.9247742
1588395594123,-1.5723114,-8.974442,3.998993
1588395594143,-1.5830841,-9.017532,4.00737
1588395594163,-1.6381531,-9.004364,3.9582825
1588395594183,-1.6357574,-9.016342,3.936737
1588395594205,-1.5926666,-9.030701,3.9558868
1588395594224,-1.5806885,-9.052246,4.00737
1588395594245,-1.590271,-9.021118,3.9965973
1588395594262,-1.6094208,-8.981613,3.9475098
1588395594282,-1.6034393,-9.039078,3.9379425
1588395594305,-1.5794983,-9.078583,3.9953918
1588395594322,-1.5627289,-8.999573,4.00856
1588395594342,-1.5591431,-8.9086,3.9355469
1588395594361,-1.5758972,-8.914581,3.8864594
1588395594381,-1.5842743,-9.013947,3.9666595
1588395594401,-1.5890656,-9.042679,4.0181427
1588395594423,-1.5938568,-9.025909,4.0097656
1588395594445,-1.5830841,-9.003174,3.9570923
1588395594462,-1.5890656,-9.031891,3.9654694
1588395594481,-1.6118164,-9.06781,3.9929962
1588395594501,-1.6381531,-9.04866,4.000183
1588395594522,-1.6309662,-8.967255,3.943924
1588395594542,-1.6070251,-8.937332,3.9235687
1588395594561,-1.6620941,-8.995987,3.9187775
1588395594580,-1.6441345,-9.017532,3.979828
1588395594602,-1.5842743,-8.991196,4.0133514
1588395594622,-1.6022339,-8.981613,3.9379425
1588395594644,-1.6333618,-9.040283,3.921173
1588395594662,-1.6465302,-9.126465,3.9774475
1588395594682,-1.6369476,-9.06662,4.0013885
1588395594702,-1.5914612,-8.956482,3.960678
1588395594722,-1.5735016,-8.960068,3.9714508
1588395594742,-1.5962524,-9.065414,3.9618835
1588395594761,-1.6213989,-9.06662,3.8840637
1588395594781,-1.5567474,-8.974442,3.8876648
1588395594802,-1.3843689,-8.993591,4.0301056
1588395594822,-1.3209229,-8.975632,4.0492706
1588395594842,-1.3640137,-8.986404,4.00737
1588395594862,-1.3987274,-9.018723,3.9618835
1588395594881,-1.4071045,-9.054642,3.9630737
1588395594902,-1.4633789,-9.090561,3.9319458
1588395594922,-1.5052795,-9.063019,3.9690552
1588395594943,-1.4274597,-9.001968,3.943924
1588395594962,-1.4609833,-9.025909,3.8625183
1588395594984,-1.5818939,-9.053452,3.904419
1588395595002,-1.6525116,-8.991196,3.8948364
1588395595022,-1.5806885,-8.924164,3.8697052
1588395595042,-1.5615387,-8.914581,3.842163
1588395595061,-1.6345673,-9.00795,3.9068146
1588395595080,-1.6237793,-9.064224,4.0372925
1588395595100,-1.5878754,-9.04866,4.050461
1588395595124,-1.6776581,-9.043869,4.0444794
1588395595141,-1.6800537,-9.005554,4.122284
1588395595161,-1.5387878,-8.926559,4.110321
1588395595180,-1.5328064,-8.919373,4.000183
1588395595200,-1.5914612,-9.00676,3.9475098
1588395595220,-1.6130066,-9.063019,4.063629
1588395595244,-1.5076599,-9.021118,4.149826
1588395595260,-1.5100555,-8.958878,4.0839844
1588395595280,-1.5782928,-8.921768,4.0181427
1588395595300,-1.5806885,-8.940918,4.000183
1588395595322,-1.605835,-9.028305,3.9894104
1588395595341,-1.6070251,-9.080978,4.054062
1588395595360,-1.5878754,-9.0342865,4.0420837
1588395595380,-1.5699158,-8.956482,3.960678
1588395595401,-1.605835,-8.975632,3.952301
1588395595421,-1.5938568,-9.058228,4.015747
1588395595441,-1.5794983,-9.04866,3.9977875
1588395595460,-1.5866699,-8.9505005,3.912796
1588395595480,-1.5471649,-8.938522,3.9008331
1588395595501,-1.5016785,-8.9900055,3.8996277
1588395595522,-1.4921112,-9.028305,3.9738464
1588395595540,-1.5052795,-9.0690155,4.031311
1588395595560,-1.5411835,-9.143234,4.1558075
1588395595581,-1.5567474,-9.20668,4.2743225
1588395595601,-1.3951416,-9.08577,4.2444
1588395595661,-1.017456,-8.892441,3.8325958
1588395595680,-1.238327,-8.622498,3.2711487
1588395595699,-1.8201141,-8.807449,3.434555
1588395595723,-1.7111816,-9.352127,3.9385376
1588395595744,-1.4268646,-9.429932,4.2001038
1588395595758,-1.4136963,-9.135452,4.022339
1588395595779,-1.4454193,-8.8302,3.7721405
1588395595798,-1.5866699,-8.873886,3.7170715
1588395595822,-1.5322113,-9.0612335,3.881073
1588395595840,-1.4771423,-9.249771,4.0516663
1588395595858,-1.5082703,-9.124069,4.046875
1588395595878,-1.3975372,-8.920563,3.8978424
1588395595898,-1.4442291,-9.04567,3.8900604
1588395595920,-1.5423889,-9.151611,4.172577
1588395595941,-1.4963074,-9.00856,4.070221
1588395595958,-1.6543121,-8.918182,3.7362213
1588395595978,-1.8189087,-8.978027,3.7835083
1588395595997,-1.7883911,-9.004974,4.0414886
1588395596017,-1.8171234,-8.9427185,4.204895
1588395596039,-1.4526062,-8.972046,4.228836
1588395596060,-1.2963867,-9.094147,4.2982635
1588395596078,-1.285614,-9.094742,4.3772736
1588395596098,-1.1090393,-8.926559,4.2342224
1588395596117,-1.0222473,-8.907394,4.0498657
1588395596140,-1.1958313,-9.022324,4.066635
1588395596160,-1.5962524,-8.849945,4.0971527
1588395596178,-1.4550018,-8.7326355,4.030716
1588395596197,-1.2454987,-8.722458,4.0486755
1588395596217,-1.2455139,-8.951096,4.192322
1588395596238,-1.329895,-9.046875,4.2575684
1588395596256,-1.3933411,-8.849945,4.197113
1588395596276,-1.3191223,-8.84935,4.1911316
1588395596297,-1.2137756,-9.12468,4.4209595
1588395596317,-0.95700073,-9.104919,4.573593
1588395596340,-1.0324249,-8.8714905,4.2832947
1588395596358,-1.3245087,-8.806839,4.1869354
1588395596377,-1.3855591,-8.81044,4.0965576
1588395596396,-1.198822,-8.98761,4.292877
1588395596417,-1.3448639,-9.170166,4.4401245
1588395596439,-1.3155365,-9.085175,4.1827545
1588395596458,-1.15094,-8.839172,3.8505554
1588395596477,-1.198822,-8.876282,3.9415283
1588395596496,-1.3484497,-9.140839,4.2228546
1588395596517,-0.99890137,-8.997787,4.0612335
1588395596541,-0.8815918,-8.9032135,3.9822235
1588395596556,-0.93006897,-8.923569,3.8266144
1588395596577,-1.048584,-8.961273,3.9451294
1588395596595,-0.7977905,-8.976837,4.2671356
1588395596615,-0.7732544,-9.061829,4.531708
1588395596637,-0.90971375,-8.859528,4.1510315
1588395596657,-0.70381165,-8.867889,4.1151123
1588395596676,-1.2592773,-8.920578,4.1995087
1588395596697,-1.4113007,-8.954681,4.232422
1588395596716,-1.3502502,-9.013351,4.0289154
1588395596740,-1.3125458,-9.127075,4.0648346
1588395596757,-1.2365265,-9.1953125,4.4574738
1588395596777,-1.3245087,-8.885254,4.338974
1588395596796,-1.4502106,-8.560837,3.8230133
1588395596816,-1.2119904,-8.86969,3.7589722
1588395596837,-1.3640137,-9.092361,4.165985
1588395596858,-0.9318695,-9.133652,4.5310974
1588395596877,-0.70262146,-9.10553,4.4760437
1588395596895,-0.8893738,-9.054642,4.3264008
1588395596915,-1.0204468,-9.152817,4.4125824
1588395596936,-1.2131805,-9.045074,4.3024597
1588395596956,-0.9791565,-8.802063,3.9576874
1588395596979,-0.81933594,-8.706894,3.805069
1588395596995,-0.7666626,-8.71167,4.015152
1588395597015,-0.80078125,-8.8242035,4.312027
1588395597038,-0.84747314,-9.080978,4.3994293
1588395597057,-0.86901855,-9.258148,4.288086
1588395597077,-0.914505,-9.226425,4.3018494
1588395597096,-1.261673,-9.072601,4.4640656
1588395597116,-1.009079,-8.985214,4.3210144
1588395597135,-0.9133148,-8.906799,3.9936066
1588395597157,-1.0755157,-9.074997,4.1240845
1588395597176,-1.0557709,-9.600525,4.9357147
1588395597195,-0.365036,-9.746567,5.4007874
1588395597216,-0.10586548,-8.990601,4.4556885
1588395597236,-0.32911682,-8.466873,3.9786377
1588395597255,-0.4847412,-8.648834,3.778122
1588395597277,-1.4543915,-8.764938,4.406006
1588395597295,-1.8865509,-8.707489,4.5700073
1588395597318,-1.621994,-9.113312,4.0253296
1588395597335,-1.8895416,-8.584778,3.4992065
1588395597355,-1.0635529,-8.746994,3.9056244
1588395597381,-0.99949646,-8.760757,4.4790344
1588395597395,-1.1449432,-8.873886,4.5041656
1588395597414,-0.95999146,-8.244202,3.9271698
1588395597433,-1.2526855,-8.55246,4.536499
1588395597456,-1.6028442,-8.805649,5.1482086
1588395597477,-1.8057404,-8.600342,4.8627014
1588395597495,-1.3843689,-8.647034,4.647827
1588395597515,-0.9121094,-8.522537,4.391037
1588395597533,-0.41770935,-8.4483185,4.4748383
1588395597556,-0.9546051,-8.896622,4.9776154
1588395597574,-1.1736755,-9.352722,5.7395782
1588395597594,-1.3987427,-9.040283,5.6222534
1588395597614,-1.198822,-8.799057,4.2940826
1588395597634,-1.13237,-8.80864,3.991211
1588395597655,-1.104248,-8.898422,4.441925
1588395597675,-0.73973083,-8.84874,4.8034515
1588395597695,-0.04660034,-8.636261,4.735214
1588395597714,0.74108887,-8.276535,4.322815
1588395597734,0.96673584,-8.268143,4.1228943
1588395597756,0.31193542,-8.397446,3.4692688
1588395597776,-1.3334961,-8.483032,3.197525
1588395597794,-2.6616821,-9.1635895,3.1472473
1588395597815,-3.02919,-9.7968445,4.60054
1588395597834,-1.9829102,-10.300827,4.691513
1588395597855,-1.0605621,-9.932114,4.240814
1588395597874,-0.40992737,-9.150406,3.9343567
1588395597894,-0.92648315,-8.694321,3.7948914
1588395597914,-1.4454193,-9.161789,4.6813354
1588395597935,-1.6004486,-9.345551,4.9967804
1588395597958,-1.1922302,-8.974442,4.4999847
1588395597978,-0.28781128,-8.833176,4.1941223
1588395597996,0.19342041,-8.921173,4.4748383
1588395598015,0.40171814,-8.669174,4.8315735
1588395598036,0.08088684,-8.410614,4.3449554
1588395598057,-0.52305603,-8.546478,4.5203247
1588395598075,-0.8821869,-8.527924,5.2499695
1588395598095,-0.5021057,-8.228653,5.047653
1588395598115,-0.08970642,-8.35733,4.947693
1588395598133,-0.7086029,-8.942123,4.1713715
1588395598156,-0.86842346,-9.449097,3.5716248
1588395598173,-0.7086029,-9.190521,3.8457642
1588395598194,-0.5936737,-8.743408,5.376251
1588395598213,0.9134674,-9.156998,6.379425
1588395598234,1.049942,-8.580597,5.947876
1588395598254,0.0054779053,-8.134079,4.3102417
1588395598274,-1.3107452,-8.337585,3.034729
1588395598293,-1.6034393,-8.875076,3.5638428
1588395598313,-1.1569214,-9.352127,4.458679
1588395598333,-1.3191223,-9.236603,5.315201
1588395598355,-1.0743103,-8.915787,4.826782
1588395598377,-0.81455994,-8.341171,4.157013
1588395598396,-0.62838745,-8.423172,3.9008331
1588395598415,-0.7259674,-8.96846,4.4915924
1588395598434,-0.3734131,-9.122879,5.200882
1588395598454,-0.73254395,-8.857132,5.619278
1588395598474,-0.6014557,-9.128876,5.0093536
1588395598494,-0.6655121,-8.85173,5.0416718
1588395598512,-0.56674194,-8.512955,4.5382843
1588395598533,-0.9216919,-8.5668335,4.158798
1588395598553,-1.0605469,-9.033096,4.489212
1588395598572,-1.4532013,-9.130661,4.805832
1588395598594,-1.4675598,-9.357513,5.304428
1588395598615,-0.95222473,-9.570602,5.113495
1588395598633,-0.40153503,-9.370087,4.0361023
1588395598652,-0.026855469,-8.365112,2.7671814
1588395598673,-0.13998413,-7.494232,3.8708954
1588395598692,-0.4165039,-7.50679,3.9511108
1588395598712,-1.1521301,-8.056274,4.6310577
1588395598732,-1.863205,-8.253784,4.318619
1588395598752,-2.4264374,-8.358536,5.540268
1588395598773,-1.8123322,-8.498001,5.2188416
1588395598793,0.09465027,-8.918182,4.5502625
1588395598812,0.9703369,-9.633438,4.4724426
1588395598833,0.09046936,-9.855499,3.4010315
1588395598852,-0.5865021,-9.121689,3.5859985
1588395598874,0.2640381,-9.314423,4.0103607
1588395598892,-0.22377014,-10.005737,5.2511597
1588395598912,-1.2580719,-10.089539,5.8233795
1588395598932,-0.65893555,-9.97821,5.168564
1588395598952,0.43582153,-9.319809,4.9153748
1588395598973,0.5519562,-8.431564,4.9812164
1588395598992,-0.20222473,-9.018738,5.3098145
1588395599012,-0.06695557,-10.495361,5.909561
1588395599032,0.5190277,-10.45166,5.3295746
1588395599051,0.63635254,-9.024124,5.1236725
1588395599072,0.1826477,-7.8755035,6.797821
1588395599091,-0.057373047,-6.8831024,4.904007
1588395599112,0.84703064,-6.916626,5.583359
1588395599132,0.5513458,-8.472855,9.135162
1588395599151,-0.6260071,-9.408981,6.6709137
1588395599173,0.33348083,-9.300049,4.8112183
1588395599193,2.0100098,-9.068405,7.1234283
1588395599211,0.8955078,-8.14006,6.8720245
1588395599232,9.1552734E-5,-7.6462555,6.33992
1588395599251,-2.4886932,-7.248825,5.5707855
1588395599273,-2.1289673,-7.9976044,7.4915314
1588395599291,-0.20701599,-9.040878,8.452805
1588395599311,0.7225342,-8.79129,8.735321
1588395599331,1.1229706,-7.822235,9.230316
1588395599357,1.2977448,-6.431793,8.501892
1588395599373,1.0679016,-4.6618805,8.036209
1588395599391,-0.12921143,-3.714981,8.077515
1588395599411,-0.97914124,-3.7736359,9.213562
1588395599430,-1.427475,-3.4552002,9.0729065
1588395599450,-1.0455933,-3.244522,8.320526
1588395599472,-0.53382874,-2.8285217,7.9584045
1588395599493,-0.49430847,-2.9644012,7.865036
1588395599511,-0.36383057,-3.102066,7.947632
1588395599530,0.31672668,-3.200821,8.0607605
1588395599549,0.2909851,-3.5162659,8.108643
1588395599572,-0.7373352,-3.5605469,8.368408
1588395599590,-1.0904846,-3.2397308,8.428864
1588395599610,-0.85884094,-2.355667,8.480331
1588395599630,-0.35186768,-2.6130524,8.881958
1588395599654,-0.8271179,-3.4288635,9.548752
1588395599669,-0.5619507,-4.5553436,10.353806
1588395599691,-1.2084045,-4.4960785,12.165024
1588395599711,-1.4537964,-5.7488556,12.453522
1588395599730,-0.79719543,-4.9216614,10.538757
1588395599750,-1.151535,-2.6836853,8.96756
1588395599773,-0.6972351,-2.4873505,7.4711914
1588395599791,-1.2413177,-2.3598633,6.276474
1588395599810,-2.8825378,-3.2606812,7.675293
1588395599829,-3.3667603,-3.4929047,8.816132
1588395602369,-2.5240173,-2.50531,10.410675
1588395602370,-0.98753357,-3.2894135,11.83342
1588395602371,-0.5068817,-2.6926575,10.598007
1588395602372,-0.8253174,-2.9554138,9.227921
1588395602373,-1.1790619,-1.7122192,6.91333
1588395602374,-2.6012268,-2.0887146,6.33873
1588395602375,-3.3284607,-2.291031,8.358231
1588395602376,-1.8542328,-3.2277527,10.685394
1588395602377,0.113220215,-2.8129578,9.664276
1588395602378,-0.007095337,-2.6525574,9.815109
1588395602379,-0.104660034,-3.2109985,9.942001
1588395602379,-0.29440308,-1.7349701,8.592865
1588395602380,-1.0390015,-1.3848267,8.55217
1588395602381,-1.7943726,-1.6523743,7.9338684
1588395602382,-1.7033997,-1.311203,8.700607
1588395602383,-0.8133545,-1.4021759,8.741913
1588395602384,-1.4274597,-1.0083313,9.062134
1588395602384,-1.0354156,-1.2818756,9.277603
1588395602427,-0.3267212,-1.9043579,8.659302
1588395602428,-0.29499817,-1.7277985,8.75148
1588395602429,-0.23814392,-1.4093628,9.029205
1588395602430,0.13116455,-1.45784,8.959183
1588395602431,-0.013076782,-2.0216827,10.044952
1588395602432,-0.32313538,-2.6651154,9.497879
1588395602433,-0.2064209,-2.7291718,9.513443
1588395602434,-0.19503784,-2.8153534,8.826294
1588395602435,-1.1569214,-3.0727386,7.668701
1588395602436,-1.9924927,-3.0362244,8.647339
1588395602437,-2.0254211,-2.927887,9.83725
1588395602438,-1.2012177,-2.7680664,8.7808075
1588395602439,-1.321518,-2.4550323,9.372177
1588395602439,-0.36024475,-2.911728,9.530792
1588395602440,1.057724,-4.0220337,8.877182
1588395602440,1.9902649,-5.0533447,8.560547
1588395602441,1.5240021,-4.8282776,8.017654
1588395602442,0.9793091,-4.99527,8.190033
1588395602442,0.31433105,-4.9617615,8.361221
1588395602443,-0.24891663,-5.3573914,7.7297516
1588395602444,-0.81814575,-5.5681,9.105225
1588395602445,-1.1527252,-6.9064484,8.479141
1588395602446,-1.4202728,-7.715683,8.160721
1588395602447,-1.4310608,-7.9479218,8.008087
1588395602447,-0.6481476,-7.8437805,6.99234
1588395602448,-0.4021454,-7.548691,6.1753235
1588395602449,-1.4585876,-7.4170074,7.952423
1588395602449,-0.8821869,-9.253967,7.5831146
1588395602450,-1.0479889,-9.600525,6.1944733
1588395602450,-2.1008453,-8.680557,7.359253
1588395602452,-2.1588898,-8.417191,6.872635
1588395602454,-2.2863922,-8.245407,6.1627502
1588395602455,-1.858429,-8.483627,6.012512
1588395602455,-1.1712799,-8.8637085,5.097931
1588395602456,-1.6387482,-8.123306,5.734192
1588395602456,-0.2794342,-9.483215,5.3732605
1588395602457,-0.22317505,-10.146393,6.79303
1588395602457,-0.4165039,-9.688507,7.991928
1588395602457,-0.52723694,-9.458069,8.188248
1588395602458,-0.4051361,-8.830185,7.984741
1588395602458,-0.1932373,-7.5121765,7.4640045
1588395602459,-0.4129181,-6.122345,6.451248
1588395602459,-0.49612427,-5.5429535,5.6731415
1588395602459,-0.43327332,-6.4593353,5.836548
1588395602460,-0.5529785,-8.459091,7.7638702
1588395602460,-0.71040344,-8.326218,8.8675995
1588395602461,-0.9426422,-7.489441,8.80954
1588395602461,-0.9995117,-6.0217896,8.446823
1588395602461,0.12757874,-5.5698853,7.4017487
1588395602462,1.7370758,-6.1085815,6.793625
1588395602462,1.5940247,-6.0798492,7.580719
1588395602463,-0.27644348,-5.890106,8.632965
1588395602463,-1.0683441,-5.9074707,8.779022
1588395602464,-0.9109192,-6.370743,9.118988
1588395602464,-0.37101746,-6.822052,8.8993225
1588395602465,-0.91571045,-6.040344,8.737717
1588395602465,-1.5423889,-5.459152,8.761063
1588395602465,-1.9829102,-5.331665,9.72113
1588395602466,-1.3412781,-5.3418274,9.8246765
1588395602466,-0.0801239,-6.3180695,10.446579
1588395602467,0.25328064,-5.508835,9.665466
1588395602467,-0.79719543,-1.7870483,8.032028
1588395602467,-0.69602966,-1.8564758,8.471359
1588395602468,-0.4530182,-3.7676544,10.332855
1588395602468,0.41308594,-5.029999,11.35997
1588395602469,1.1091919,-3.9136963,8.017654
1588395602469,0.8374634,-1.4560547,5.679718
1588395602469,0.9056854,-1.5697632,7.32872
1588395602470,-0.60266113,-0.09793091,7.0372314
1588395602470,0.046173096,0.02835083,7.7363434
1588395602471,-0.8360901,-1.043045,8.6970215
1588395602471,-1.9488068,-1.5236816,8.081696
1588395602472,-1.6944122,-1.6194458,8.938232
1588395602472,-3.0004578,-0.48280334,8.284607
1588395602473,-2.5407715,-1.2393646,8.793976
1588395602473,-2.704773,-0.85391235,8.167892
1588395602473,-2.3827515,-0.5558319,7.8303223
1588395602474,-1.1144257,-0.14701843,7.787216
1588395602474,-0.09867859,-0.8916168,7.237152
1588395602474,0.07131958,-0.47561646,7.8476715
1588395602475,1.1702423,-0.57199097,8.581497
1588395602475,0.19522095,-0.10990906,8.015869
1588395602476,4.045685,-2.607666,8.161911
