1588508916286,-1.0761719,0.80311584,9.793259
1588508916481,-0.9474182,0.81359863,9.864609
1588508916681,-0.15739441,0.5628052,9.598251
1588508916882,-1.0492401,0.8629761,9.967377
1588508917080,-1.128479,0.91026306,9.445496
1588508917279,-1.3674927,1.0124359,10.006821
1588508917479,-1.5852966,0.7474518,9.363556
1588508917677,-0.53167725,-0.77033997,10.491409
1588508917877,0.14672852,-0.68055725,7.7654266
1588508918077,5.201782,-2.8774261,6.192856
1588508918276,13.03537,-4.9545746,0.8899994
1588508918478,8.143234,-3.581192,0.71606445
1588508918677,7.6368103,-5.086426,0.6676941
1588508918886,10.468063,-4.0462646,-0.7695465
1588508919075,8.739395,-2.4446106,-1.5201874
1588508919276,8.997253,-2.0815277,-1.8698578
1588508919476,6.979721,-1.284317,-1.8480682
1588508919674,8.510269,-5.284195,0.72839355
1588508919874,5.4748383,-8.991669,1.3479462
1588508920074,2.6888885,-8.981079,1.3917694
1588508920277,-0.83203125,-10.983292,1.0450287
1588508920475,0.026412964,-9.632904,1.6344757
1588508920678,0.07052612,-9.881836,0.57688904
1588508920878,-0.030258179,-11.033936,0.44198608
1588508921077,-3.495697,-9.556885,-2.329605
1588508921276,-5.8977966,-5.7058105,-4.3237305
1588508921478,-6.808853,-4.561569,-4.6589813
1588508921672,-7.911133,-2.5293732,-4.44812
1588508921871,-8.390884,-1.580658,-5.6161346
1588508922072,-9.180725,-1.6451874,-4.9609528
1588508922272,-7.0954437,0.61924744,-4.499237
1588508922471,-8.456955,-0.99575806,-6.9665833
1588508922668,-5.3206787,-2.8231964,-6.831665
1588508922871,-4.2174225,-5.7878113,-6.5438232
1588508923069,-0.9594574,-8.969711,-6.5684814
1588508923269,-1.9234161,-7.829239,-3.4125671
1588508923469,-2.0940094,-10.637512,-4.4262695
1588508923670,-1.9217377,-7.566101,-3.9620972
1588508923888,-3.6644897,-8.313812,-5.8570404
1588508924067,-1.855011,-7.750229,-6.1614075
1588508924267,-2.3279114,-6.490631,-7.90361
1588508924465,-3.582367,-4.7103577,-8.116928
1588508924666,-5.7752686,-2.797104,-8.724823
1588508924866,-5.00177,0.5479584,-7.1937256
1588508925068,-3.5162811,2.3765259,-7.290695
1588508925268,-3.9324036,1.6594696,-8.023788
1588508925467,-2.9671173,-3.0846405,-8.967224
1588508925666,-4.6280365,-7.067642,-7.771393
1588508925864,-3.4701385,-7.459091,-6.721283
1588508926065,-3.9730988,-5.521393,-8.038757
1588508926265,-3.8705597,-3.5943604,-9.170792
1588508926462,-4.7949066,-0.29666138,-7.949463
1588508926659,-5.080658,2.8309479,-6.0622864
1588508926862,-4.6885376,1.4230347,-7.6313934
1588508927060,-5.2730865,-2.1331787,-8.315582
1588508927261,-4.7785645,-6.019989,-8.0073395
1588508927458,-4.1461945,-6.596939,-7.468582
1588508927657,-3.6033173,-4.6887054,-8.850037
1588508927856,-5.317917,-2.533081,-9.206055
1588508928056,-4.388672,1.3947296,-6.0281067
1588508928255,-5.756302,3.3114624,-6.079529
1588508928455,-5.267227,-0.42277527,-7.649887
1588508928656,-5.833267,-5.0533905,-8.035767
1588508928856,-4.6320953,-6.573654,-8.098022
1588508929056,-3.9061737,-5.0733185,-8.215805
1588508929257,-5.6407776,-2.6966095,-8.980164
1588508929455,-3.6320496,1.9112854,-6.1225586
1588508929654,-3.5216675,2.2905273,-7.3049927
1588508929854,-4.6639404,-1.1774292,-8.754684
1588508930054,-4.729065,-5.379181,-8.232803
1588508930256,-3.484085,-6.730713,-8.406448
1588508930454,-4.5056305,-4.664688,-8.57608
1588508930653,-6.2448273,-2.007187,-8.370895
1588508930852,-4.005844,2.6193085,-5.530716
1588508931052,-4.3076935,1.6744995,-7.4746857
1588508931252,-4.3201904,-3.0122833,-9.037735
1588508931452,-4.33403,-6.236969,-8.034332
1588508931651,-3.6918335,-5.967499,-8.182892
1588508931850,-5.317978,-4.032379,-9.386642
1588508932049,-4.9324493,-0.113861084,-7.1231537
1588508932249,-4.3121796,3.6301422,-5.361435
1588508932447,-5.256027,0.2288208,-7.9553223
1588508932649,-5.0907135,-4.208954,-8.760788
1588508932847,-4.364731,-6.1452637,-7.8624268
1588508933046,-4.093704,-5.7451324,-8.08754
1588508933247,-6.108673,-2.9148407,-8.970703
1588508933446,-3.8690643,1.4198761,-6.547348
1588508933647,-4.55159,3.1790771,-5.7862396
1588508933846,-5.0230103,-0.41026306,-8.215576
1588508934045,-6.1621704,-4.9990997,-8.313614
1588508934247,-3.8293915,-6.277191,-8.172363
1588508934446,-4.989975,-5.0526733,-8.1371
1588508934644,-5.469116,-2.0067139,-8.910004
1588508934846,-4.6365967,2.261139,-5.893799
1588508935042,-3.8345337,2.360672,-6.9042053
1588508935243,-5.104126,-1.3757782,-8.281708
1588508935442,-4.84021,-5.8003845,-8.426849
1588508935642,-4.8776855,-5.7091675,-8.006683
1588508935841,-4.3280334,-4.608551,-8.505875
1588508936039,-5.903473,-2.153305,-9.23436
1588508936240,-3.4422455,3.4827728,-4.9760437
1588508936440,-3.9890137,1.9732971,-7.361374
1588508936639,-4.978241,-2.141632,-8.704407
1588508936839,-4.4537354,-5.8796234,-8.700272
1588508937039,-3.2053375,-5.929611,-7.9602966
1588508937236,-4.5146027,-4.659363,-9.304581
1588508937435,-4.9850006,-0.32717896,-7.9568176
1588508937635,-3.626587,3.3357086,-5.751465
1588508937836,-4.35318,1.1212006,-8.05426
1588508938035,-4.9836884,-3.4192963,-8.325821
1588508938235,-4.3711395,-5.7614746,-8.338638
1588508938435,-4.1027985,-6.0585327,-8.089874
1588508938634,-4.943527,-3.6384125,-9.089401
1588508938836,-5.2292175,-0.010131836,-7.7188873
1588508939036,-3.2517853,3.0381775,-5.799164
1588508939233,-4.7975464,-0.18592834,-8.252441
1588508939434,-4.7825775,-4.0854187,-8.673813
1588508939633,-4.435837,-6.2666473,-8.11058
1588508939830,-4.4107056,-5.3144836,-8.23909
1588508940030,-5.4151917,-2.9621735,-8.857285
1588508940228,-5.3161774,1.6995697,-6.1422577
1588508940428,-4.5734406,3.0737915,-5.8963013
1588508940628,-4.9444275,-0.23895264,-7.9095917
1588508940826,-5.6570587,-4.9830627,-8.468521
1588508941027,-3.8180695,-6.276718,-8.167084
1588508941231,-4.247345,-5.5151825,-8.441696
1588508941428,-5.267761,-2.3308258,-8.800293
1588508941628,-4.8536224,1.7851715,-6.214981
1588508941827,-4.0152283,2.5631561,-6.7818604
1588508942025,-5.1666107,-1.4056549,-8.235733
1588508942227,-5.4357147,-5.7414246,-8.202637
1588508942425,-4.17511,-6.605377,-7.607498
1588508942626,-4.76001,-5.56192,-8.591217
1588508942824,-4.899414,-0.8349304,-8.313553
1588508943027,-4.70932,2.0824585,-6.5680084
1588508943225,-3.7968903,2.8186798,-6.534607
1588508943426,-5.7316437,-0.82907104,-8.066467
1588508943626,-5.575424,-5.660141,-8.153381
1588508943826,-3.4933014,-6.039261,-8.07724
1588508944022,-4.8019104,-4.888794,-8.813889
1588508944223,-6.2261047,-1.509491,-8.518799
1588508944422,-4.4078217,3.0989227,-5.100479
1588508944622,-4.6209717,2.4449463,-6.585602
1588508944831,-5.400345,-2.1790924,-8.474503
1588508945017,-5.200775,-6.216919,-8.146072
1588508945219,-4.254715,-5.781952,-7.816101
1588508945417,-4.6292877,-4.3375854,-9.34581
1588508945616,-4.9009094,0.18702698,-7.3473053
1588508945817,-4.646103,3.3582764,-5.3621063
1588508946018,-4.745697,0.7581177,-7.69783
1588508946218,-5.4067993,-4.185257,-8.464447
1588508946417,-4.283142,-6.296341,-8.341202
1588508946617,-4.25058,-5.335129,-8.336243
1588508946816,-4.908325,-2.4590302,-8.849136
1588508947016,-4.9963837,1.7150726,-6.7590027
1588508947215,-3.4931793,2.7947998,-6.2812347
1588508947416,-5.3319855,-0.8518677,-8.20845
1588508947613,-4.9177856,-5.806198,-8.693878
1588508947816,-3.6955566,-6.600342,-7.326599
1588508948014,-4.566803,-5.838394,-8.6719055
1588508948211,-4.930771,-1.8424683,-8.832199
1588508948410,-4.305649,2.452011,-6.032898
1588508948612,-4.085144,2.2749634,-6.9479065
1588508948851,-4.535431,-1.8948975,-8.840332
1588508949010,-5.2616577,-5.9263763,-8.286255
1588508949208,-3.6465912,-6.336441,-7.618515
1588508949408,-4.226166,-3.9626007,-8.942505
1588508949607,-4.7825165,-1.1072083,-8.672867
1588508949806,-4.2990723,3.4315948,-5.269333
1588508950006,-5.088501,1.3309326,-7.16864
1588508950206,-5.6246185,-4.3054504,-8.394531
1588508950405,-4.322464,-6.3178864,-8.104904
1588508950607,-4.3006287,-5.7519073,-8.242752
1588508950805,-5.3088837,-2.806427,-8.980392
1588508951004,-4.673218,1.8870392,-5.8614807
1588508951205,-3.7279358,2.7318878,-6.63295
1588508951403,-4.630783,-1.7054596,-8.684113
1588508951602,-4.8815765,-6.0298157,-8.632462
1588508951806,-3.7636566,-6.152817,-7.55394
1588508952005,-4.3156433,-4.794937,-9.055634
1588508952202,-5.543091,-0.44180298,-7.887924
1588508952405,-4.518982,3.566452,-4.800064
1588508952602,-4.77359,0.7280121,-7.7422333
1588508952803,-4.6355743,-3.9828796,-8.388428
1588508953000,-4.460617,-6.640518,-8.024338
1588508953202,-3.9331665,-5.785721,-8.455597
1588508953419,-5.0312195,-3.4483185,-8.805679
1588508953598,-5.2699127,0.9991455,-6.534546
1588508953797,-4.0879517,3.0730743,-5.9890747
1588508954004,-5.0403748,-0.43408203,-8.047012
1588508954197,-4.542862,-5.9497833,-8.3593445
1588508954397,-3.8975067,-6.506012,-7.851471
1588508954597,-4.7677307,-4.6658325,-8.850388
1588508954795,-4.788376,-1.5515747,-8.826935
1588508954996,-4.2241364,3.0823517,-5.602295
1588508955195,-3.5724792,1.6690521,-7.482712
1588508955394,-4.7069244,-3.3224487,-8.904739
1588508955600,-4.983444,-6.4203033,-7.717636
1588508955794,-4.9050446,-5.968033,-8.04834
1588508955992,-4.3094177,-3.6171112,-9.49736
1588508956194,-4.583679,0.4846344,-7.2727356
1588508956395,-4.4704285,3.4916992,-5.0318756
1588508956595,-4.4622955,-0.3854828,-8.227966
1588508956795,-4.6995544,-5.1746063,-8.619705
1588508956993,-4.2292786,-6.6849213,-7.889847
1588508957194,-3.882843,-5.530075,-9.08934
1588508957392,-5.23407,-1.342865,-8.404053
1588508957591,-4.578766,2.6863403,-5.6901093
1588508957790,-3.961609,1.7163849,-7.2493286
1588508957991,-4.8767853,-3.4651337,-8.650665
1588508958189,-4.0582123,-6.75914,-8.098129
1588508958387,-4.242447,-5.845871,-8.380585
1588508958586,-4.6754303,-3.5738373,-8.955612
1588508958826,-4.9003143,1.2902222,-6.649704
1588508958986,-4.124054,3.0527802,-5.687958
1588508959186,-5.552246,-0.6525574,-7.978897
1588508959388,-5.089813,-6.078232,-8.2760315
1588508959610,-3.3904724,-6.624939,-8.233353
1588508959788,-4.6606445,-4.208603,-8.878342
1588508959986,-4.721039,-0.1602478,-7.90773
1588508960185,-3.5500488,3.2966309,-5.5137787
1588508960382,-4.397476,-0.06878662,-8.070129
1588508960582,-5.6793823,-4.655472,-8.612701
1588508960783,-4.0950775,-6.498535,-8.319
1588508960983,-3.7555847,-4.548874,-9.144577
1588508961186,-6.441574,-0.9420624,-8.377304
1588508961383,-3.5560913,2.6783295,-4.9871674
1588508961580,-4.218979,0.70706177,-7.6790924
1588508961780,-5.1657715,-5.69635,-9.153854
1588508961980,-3.594757,-6.50943,-8.627853
1588508962179,-5.104843,-2.667923,-9.221191
1588508962381,-4.8780518,0.29100037,-6.9884796
1588508962578,-4.2961884,2.7549438,-5.2992554
1588508962778,-4.9878845,-2.1543121,-8.890976
1588508962976,-5.0523987,-6.2008057,-8.403458
1588508963177,-4.3365936,-5.837967,-8.977463
1588508963384,-5.173126,-3.019165,-9.572845
1588508963576,-3.693756,2.9087067,-3.9783173
1588508963777,-4.9042664,0.82125854,-7.1846924
1588508963975,-5.0901794,-5.2313995,-8.866913
1588508964177,-4.0229645,-6.0572815,-8.462418
1588508964377,-5.302597,-4.672592,-9.223465
1588508964576,-5.3276215,-0.08039856,-7.0550385
1588508964774,-2.7932892,3.2531738,-5.183914
1588508964975,-5.006378,-1.145401,-8.194443
1588508965176,-5.7901154,-5.8594666,-8.94754
1588508965374,-4.242691,-5.988388,-7.4270935
1588508965576,-4.7664795,-4.7375946,-9.810287
1588508965775,-4.3365936,0.7885132,-6.0749817
1588508965973,-4.2602844,2.5009155,-6.128067
1588508966171,-4.8260345,-2.6394348,-8.749298
1588508966372,-4.934433,-5.770935,-8.18103
1588508966571,-3.892105,-5.809967,-8.17894
1588508966769,-7.758026,-3.3323212,-9.036835
1588508966968,-3.3551483,2.3439178,-4.8731537
1588508967169,-4.2484283,1.1931458,-6.728119
1588508967368,-5.4717407,-4.469864,-8.923233
1588508967568,-5.381729,-6.8159485,-6.9048615
1588508967767,-4.813339,-5.469864,-8.822144
1588508967968,-5.041931,-2.205246,-8.662323
1588508968167,-4.1694794,2.7096252,-5.1810455
1588508968368,-5.6878204,1.6340332,-6.40184
1588508968568,-5.747864,-4.6459045,-8.455704
1588508968767,-4.4860535,-6.086075,-8.228561
1588508968966,-5.3082275,-4.909561,-9.323364
1588508969164,-5.1967773,-0.76394653,-7.5
1588508969364,-3.7549896,3.150879,-5.0506744
1588508969566,-4.5229797,-0.5650482,-7.982254
1588508969765,-5.3428802,-5.412155,-8.67926
1588508969964,-4.4897156,-6.0696106,-8.416382
1588508970166,-5.056061,-3.7279053,-9.309235
1588508970367,-5.024933,0.64468384,-6.408249
1588508970564,-4.1031647,3.0591888,-5.6351013
1588508970762,-4.997452,-1.7405396,-8.369522
1588508970962,-6.2847595,-6.197525,-7.8968964
1588508971160,-4.522873,-6.0727234,-8.705246
1588508971362,-5.295471,-2.798172,-8.6596985
1588508971561,-5.1098022,2.2720795,-4.906189
1588508971761,-4.006317,1.9716187,-6.2599335
1588508971960,-6.749176,-4.486862,-8.599304
1588508972159,-5.1706696,-6.51709,-8.018341
1588508972360,-5.3563538,-5.123062,-8.416092
1588508972558,-5.0226593,-1.2508698,-7.7148285
1588508972756,-4.594452,3.1341858,-4.70903
1588508972957,-4.740082,0.2010498,-7.325409
1588508973157,-6.1542206,-5.6461334,-8.4583435
1588508973359,-4.5976257,-6.525589,-8.157745
1588508973558,-5.702133,-4.2001038,-9.238312
1588508973758,-4.7550964,1.2848358,-5.5844116
1588508973957,-4.8177185,2.7827148,-5.8853607
1588508974156,-4.8703766,-1.8263092,-8.19426
1588508974355,-5.192581,-6.335785,-8.642151
1588508974513,-4.02948,-5.7729034,-7.965561
1588508974563,-4.8207703,-6.4222107,-10.29895
1588508974614,-4.133621,-6.5855103,-8.713974
1588508974666,-4.392685,-5.2346954,-9.075027
1588508974716,-5.24382,-2.8507843,-10.080597
1588508974764,-5.5055084,-1.039566,-9.040314
1588508974815,-6.152893,-0.40008545,-8.836807
1588508974868,-5.025711,0.59614563,-4.6596375
1588508974916,-2.6525726,2.044403,-5.977646
1588508974966,-2.4672546,2.5057526,-5.969986
1588508975016,-3.3914185,4.194626,-5.5057526
1588508975067,-3.0785065,2.3475037,-4.2521515
1588508975111,-4.219345,2.582138,-6.5343018
1588508975164,-4.420212,2.3159027,-7.949524
1588508975227,-4.2435303,-0.13815308,-8.059402
1588508975262,-5.0822144,-2.5110474,-7.879135
1588508975310,-5.1612244,-3.2455902,-9.56369
1588508975361,-6.7037964,-4.8875275,-10.919525
1588508975417,-4.8490143,-5.738678,-7.6748962
1588508975461,-2.207016,-5.593109,-6.2924805
1588508975512,-4.919647,-4.6114807,-6.680832
1588508975561,-5.681961,-8.056503,-11.541534
1588508975609,-5.772705,-6.573288,-7.843216
1588508975662,-4.1618805,-6.86203,-5.752838
1588508975710,-4.0033875,-6.8787994,-8.619415
1588508975762,-4.5135956,-6.3252563,-6.3197784
1588508975812,-6.1787567,-4.0095825,-9.432007
1588508975862,-6.0782013,-3.785492,-10.222092
1588508975910,-4.77742,-3.7615356,-9.044388
1588508975961,-6.4741974,-1.4994965,-9.389145
1588508976011,-5.544052,-0.6299286,-7.7582245
1588508976061,-4.8494873,-0.1307373,-6.9475403
1588508976108,-2.926712,3.6250458,-5.334564
1588508976161,-4.3761597,2.9489288,-6.0554657
1588508976211,-3.5386658,3.9920807,-4.0979614
1588508976262,-4.364914,3.8120422,-4.325409
1588508976308,-4.886368,2.4384766,-4.906006
1588508976358,-5.025223,2.3628235,-7.4701996
1588508976409,-4.7625885,0.54060364,-8.031403
1588508976458,-4.7676086,-1.2181854,-8.726196
1588508976508,-2.851059,-2.5146484,-7.907135
1588508976557,-4.792267,-4.869583,-9.6596985
1588508976606,-6.2699738,-6.782303,-10.581696
1588508976668,-4.52005,-5.5310974,-8.229401
1588508976706,-4.444397,-5.727417,-7.910965
1588508976758,-4.358444,-8.455856,-9.760254
1588508976810,-3.6454468,-6.118881,-4.3081665
1588508976858,-5.8983917,-5.7178497,-8.044571
1588508976907,-4.6687317,-5.912735,-9.08078
1588508976966,-3.7668304,-4.848984,-8.752533
1588508977007,-4.4623566,-5.185608,-10.516342
1588508977058,-5.4592896,-4.6354218,-10.86087
1588508977109,-5.1810913,-3.3219604,-8.952209
1588508977166,-4.5803833,-1.9962921,-8.10083
1588508977207,-4.0515137,0.02130127,-6.9480133
1588508977260,-4.851654,0.89398193,-7.1970215
1588508977308,-3.8286133,2.296753,-4.602661
1588508977358,-3.9430542,3.819458,-3.973938
1588508977408,-4.5308228,5.0357056,-5.74469
1588508977456,-4.167145,2.7691193,-5.574234
1588508977508,-5.1851654,2.609665,-5.329773
1588508977558,-4.390045,2.5692139,-7.668915
1588508977609,-4.867935,-0.3517151,-7.404114
1588508977658,-5.4195557,-1.1877747,-7.465164
1588508977707,-4.8193207,-1.9529572,-8.497299
1588508977755,-5.282852,-4.7809906,-10.136856
1588508977807,-5.622574,-7.1452637,-8.848053
1588508977858,-5.6048584,-5.636673,-7.3124237
1588508977908,-6.923828,-6.3623657,-9.457382
1588508977955,-5.7559357,-6.044174,-7.1666107
1588508978006,-2.7289581,-6.3891754,-8.455414
1588508978055,-2.815384,-6.13443,-7.6325226
1588508978105,-4.6668243,-6.0889435,-7.5010834
1588508978153,-6.3844147,-5.193512,-9.292664
1588508978204,-5.17511,-4.431198,-9.965439
1588508978257,-4.4194946,-4.6845093,-8.984528
1588508978305,-5.554825,-1.9072266,-9.902939
1588508978355,-6.2285614,-1.5282288,-8.635208
1588508978406,-5.1901855,-0.25978088,-7.8233337
1588508978456,-4.779587,1.400116,-5.057083
1588508978530,-4.254303,3.114853,-4.74823
1588508978556,-2.669815,3.882904,-3.2518616
1588508978604,-3.5460968,3.926239,-5.2888336
1588508978652,-4.3167877,2.1990662,-5.7109375
1588508978707,-5.227783,1.7901306,-6.7179413
1588508978755,-5.444931,1.1645355,-6.9437103
1588508978802,-5.9565735,-0.28300476,-7.7589417
1588508978855,-5.222992,-2.3029938,-8.254532
1588508978905,-5.27829,-4.9947968,-9.785385
1588508978953,-4.577759,-5.311783,-9.029297
1588508979006,-4.108963,-5.853836,-8.568176
1588508979055,-4.879669,-6.758835,-8.199234
1588508979108,-5.5344696,-7.3734283,-8.971115
1588508979154,-5.151886,-5.9309235,-7.7548676
1588508979204,-3.6286926,-6.807205,-7.7742615
1588508979254,-3.7000427,-5.8042755,-6.9930267
1588508979305,-4.871765,-5.226074,-8.287811
1588508979353,-5.259384,-4.9933624,-9.350357
1588508979402,-4.0833435,-3.9964142,-8.985245
1588508979455,-4.92276,-4.5628815,-9.047012
1588508979505,-7.8769684,-2.975998,-10.049713
1588508979552,-7.1503296,-0.95961,-8.98381
1588508979604,-4.1429596,-0.35650635,-5.4547577
1588508979654,-3.4433746,2.3192444,-5.3709564
1588508979704,-4.3045807,3.0322418,-5.3328857
1588508979751,-3.5719452,4.68161,-2.7469177
1588508979801,-3.8851013,2.862732,-5.2443085
1588508979851,-4.2329865,2.4267578,-6.0818024
1588508979901,-4.6249237,1.7496643,-7.278412
1588508979975,-5.692734,0.17356873,-7.3193665
1588508980000,-6.2017365,-1.5382843,-8.018463
1588508980050,-5.6532288,-2.280243,-8.610321
1588508980101,-4.630417,-4.039276,-8.399857
1588508980150,-5.558899,-7.659546,-9.3003235
1588508980202,-4.993622,-6.479431,-7.579361
1588508980250,-6.0281525,-5.0613556,-8.548538
1588508980300,-6.188095,-7.2585144,-9.631683
1588508980349,-4.4673767,-7.103607,-7.9566956
1588508980401,-1.7473297,-6.3338776,-6.369339
1588508980450,-3.2994843,-5.1918335,-6.8888855
1588508980501,-6.2050934,-4.5911255,-11.062454
1588508980550,-4.4472656,-5.086014,-8.7508545
1588508980600,-4.1319427,-5.3572693,-9.578293
1588508980650,-5.2991333,-2.3108978,-10.103577
1588508980703,-5.369034,-1.2883301,-8.117355
1588508980751,-5.811722,-0.8628845,-8.03595
1588508980800,-4.3835754,1.4398651,-5.195465
1588508980849,-3.1931915,2.7054443,-4.2363434
1588508980901,-4.0244446,3.578598,-5.3508453
1588508981118,-4.5644684,1.7997742,-6.5849915
1588508981319,-5.578293,-3.5822144,-8.534363
1588508981522,-4.5004272,-6.4086304,-8.051987
1588508981721,-4.584152,-5.666733,-8.354736
1588508981916,-5.5955353,-2.4562225,-8.883499
1588508982117,-4.1824036,2.743332,-5.107895
1588508982317,-4.5572815,1.4693146,-6.3910065
1588508982519,-4.8272247,-4.0093994,-8.628693
1588508982714,-5.1314087,-6.763214,-8.262863
1588508982913,-4.40567,-5.2352295,-9.152359
1588508983113,-5.6358643,-1.4680176,-8.660477
1588508983313,-3.170868,3.4814606,-4.9327087
1588508983515,-4.341797,0.644989,-7.0874176
1588508983713,-5.5618286,-4.99498,-8.750259
1588508983912,-4.9553223,-6.380554,-8.09729
1588508984113,-4.831482,-5.111267,-8.726196
1588508984313,-5.9098206,-0.40834045,-7.566864
1588508984512,-3.792694,2.9918976,-4.815201
1588508984709,-5.258301,0.16470337,-7.4657593
1588508984912,-5.4227905,-5.099243,-8.231613
1588508985111,-4.3167877,-7.031967,-8.31308
1588508985311,-4.7357025,-4.494461,-8.936829
1588508985510,-5.269623,-0.12145996,-7.573929
1588508985709,-3.962799,3.288971,-4.8928375
1588508985909,-4.7824554,-0.23014832,-7.69429
1588508986108,-6.0163116,-6.2751617,-8.481094
1588508986306,-3.7389374,-6.2836,-7.863617
1588508986506,-5.085861,-4.770157,-9.377182
1588508986705,-5.309906,0.5121765,-6.3991547
1588508986905,-4.4231567,2.8880463,-5.3677826
1588508987104,-5.3176727,-1.2431335,-7.9765625
1588508987305,-5.157028,-6.247864,-8.410706
1588508987503,-4.159607,-6.134018,-7.7559967
1588508987704,-5.4258423,-4.1236115,-9.422974
1588508987902,-4.693039,1.0224915,-6.044571
1588508988102,-4.527054,2.7768402,-5.804123
1588508988305,-5.8535614,-1.8560638,-7.819031
1588508988504,-5.1295013,-6.667511,-8.5334015
1588508988702,-3.9618988,-5.921829,-8.251358
1588508988902,-5.855362,-3.0298767,-9.100174
1588508989100,-4.258301,2.6595917,-4.944977
1588508989299,-4.7269745,1.9802399,-6.199417
1588508989499,-6.0467224,-2.9696655,-8.313309
1588508989698,-4.776474,-6.4753113,-8.10759
1588508989897,-4.2330475,-5.925247,-8.792038
1588508990097,-5.6447296,-2.4215088,-8.9444275
1588508990301,-4.170746,2.5905151,-5.001831
1588508990497,-4.271469,1.8917084,-6.340912
1588508990700,-5.977463,-4.151016,-8.358688
1588508990898,-4.57518,-6.866577,-8.1763
1588508991097,-4.815796,-5.055374,-8.594513
1588508991297,-6.1385345,-1.5083618,-7.9179077
1588508991497,-4.139435,3.2047424,-4.6843567
1588508991699,-4.9656677,0.97657776,-6.9725647
1588508991896,-5.926773,-5.042679,-8.678787
1588508992094,-4.3094177,-6.7690735,-8.052338
1588508992292,-5.250168,-5.0921173,-8.368027
1588508992494,-5.666519,-0.64356995,-7.681961
1588508992693,-4.0399475,3.3580933,-4.7391357
1588508992893,-4.6605377,0.03224182,-7.5017395
1588508993093,-5.835434,-5.438446,-8.504318
1588508993292,-4.4192505,-6.5911255,-7.440155
1588508993491,-4.8606873,-5.1748962,-9.016251
1588508993691,-5.5137024,-0.73461914,-7.558548
1588508993888,-4.1533203,3.028946,-5.091858
1588508994091,-4.4795837,0.32673645,-7.867996
1588508994290,-6.018997,-5.608963,-8.373825
1588508994489,-4.0826874,-6.149399,-7.649399
1588508994688,-5.5481873,-4.686905,-9.256744
1588508994888,-5.4706726,0.072647095,-7.1533203
1588508995088,-4.0944824,2.9403687,-5.3237305
1588508995290,-4.9247284,-0.42720032,-8.01506
1588508995485,-5.9041443,-5.537613,-8.31517
1588508995693,-4.4155426,-6.296051,-8.095505
1588508995887,-5.760376,-4.122589,-9.233704
1588508996085,-5.0515594,0.50050354,-6.381668
1588508996284,-3.8621216,3.0981445,-5.5088043
1588508996484,-5.373825,-1.8108063,-8.139801
1588508996682,-5.2772217,-6.2357025,-8.552078
1588508996881,-4.4118958,-5.8434753,-8.225449
1588508997080,-5.028702,-3.1306152,-9.200012
1588508997282,-4.7700043,1.9430084,-5.5452576
1588508997484,-3.962326,2.1064148,-6.206299
1588508997688,-5.7867126,-2.9319458,-8.352463
1588508997883,-5.2887726,-6.767578,-8.380417
1588508998082,-4.163742,-5.4928436,-8.802811
1588508998285,-5.4984436,-1.7493896,-8.593552
1588508998485,-3.8023834,2.7273407,-5.0227203
1588508998682,-4.99057,0.9245148,-7.1770325
1588508998881,-5.8411713,-4.2944946,-8.419922
1588508999080,-4.5135803,-6.2389374,-8.314331
1588508999284,-4.927429,-5.240265,-8.955856
1588508999481,-5.4853973,-0.65937805,-7.30661
1588508999681,-4.5249023,2.9559937,-4.76355
1588508999880,-4.946457,-0.057418823,-7.4375763
1588509000076,-5.871872,-5.7724915,-8.565247
1588509000273,-4.0667725,-6.244568,-8.290756
1588509000475,-5.923477,-4.394211,-9.537048
1588509000673,-4.294159,0.9793396,-6.2763824
1588509000874,-3.839737,3.0357819,-5.478821
1588509001076,-5.5101776,-2.3533936,-8.182526
1588509001274,-5.305176,-6.348175,-8.58548
1588509001474,-4.2652435,-5.8876495,-8.332703
1588509001672,-5.2804565,-3.173172,-8.951309
1588509001872,-4.6409607,2.3467865,-5.143326
1588509002071,-4.3009796,1.9513855,-6.6350403
1588509002271,-5.741211,-3.3804474,-8.392502
1588509002470,-4.8294373,-6.530792,-8.200012
1588509002672,-4.4195557,-5.4715424,-8.492645
1588509002869,-5.9597473,-2.114334,-8.439194
1588509003068,-3.9441376,2.5350952,-5.135727
1588509003268,-4.7427063,1.0267487,-7.171631
1588509003470,-5.572357,-4.604294,-8.493774
1588509003670,-4.2100067,-6.4733276,-8.215805
1588509003869,-5.14859,-5.2149963,-8.738815
1588509004069,-5.381302,-1.3253784,-8.024155
1588509004268,-4.0515594,3.1086273,-5.027878
1588509004469,-4.514908,0.7448883,-7.314636
1588509004666,-6.061798,-4.6056213,-8.324326
1588509004865,-4.3798065,-6.501053,-8.287689
1588509005064,-4.7704926,-5.0069427,-8.820099
1588509005265,-5.0506134,-0.5980835,-7.7985077
1588509005466,-4.396454,3.1344147,-5.3659973
1588509005666,-4.564575,0.5016937,-7.281296
1588509005866,-5.8705597,-4.9776154,-8.550461
1588509006065,-4.3589783,-6.40361,-8.0121765
1588509006264,-4.9042664,-4.893524,-9.010513
1588509006463,-5.887619,-0.55049133,-7.603134
1588509006660,-3.5725403,2.8127594,-5.231552
1588509006863,-4.2171326,-0.11312866,-7.6716156
1588509007063,-6.9762573,-5.4261627,-7.5652466
1588509007262,-3.942871,-6.573059,-8.181152
1588509007461,-5.234482,-4.6301575,-9.524658
1588509007661,-5.262619,0.49661255,-6.796234
1588509007861,-3.9168396,2.5832672,-5.207855
1588509008064,-5.613785,-1.4953156,-7.9360504
1588509008260,-5.439911,-6.0838623,-8.686996
1588509008460,-4.1701965,-6.1356964,-7.9160004
1588509008657,-5.682373,-3.6972504,-9.362152
1588509008856,-4.6646576,1.0644531,-6.115799
1588509009056,-4.183487,2.6312103,-6.089279
1588509009258,-5.306427,-2.2974243,-8.405136
1588509009456,-5.3792114,-6.375656,-8.401306
1588509009656,-4.3989716,-5.735382,-8.117767
1588509009854,-5.255005,-2.964447,-9.332291
1588509010053,-4.263336,2.092636,-5.162903
1588509010252,-4.843628,1.6618042,-6.515274
1588509010453,-5.5688934,-3.8559875,-8.678604
1588509010656,-4.828369,-6.2227173,-7.839737
1588509010852,-4.9057617,-4.986664,-9.0433655
1588509011053,-5.455826,-1.5327759,-8.461868
1588509011252,-4.12381,2.696106,-4.8204193
1588509011452,-4.855545,0.46063232,-6.9174347
1588509011652,-6.0353394,-5.311493,-8.737564
1588509011855,-4.2960205,-6.003525,-7.9806366
1588509012050,-5.350189,-4.627289,-9.330246
1588509012251,-5.3176727,0.09030151,-6.757675
1588509012453,-4.0912476,2.6931,-5.345108
1588509012651,-5.5134735,-1.7658539,-8.0550995
1588509012849,-5.070175,-5.928116,-8.555191
1588509013052,-4.286316,-5.7880554,-8.393097
1588509013249,-5.7604218,-3.0393372,-9.294037
1588509013448,-4.2435303,2.100174,-5.211685
1588509013648,-4.432541,2.04805,-6.515808
1588509013845,-5.5726013,-3.5121918,-8.616425
1588509014046,-4.708832,-6.2023773,-8.365753
1588509014244,-4.5771484,-5.204529,-8.670593
1588509014446,-5.4947968,-1.6468658,-8.52652
1588509014644,-4.167328,2.6465454,-5.0583344
1588509014845,-4.6832733,0.6828766,-7.1062164
1588509015044,-5.7671967,-5.1644287,-8.757263
1588509015244,-4.473007,-5.984131,-8.442596
1588509015443,-5.1427765,-4.3782806,-8.799637
1588509015640,-5.2656097,-0.091537476,-7.4663696
1588509015840,-3.906952,3.0975494,-4.8954773
1588509016044,-5.757553,-0.9847412,-8.194443
1588509016240,-4.7188263,-5.7608185,-8.780899
1588509016439,-4.6293488,-5.7873383,-7.949402
1588509016641,-5.235443,-4.129715,-9.830582
1588509016841,-4.5809174,1.2557526,-5.6130676
1588509017042,-4.203537,2.5716095,-6.0733643
1588509017249,-5.672989,-3.1427002,-8.358093
1588509017443,-5.0472565,-5.7731476,-8.304642
1588509017641,-4.508377,-5.893585,-8.174744
1588509017837,-5.796768,-2.932434,-9.42099
1588509018037,-3.887207,2.435135,-4.7937164
1588509018237,-4.5211334,1.49469,-6.721176
1588509018435,-5.5615845,-3.917099,-8.496704
1588509018636,-4.346466,-6.121933,-7.883972
1588509018837,-4.7704926,-5.8237305,-8.863083
1588509019035,-5.7789764,-2.042862,-8.641556
1588509019235,-3.8706818,2.8483124,-4.815811
1588509019435,-4.460434,1.0411072,-6.9886627
1588509019632,-5.4824066,-4.545288,-8.769104
1588509019831,-4.3509064,-6.095886,-8.420212
1588509020033,-4.7900543,-5.3654175,-8.377594
1588509020233,-5.918274,-1.6366882,-8.4583435
1588509020429,-4.3869934,2.8665009,-4.701126
1588509020629,-4.0485077,0.6875458,-7.5170593
1588509020831,-6.230118,-4.6696625,-8.519211
1588509021030,-4.2018585,-6.165268,-7.697647
1588509021229,-4.635391,-4.9821014,-9.057678
1588509021429,-5.457077,-1.051239,-8.207672
1588509021634,-3.8414154,3.079239,-5.131485
1588509021831,-4.7340393,1.0807953,-7.329056
1588509022026,-5.5329742,-4.889267,-8.787491
1588509022226,-4.0858,-6.5712585,-7.9533386
1588509022425,-4.732239,-5.2935944,-8.738342
1588509022627,-5.626419,-0.9587097,-7.58638
1588509022824,-4.226761,3.000885,-4.9437714
1588509023026,-4.899414,-0.035324097,-7.2727356
1588509023229,-5.6570587,-5.5955048,-8.413925
1588509023428,-3.7434998,-6.5638275,-8.031342
1588509023624,-5.32666,-4.856949,-9.381241
1588509023824,-5.187683,-0.24349976,-6.7343445
1588509024025,-4.208084,2.9469452,-5.408066
1588509024221,-5.3950653,-1.0808105,-7.6951904
1588509024422,-5.2839203,-6.1278534,-8.333542
1588509024621,-4.089569,-6.3099823,-8.16272
1588509024822,-5.365082,-4.4851227,-9.294449
1588509025020,-4.974533,0.831131,-6.0008087
1588509025220,-3.8869019,2.9950104,-5.788864
1588509025420,-5.255844,-2.5359497,-7.938919
1588509025619,-5.271591,-6.751602,-8.507004
1588509025824,-4.5068817,-6.5330048,-7.8019104
1588509026019,-5.556137,-3.6291962,-9.007446
1588509026218,-3.973938,1.9512634,-5.245331
1588509026420,-4.7037506,1.5531616,-6.6676025
1588509026618,-5.5764923,-3.8859253,-8.285721
1588509026817,-4.3044586,-6.6382904,-8.026672
1588509027018,-5.080002,-5.438385,-8.84021
1588509027218,-5.3404846,-1.6422577,-8.613434
1588509027416,-3.875473,2.4321442,-4.85614
1588509027616,-4.7955627,1.2109833,-7.108307
1588509027814,-5.208084,-4.1239624,-8.43512
1588509028016,-5.326248,-6.8328247,-7.8299866
1588509028216,-4.605713,-5.7951202,-8.8619995
1588509028415,-5.282791,-1.9493713,-7.97435
1588509028615,-4.4063263,2.8052063,-4.92276
1588509028811,-5.1469727,0.95658875,-7.065155
1588509029011,-5.2251434,-4.940155,-8.653168
1588509029210,-4.116928,-6.6024475,-7.942749
1588509029414,-4.9577637,-5.25618,-8.988235
1588509029612,-5.4501953,-1.0288544,-7.930664
1588509029811,-3.8439941,3.1928406,-5.24263
1588509030008,-4.9041443,0.7236328,-7.1346436
1588509030210,-5.6736298,-4.9391937,-8.639709
1588509030410,-4.3991394,-6.5628815,-7.7780914
1588509030610,-5.0756226,-4.659851,-9.014343
1588509030811,-5.638199,-0.87390137,-7.743973
1588509031009,-3.9254608,3.0294342,-5.1770935
1588509031206,-4.9402924,0.6694641,-7.2997284
1588509031408,-5.5125732,-4.8993835,-8.589905
1588509031605,-4.475754,-6.491287,-8.203964
1588509031807,-4.8779907,-4.596405,-9.062698
1588509032005,-5.1275787,-0.8714447,-7.7057343
1588509032204,-4.582962,3.2400665,-5.0953217
1588509032405,-4.6246796,0.8855438,-7.401428
1588509032605,-5.6923065,-4.8913116,-8.665985
1588509032804,-4.4703064,-6.2122498,-7.9165344
1588509033004,-4.9640045,-5.3583527,-8.498871
1588509033201,-6.5496216,-1.3400421,-7.9217377
1588509033403,-3.8473969,3.3473206,-4.704422
1588509033602,-4.626236,0.8680725,-7.107895
1588509033801,-5.2572937,-4.7961884,-8.791321
1588509034015,-4.6844177,-6.158676,-8.355331
1588509034200,-4.417877,-4.6809845,-9.004227
1588509034400,-5.6646576,-1.3471069,-7.863449
1588509034605,-4.9523773,2.7382965,-5.04924
1588509034800,-4.887146,0.74757385,-7.4059143
1588509035001,-5.5967865,-4.6705017,-8.492218
1588509035201,-4.352524,-6.423416,-8.28746
1588509035400,-5.1391296,-4.8206787,-8.8650055
1588509035598,-5.1070557,-0.89556885,-7.6437225
1588509035798,-4.3352814,2.8416138,-5.5886536
1588509035995,-4.3548584,-0.04269409,-7.5024567
1588509036196,-5.1977844,-5.299103,-8.963333
1588509036406,-4.208145,-6.814926,-7.6253357
1588509036593,-4.776886,-5.4293365,-8.876968
1588509036793,-5.495392,-0.9344635,-7.8880463
1588509036992,-3.3364258,3.2631683,-4.788513
1588509037191,-5.2969055,0.22521973,-7.4786377
1588509037391,-5.6751404,-5.0603943,-8.633591
1588509037591,-4.088852,-6.105713,-7.677414
1588509037790,-5.112732,-5.6545258,-8.470917
1588509037991,-5.819931,-1.8744965,-8.349167
1588509038189,-4.3528137,2.9759216,-5.261551
1588509038390,-4.1544037,1.5022888,-6.8338776
1588509038591,-5.7758636,-3.4767456,-8.54657
1588509038790,-4.4781494,-6.4756165,-8.645508
1588509038990,-4.745102,-5.055435,-8.397827
1588509039190,-5.030319,-2.5063171,-8.988174
1588509039388,-4.1147766,2.0794067,-5.9949493
1588509039592,-3.491272,2.2112732,-6.7194977
1588509039790,-6.6496277,-2.1500702,-8.076233
1588509039986,-4.0466003,-7.0780487,-8.18013
1588509040185,-4.1020813,-5.742264,-8.476471
1588509040386,-5.800232,-2.8309784,-9.146622
1588509040584,-4.8974457,2.1135864,-5.1050873
1588509040787,-4.36557,1.8929596,-6.365265
1588509040986,-5.4504395,-2.872818,-8.477249
1588509041184,-4.9611206,-6.055969,-8.379578
1588509041383,-4.429428,-5.6179504,-8.318466
1588509041584,-5.6730347,-2.896103,-8.890503
1588509041784,-4.3999786,2.336197,-5.3628845
1588509041987,-3.9574127,1.4593658,-6.985016
1588509042183,-5.488388,-3.386917,-8.793594
1588509042385,-4.2761383,-5.881607,-8.031937
1588509042584,-4.17984,-6.117676,-6.8967285
1588509042784,-4.119629,-6.1754913,-7.127289
1588509042982,-4.6953125,-5.398941,-9.089035
1588509043181,-5.579132,-0.4168396,-7.47229
1588509043382,-4.152008,2.9400024,-5.473068
1588509043580,-4.7908936,1.0381775,-7.211563
1588509043779,-5.8967743,-4.1097717,-8.717392
1588509043978,-4.291168,-6.281204,-7.724167
1588509044179,-4.9571686,-5.7760773,-8.500427
1588509044378,-5.793701,-2.1429443,-8.889832
1588509044577,-4.2167664,2.423523,-5.309494
1588509044779,-4.010803,2.3392487,-6.606781
1588509044978,-6.342224,-2.5117645,-7.6918945
1588509045176,-5.718292,-6.367569,-8.053955
1588509045376,-4.3883667,-5.596817,-8.399628
1588509045576,-5.382202,-2.833969,-9.101425
1588509045775,-5.3474274,2.3224182,-5.4259033
1588509045976,-4.4455414,2.752121,-5.842682
1588509046176,-5.6965027,-1.2822266,-7.8143616
1588509046376,-6.065323,-6.019394,-7.9725647
1588509046573,-5.2292786,-5.908783,-8.212097
1588509046774,-5.376877,-3.5985565,-9.02858
1588509046971,-5.02211,1.6013489,-5.851059
1588509047172,-4.3075714,3.1761932,-5.807602
1588509047371,-5.610138,-0.96499634,-7.804367
1588509047571,-6.1658936,-5.3428497,-7.88739
1588509047768,-5.076523,-6.1692657,-8.045578
1588509047969,-5.751877,-4.189987,-8.940659
1588509048167,-5.5337524,0.75590515,-6.7782135
1588509048370,-4.780838,2.4800262,-4.9749603
1588509048568,-4.966568,-0.049697876,-8.044739
1588509048767,-5.4979095,-5.370865,-7.499588
1588509048968,-4.820938,-6.202072,-8.419144
1588509049167,-4.4497223,-5.244568,-8.971603
1588509049367,-5.8694916,-0.82499695,-7.799759
1588509049566,-5.378189,3.0429077,-5.3723297
1588509049766,-5.342758,2.720581,-6.851181
1588509049966,-6.3902283,1.7186127,-9.157806
1588509050162,-5.7630615,2.558075,-6.6318054
1588509050366,-4.7858734,2.7790527,-5.926468
1588509050562,-5.1436157,-1.5843201,-8.571167
1588509050765,-6.0121155,-5.734543,-7.6039124
1588509050965,-4.2402344,-6.3662567,-8.298889
1588509051161,-5.021454,-3.4966278,-8.396637
1588509051360,-5.788498,-0.09272766,-7.8173523
1588509051560,-4.4599,3.3951416,-4.944916
1588509051758,-5.2026978,0.6343384,-7.511017
1588509051958,-4.9250336,-4.3059235,-8.390823
1588509052159,-5.1142273,-6.882141,-7.906952
1588509052357,-4.514908,-5.4476013,-8.326004
1588509052557,-5.1107025,-2.1655731,-8.747864
1588509052757,-4.6371307,2.7742767,-5.1494904
1588509052959,-5.381668,2.0575714,-6.424652
1588509053159,-4.7194824,-2.3201141,-8.320129
1588509053357,-5.068741,-6.6118317,-7.926239
1588509053557,-4.365265,-6.6271667,-8.356766
1588509053756,-5.086212,-3.3635101,-9.042114
1588509053957,-4.7197876,1.3765411,-5.8578796
1588509054158,-4.45253,3.0135193,-5.637497
1588509054354,-4.7151184,-1.8460541,-8.81604
1588509054556,-6.021042,-5.892624,-7.7931213
1588509054756,-4.1928253,-6.707611,-8.403931
1588509054956,-4.981888,-3.7835083,-8.75827
1588509055156,-5.226349,0.58573914,-6.539688
1588509055355,-4.4619293,3.5594482,-5.278549
1588509055555,-5.1622925,-0.63279724,-8.044327
1588509055752,-5.840149,-5.691025,-8.451035
1588509055953,-4.737381,-6.339676,-7.617325
1588509056152,-5.2126923,-4.5242767,-8.586258
1588509056352,-5.3625183,-0.74328613,-7.90271
1588509056551,-4.449066,3.5126953,-5.1573944
1588509056750,-5.333786,1.5934448,-6.7821655
1588509056950,-5.939453,-3.7654877,-8.056122
1588509057149,-5.2214355,-6.462494,-8.334564
1588509057349,-4.5847015,-5.29599,-7.562256
1588509057547,-5.8580475,-3.118225,-8.6562195
1588509057745,-5.2920074,1.9125977,-6.0228424
1588509057947,-4.4662476,3.0980225,-5.6200714
1588509058149,-5.7313995,-1.0769806,-8.225922
1588509058347,-5.449295,-5.181656,-7.9750214
1588509058546,-5.1744537,-6.667862,-7.4674377
1588509058745,-4.9714813,-4.5193634,-8.311462
1588509058946,-5.757019,-0.5360718,-7.748993
1588509059145,-5.048691,2.5134735,-5.583084
1588509059346,-5.0995026,1.6536713,-6.8068237
1588509059546,-5.171097,-3.0893707,-8.078323
1588509059746,-5.6516724,-6.5324097,-7.606964
1588509059945,-4.3675385,-5.904587,-8.344498
1588509060140,-5.836151,-2.9621124,-8.724823
1588509060340,-5.5228577,1.1433411,-6.7230225
1588509060539,-4.491623,3.3666534,-5.21138
1588509060739,-5.752594,0.065704346,-7.377182
1588509060944,-5.6123505,-5.0970306,-8.408783
1588509061138,-4.5222626,-6.386307,-7.6350403
1588509061339,-5.111908,-5.2666626,-8.393875
1588509061538,-5.5299225,-1.8128357,-8.500778
1588509061739,-4.4809723,3.0831757,-5.5419617
1588509061939,-4.645035,2.3627625,-6.2284393
1588509062141,-5.7153625,-1.3852997,-8.24736
1588509062336,-5.978119,-5.6733093,-8.079163
1588509062535,-4.5605164,-5.825287,-8.183182
1588509062736,-4.9447784,-4.402527,-8.091431
1588509062935,-6.3686676,-1.279419,-8.272614
1588509063134,-4.6127625,3.1099396,-4.6429443
1588509063337,-5.282242,1.7788239,-6.4514008
1588509063534,-5.2100677,-3.3650665,-8.368683
1588509063734,-5.5881653,-6.415161,-7.23497
1588509063934,-4.2881775,-6.5343933,-8.327255
1588509064136,-5.863739,-4.3629,-8.587631
1588509064337,-5.187622,0.88656616,-6.076294
1588509064534,-4.448166,2.8103638,-5.5053864
1588509064737,-5.290451,-1.232666,-7.87883
1588509064932,-6.195511,-5.7789,-7.6987762
1588509065130,-4.273926,-6.584717,-7.6046295
1588509065331,-5.4623566,-5.1991425,-8.661667
1588509065530,-5.610855,-1.0475922,-7.2292175
1588509065730,-4.554291,2.7777405,-5.1691895
1588509065931,-5.3871155,0.23277283,-7.382263
1588509066130,-4.99028,-4.909622,-8.220062
1588509066329,-4.5224457,-6.7295074,-8.0750885
1588509066527,-5.073654,-5.533615,-8.464325
1588509066726,-5.856613,-1.6512299,-7.906845
1588509066930,-4.037445,2.9940033,-5.1181335
1588509067124,-4.946396,1.0213623,-6.7496033
1588509067328,-6.270508,-4.75119,-8.301941
1588509067526,-4.1533813,-6.7492065,-7.8533936
1588509067728,-4.839203,-5.708206,-8.531067
1588509067926,-6.4341583,-1.5109863,-7.7981415
1588509068125,-4.282257,2.9860382,-4.761215
1588509068326,-4.3092957,0.9162445,-6.990631
1588509068526,-5.888275,-5.0295105,-9.217957
1588509068725,-4.456253,-6.5042725,-7.988785
1588509068924,-4.36969,-5.522064,-8.414581
1588509069125,-5.469528,-1.3733215,-7.9670563
1588509069323,-4.36586,2.8143158,-4.8615875
1588509069522,-5.6799774,0.30812073,-7.0448
1588509069722,-5.397888,-5.114029,-8.718475
1588509069921,-4.105789,-6.3187866,-7.661667
1588509070121,-5.16008,-5.5276794,-9.113037
1588509070320,-4.910782,-0.6781769,-7.686508
1588509070521,-4.298523,2.6108704,-5.5568695
1588509070719,-4.6364136,0.31758118,-7.095627
1588509070919,-5.6360474,-5.1126556,-8.45134
1588509071118,-4.4230804,-6.6580505,-8.190796
1588509071318,-4.270691,-4.8874817,-8.73056
1588509071517,-4.8350677,-1.1040955,-8.284821
1588509071717,-3.9512482,2.5427551,-5.2401733
1588509071916,-4.6125946,0.11634827,-8.098129
1588509072114,-4.927841,-5.4837494,-8.605225
1588509072314,-3.8581085,-7.0297394,-8.101669
1588509072516,-4.5882263,-5.1753235,-8.681
1588509072717,-5.3282166,0.1547699,-6.8505707
1588509072917,-3.0428314,2.3629456,-5.530472
1588509073132,-5.914612,-1.2037506,-8.504257
1588509073312,-5.3889008,-6.277252,-7.984833
1588509073512,-3.4977875,-6.490753,-7.8417206
1588509073713,-5.800827,-4.52092,-9.340912
1588509073909,-4.9081573,1.1544647,-6.2917175
1588509074109,-3.7733002,2.6623383,-5.0779114
1588509074311,-5.7226562,-1.9190216,-8.783234
1588509074509,-4.7710876,-5.8827515,-8.05397
1588509074709,-4.6050415,-6.2030334,-8.355392
1588509074910,-5.396805,-4.0340576,-9.298523
1588509075112,-4.369339,1.8964386,-5.2333527
1588509075309,-4.6834564,2.4547577,-5.763489
1588509075508,-5.586899,-2.9107666,-8.920715
1588509075709,-4.543579,-6.0681763,-7.9851837
1588509075906,-4.812439,-5.8450317,-8.326904
1588509076106,-4.9842834,-3.2982635,-9.41507
1588509076308,-3.7033844,2.5039062,-5.17865
1588509076506,-5.3073883,1.9996948,-6.7743835
1588509076706,-5.467087,-3.4684296,-8.428116
1588509076908,-4.6085205,-6.044113,-7.823639
1588509077106,-4.708481,-5.6979065,-8.310806
1588509077306,-5.7200317,-3.1313324,-8.879776
1588509077504,-4.423691,2.5022278,-4.9714355
1588509077701,-5.049774,2.063919,-6.5341187
1588509077904,-5.6569977,-3.0460358,-8.164627
1588509078101,-4.716385,-6.1802826,-8.40448
1588509078302,-4.373413,-6.012207,-7.9094696
1588509078500,-5.3319855,-3.6194458,-9.352692
1588509078701,-4.685135,1.7559509,-5.463608
1588509078904,-4.5292664,2.420288,-6.5186157
1588509079106,-5.182831,-2.2691193,-8.587326
1588509079299,-4.740799,-5.7065277,-7.890854
1588509079499,-4.0719757,-6.162323,-8.1458435
1588509079698,-5.74942,-3.9149475,-9.151169
1588509079900,-5.2416077,1.0389557,-6.436081
1588509080098,-3.9046783,3.1054993,-5.6875305
1588509080296,-5.526993,-0.63404846,-8.059113
1588509080495,-5.6759186,-5.2908936,-8.091843
1588509080694,-3.9992523,-6.505783,-8.087479
1588509080895,-4.436203,-4.972412,-8.7513275
1588509081096,-6.0444336,-0.7901001,-7.6844177
1588509081296,-4.151947,3.0883942,-5.590744
1588509081496,-4.0235596,2.3309174,-6.848068
1588509081696,-5.894867,-3.5501251,-8.3594055
1588509081896,-5.1981506,-6.6305084,-7.8573456
1588509082094,-4.491974,-5.88208,-7.922516
1588509082290,-5.1746216,-3.6941528,-9.32457
1588509082491,-4.92305,1.4220276,-6.626358
1588509082689,-4.1684113,3.6981964,-5.1981506
1588509082889,-5.3355103,0.17955017,-7.8886414
1588509083089,-5.597748,-4.9663696,-8.013504
1588509083290,-4.377899,-6.5685577,-8.168045
1588509083489,-4.523041,-4.4766235,-8.47905
1588509083688,-5.1670837,-2.0970306,-8.871948
1588509083887,-5.076996,2.3507996,-5.4931183
1588509084086,-4.4552307,1.7534485,-6.77977
1588509084302,-5.270462,-2.8013458,-8.302719
1588509084487,-4.554352,-6.3185425,-8.166138
1588509084685,-4.2414246,-5.710846,-7.9720764
1588509084886,-5.211502,-3.979721,-9.2092285
1588509085089,-5.314392,0.87950134,-6.3158264
1588509085285,-3.6078033,3.0952148,-5.6667023
1588509085490,-5.74559,-0.8475647,-7.9631042
1588509085687,-5.8217773,-6.004013,-8.481812
1588509085886,-4.144638,-6.1683655,-8.103043
1588509086086,-5.0198364,-4.948654,-8.355682
1588509086285,-5.44104,-0.10673523,-7.151703
1588509086486,-4.2769165,3.103531,-5.2080994
1588509086686,-5.259323,0.35385132,-7.6688538
1588509086882,-5.8885193,-5.019272,-8.494141
1588509087082,-4.5954742,-6.4768677,-7.7822876
1588509087281,-4.733795,-5.3032837,-8.191864
1588509087481,-5.654358,-1.8585663,-8.702011
1588509087678,-4.124649,2.6506042,-5.3276215
1588509087877,-4.9681244,1.1729736,-7.1347656
1588509088080,-4.831421,-3.1100159,-8.235504
1588509088279,-5.0684967,-5.9059143,-7.846985
1588509088479,-4.673706,-6.323578,-7.543106
1588509088679,-5.5414886,-4.699768,-9.098618
1588509088876,-5.547348,1.5106049,-6.080185
1588509089078,-4.618576,3.4466858,-4.8136444
1588509089277,-5.6486816,-0.85072327,-8.284225
1588509089476,-5.5404663,-4.932068,-7.8983917
1588509089677,-4.661667,-6.589691,-7.448044
1588509089875,-4.832611,-5.5198517,-8.034454
1588509090076,-6.1145935,-2.54068,-8.030136
1588509090274,-5.3511353,2.2089996,-5.5521393
1588509090475,-4.884033,1.7977295,-6.8696747
1588509090693,-5.9255676,-2.04747,-7.9869843
1588509090873,-4.9766235,-6.0763245,-7.789459
1588509091073,-3.7771301,-6.174179,-7.6246796
1588509091271,-5.6172485,-4.619919,-8.718948
1588509091472,-5.163681,-0.59503174,-7.6912994
1588509091670,-4.974289,3.4059143,-5.320801
1588509091872,-5.76976,2.0473938,-6.506714
1588509092071,-5.254532,-3.2572021,-8.274643
1588509092271,-4.764679,-6.5161896,-8.0979
1588509092470,-4.141464,-6.1015167,-8.093704
1588509092667,-5.1418915,-3.659195,-8.9804535
1588509092868,-5.1939087,0.94085693,-6.661789
1588509093067,-4.337311,2.7080688,-5.8419037
1588509093269,-5.3350983,0.33769226,-7.6206665
1588509093468,-6.009186,-5.110138,-8.199585
1588509093669,-3.2920074,-6.639847,-8.227966
1588509093867,-4.246628,-5.482254,-8.449844
1588509094065,-5.986389,-1.960556,-8.136917
1588509094267,-4.740204,2.0505676,-6.0037994
1588509094466,-5.3596954,2.0768433,-6.432312
1588509094665,-4.9609375,-2.643814,-8.326599
1588509094865,-5.108246,-6.245407,-8.324509
1588509095065,-3.756424,-6.1252136,-8.126572
1588509095266,-5.25914,-4.3427277,-8.819092
1588509095466,-5.195404,0.61834717,-7.079941
1588509095668,-4.196594,2.901947,-5.681183
1588509095863,-5.6523285,0.48828125,-7.310501
1588509096062,-6.1150665,-3.9866028,-8.125549
1588509096261,-4.3956757,-6.933014,-8.132675
1588509096462,-5.158951,-5.4048004,-8.175583
1588509096659,-6.1771393,-1.7113342,-8.3797455
1588509096858,-4.839432,3.13591,-4.6203156
1588509097058,-4.9891357,2.183136,-6.3993835
1588509097258,-5.593918,-2.414505,-8.268005
1588509097458,-4.4344635,-6.466629,-8.24382
1588509097658,-4.250702,-6.2636566,-7.7743835
1588509097857,-5.736786,-4.2823486,-8.659515
1588509098058,-4.9717255,0.6270294,-6.8499756
1588509098254,-3.8860168,3.282196,-5.5891876
1588509098462,-5.2668,-0.3335266,-8.156082
1588509098660,-5.895279,-4.1956177,-8.766602
1588509098857,-5.052109,-4.8387604,-8.581284
1588509099053,-5.639099,-2.9286652,-7.9963226
1588509099258,-5.497299,-0.753891,-7.008835
1588509099455,-5.562134,-0.5425415,-7.432968
1588509099659,-4.733322,-3.137619,-7.0871887
1588509099857,-5.519272,-6.999756,-8.552551
1588509100058,-3.7078247,-5.647217,-7.597931
1588509100257,-4.8500977,-3.7534027,-8.5802
1588509100456,-5.9998474,0.40789795,-6.9365845
1588509100649,-4.3669434,3.0811462,-6.104248
1588509100850,-5.036545,1.5759735,-7.3549194
1588509101051,-5.721283,-3.2587585,-7.989975
1588509101250,-4.706375,-6.394684,-7.9364014
1588509101450,-3.9488525,-6.269821,-7.835495
1588509101650,-5.5927734,-3.8270874,-8.723984
1588509101850,-4.6058807,-0.17286682,-7.53537
1588509102049,-4.3161316,3.4159698,-5.961731
1588509102249,-4.871765,1.4550629,-7.5424957
1588509102448,-5.1860504,-3.7384338,-8.237289
1588509102647,-4.4827576,-6.2155457,-8.3164215
1588509102848,-4.313431,-5.568207,-7.8976746
1588509103045,-5.1506805,-3.0421448,-9.347015
1588509103246,-4.610077,0.96281433,-6.9417877
1588509103446,-4.3625793,3.6147614,-6.1421967
1588509103646,-4.713089,0.8444214,-7.586853
1588509103846,-5.100281,-4.0995483,-8.477493
1588509104046,-4.863327,-6.3493195,-7.637909
1588509104245,-4.149246,-5.536072,-8.61792
1588509104446,-5.329895,-3.078598,-8.7708435
1588509104643,-5.6432343,0.9476776,-6.9843597
1588509104842,-4.3793335,3.4977417,-5.399933
1588509105042,-5.0466614,0.07546997,-7.523285
1588509105241,-4.5030518,-5.35878,-8.504364
1588509105441,-3.8647614,-6.3570404,-7.55249
1588509105640,-4.6907654,-6.410431,-8.380951
1588509105840,-5.0777283,-2.940094,-8.656769
1588509106039,-5.267105,1.5355682,-6.60553
1588509106239,-3.8107758,3.2296448,-6.2128143
1588509106439,-5.7396545,-1.0077972,-7.697998
1588509106638,-4.974411,-5.5707855,-7.8743896
1588509106837,-3.9000092,-6.74675,-7.764328
1588509107038,-4.8426056,-5.3931885,-8.47319
1588509107237,-6.1826477,-2.3068848,-8.567581
1588509107436,-4.63443,2.2046356,-5.4770813
1588509107636,-4.326248,2.1131134,-7.2007904
1588509107837,-4.7432556,-2.7240753,-8.166672
1588509108036,-4.365738,-6.1089325,-8.327316
1588509108236,-3.6544342,-6.694504,-7.453369
1588509108436,-4.5055695,-5.229004,-8.911148
1588509108638,-5.369278,-0.8865204,-8.064804
1588509108834,-4.06456,3.0850983,-6.076645
1588509109031,-4.3400726,1.597229,-7.41304
1588509109233,-5.7950897,-2.552948,-8.333908
1588509109430,-4.325165,-6.293167,-8.145248
1588509109631,-3.653656,-6.328247,-7.4344635
1588509109831,-4.53154,-4.600296,-8.624741
1588509110030,-5.7356415,-0.18185425,-8.016968
1588509110228,-4.143982,2.7618256,-6.064377
1588509110428,-4.7323,1.5445557,-7.3313293
1588509110628,-5.3831635,-3.426239,-8.378494
1588509110829,-3.993744,-6.348358,-7.7384033
1588509111029,-4.013565,-6.4284363,-7.519699
1588509111229,-4.781143,-4.3581696,-8.854523
1588509111427,-5.5843964,-1.0936279,-7.6558685
1588509111626,-5.069824,2.5377197,-5.8173523
1588509111826,-4.136673,1.0935974,-7.445114
1588509112026,-6.679138,-3.5935364,-7.8724213
1588509112227,-4.439972,-6.7845764,-7.5019836
1588509112426,-4.3167267,-6.0181274,-8.347015
1588509112627,-5.6077423,-3.6139984,-9.408661
1588509112826,-2.4960022,2.0806122,-6.1459045
1588509113028,-3.0093079,3.483551,-6.5573425
1588509113224,-4.072159,0.22695923,-8.635574
1588509113423,-4.538315,-4.7536926,-9.105072
1588509113623,-4.2841034,-6.3612823,-8.295959
1588509113822,-4.3555145,-5.0251465,-8.720627
1588509114022,-5.2343597,-2.205017,-8.636108
1588509114222,-4.6189423,2.7661896,-5.6158295
1588509114421,-4.227661,2.3343964,-7.0056
1588509114620,-5.7261963,-2.2580414,-8.627609
1588509114820,-4.6202545,-5.876938,-8.184799
1588509115019,-4.198807,-5.6733704,-8.3125305
1588509115219,-4.932266,-3.9305725,-9.159851
1588509115419,-5.3269043,0.8878174,-6.720337
1588509115618,-4.1974945,3.3554077,-5.8349
1588509115818,-4.7073364,0.23234558,-7.7418213
1588509116015,-5.5055695,-4.7368164,-8.786285
1588509116216,-4.3875275,-6.0800934,-8.403519
1588509116416,-4.010559,-5.1019287,-8.546036
1588509116613,-5.6754303,-2.675232,-8.674957
1588509116813,-4.7589417,2.2173157,-6.270996
1588509117014,-4.5150757,2.9188843,-6.634857
1588509117215,-5.617676,1.5592804,-9.830338
1588509117415,-4.661606,2.4895325,-8.060959
1588509117613,-4.037506,3.4934845,-5.7584076
1588509117811,-4.6832123,0.004119873,-8.65448
1588509118011,-4.8817596,-4.8750305,-8.821182
1588509118211,-4.5049744,-6.0405273,-7.6199493
1588509118410,-4.029419,-5.3823547,-8.165298
1588509118610,-5.2408295,-3.8369598,-9.165237
1588509118809,-5.2528534,0.7025604,-7.376343
1588509119016,-4.915222,3.4822388,-5.7391815
1588509119209,-4.611511,1.6357117,-7.5732117
1588509119409,-4.6355743,-2.303238,-8.511917
1588509119608,-4.9752502,-5.884369,-8.429367
1588509119808,-3.6965027,-5.9743195,-7.6958466
1588509120044,-4.409683,-4.9269867,-8.834106
1588509120206,-5.710388,-1.5679779,-8.246994
1588509120405,-5.060898,2.5791473,-6.084671
1588509120604,-4.350067,2.198166,-6.5964966
1588509120803,-5.159897,-0.8943634,-8.285843
1588509121007,-5.0907745,-4.6226196,-8.502457
1588509121203,-4.097,-6.335434,-7.5574646
1588509121406,-4.0952606,-5.8276215,-8.06749
1588509121604,-5.178467,-3.4708252,-8.827347
1588509121807,-5.44014,1.2737579,-7.247116
1588509122007,-4.554352,3.2786713,-5.8700256
1588509122201,-4.607025,1.2971649,-7.74469
1588509122404,-5.222336,-2.7727966,-8.172058
1588509122604,-4.618393,-6.162689,-7.9929047
1588509122801,-4.191635,-6.4334106,-8.181274
1588509123001,-4.7626495,-5.154068,-8.970703
1588509123201,-5.4717407,-0.60813904,-7.336426
1588509123400,-5.026718,3.0156708,-5.513962
1588509123600,-4.389023,1.8787231,-7.518265
1588509123799,-5.8926544,-1.809845,-8.189529
1588509123999,-5.3993225,-5.6454773,-8.326904
1588509124196,-4.1229095,-5.9304504,-7.171341
1588509124395,-4.935089,-4.47818,-8.37706
1588509124598,-5.7550354,-1.8274994,-8.915817
1588509124797,-4.740494,2.1969147,-5.7828827
1588509124994,-5.25531,2.673233,-6.7003937
1588509125194,-5.30188,-0.5643921,-7.9565125
1588509125396,-5.250229,-4.8837585,-8.129379
1588509125596,-4.314743,-6.2592926,-7.4317017
1588509125795,-4.330429,-5.6657715,-7.6506042
1588509125994,-5.0668335,-4.039383,-8.542267
1588509126193,-6.4750366,-0.027130127,-7.428177
1588509126393,-4.697708,2.9002075,-5.978607
1588509126592,-5.089096,1.6266022,-7.2685394
1588509126791,-5.298584,-1.9864197,-8.017212
1588509126989,-5.8608093,-5.868973,-7.7592316
1588509127192,-3.8688965,-6.236191,-7.78862
1588509127390,-5.539749,-4.4516754,-8.623718
1588509127591,-3.8568573,-0.88838196,-8.312408
1588509127791,-4.515976,2.6486359,-6.874405
1588509127992,-4.281708,2.6394196,-6.87529
1588509128190,-4.9438324,-0.90448,-8.142731
1588509128392,-5.558655,-5.4039,-8.36647
1588509128589,-4.686386,-6.1125946,-7.249634
1588509128791,-4.749893,-5.1155853,-8.232086
1588509128994,-5.3357544,-2.6260376,-8.903427
1588509129190,-4.7943115,2.166809,-6.380295
1588509129391,-4.1582947,3.0907288,-6.3860474
1588509129588,-5.317688,-0.15545654,-8.023743
1588509129785,-5.404709,-4.8243866,-8.224487
1588509129987,-4.1621246,-6.332794,-8.005005
1588509130184,-4.393219,-5.3930664,-7.875061
1588509130385,-5.8852844,-3.213272,-8.738998
1588509130587,-5.2891235,1.7975616,-6.6798706
1588509130789,-4.0157776,2.6635895,-6.1176453
1588509130986,-5.400467,8.239746E-4,-8.281708
1588509131185,-5.0508423,-3.9418182,-8.42572
1588509131383,-5.1372223,-6.0134735,-7.854889
1588509131581,-4.159424,-5.3454285,-7.7867737
1588509131781,-4.9449615,-3.8441467,-9.166077
1588509131981,-5.550461,0.64738464,-7.123749
1588509132181,-4.808609,3.20224,-5.866852
1588509132380,-4.5481873,1.099411,-7.622879
1588509132580,-5.2143707,-3.3992462,-8.433975
1588509132777,-4.5342407,-6.015503,-7.94928
1588509132977,-3.9828491,-6.0341797,-8.1302185
1588509133178,-4.762039,-4.41803,-8.873611
1588509133377,-5.2612305,0.2147522,-7.7030945
1588509133577,-4.9999695,3.092514,-5.54364
1588509133775,-4.9326935,1.7892914,-6.9990234
1588509133975,-5.591873,-2.4898682,-8.216354
1588509134174,-5.022049,-6.2033234,-8.180008
1588509134376,-3.9520874,-6.0059204,-7.840454
1588509134576,-5.1376953,-4.239731,-8.622284
1588509134775,-5.9877014,-0.3014984,-7.8737946
1588509134975,-4.370178,3.0824585,-5.4235687
1588509135177,-4.832443,1.751648,-7.314575
1588509135372,-4.6171417,-2.7170715,-8.495804
1588509135573,-4.3876495,-6.229248,-8.4339905
1588509135773,-3.8819427,-6.165146,-7.911026
1588509135972,-4.6765137,-3.9029846,-9.096512
1588509136172,-5.6045685,0.048416138,-7.6007385
1588509136371,-4.5301056,3.2747192,-5.961136
1588509136570,-4.6207886,1.4299316,-7.175049
1588509136770,-5.1177063,-2.9053192,-8.541061
1588509136967,-4.923416,-6.0126343,-8.051926
1588509137170,-4.1424866,-6.2665405,-7.6480865
1588509137369,-5.163681,-4.1630554,-8.557877
1588509137569,-5.6412506,-1.046341,-8.113998
1588509137766,-4.440201,2.9832306,-5.9357452
1588509137966,-4.3994446,2.0652924,-6.9929657
1588509138167,-5.8969574,-1.4754944,-8.295532
1588509138367,-5.0911255,-5.5549164,-7.9174347
1588509138566,-4.119385,-6.0293884,-7.9251556
1588509138767,-4.516815,-4.153473,-8.520355
1588509138968,-5.6480865,-2.0481262,-8.69046
1588509139165,-4.7267914,2.2649078,-5.887802
1588509139366,-4.78981,2.1558533,-7.037857
1588509139568,-5.1192627,-1.5889893,-8.533997
1588509139765,-4.820709,-5.177536,-8.389389
1588509139964,-3.7518158,-5.858017,-7.791565
1588509140165,-4.397354,-4.6528473,-8.783417
1588509140363,-5.555664,-1.4470062,-8.486481
1588509140562,-4.758148,2.0894623,-6.317993
1588509140761,-4.8888855,1.9592285,-7.0896454
1588509140961,-4.793167,-1.6008911,-8.093582
1588509141160,-5.088974,-5.7653046,-8.623123
1588509141359,-3.658142,-5.836838,-7.927063
1588509141560,-5.062271,-4.7957764,-8.266754
1588509141759,-6.0590973,-1.0979309,-8.048462
1588509141957,-4.262085,2.6008759,-5.7379913
1588509142158,-5.231247,1.9509583,-7.2727966
1588509142358,-4.2211304,-1.8153534,-8.303131
1588509142557,-5.385071,-5.477707,-8.478577
1588509142756,-3.8239899,-5.8944244,-7.891342
1588509142957,-4.7160797,-4.53714,-8.464859
1588509143156,-5.721405,-1.2903748,-8.488632
1588509143354,-4.358078,2.582428,-5.8183136
1588509143556,-5.1027374,1.9396515,-6.971298
1588509143756,-5.01709,-2.1643677,-8.442368
1588509143955,-5.136856,-5.6766663,-8.350357
1588509144167,-3.8312378,-6.0372314,-7.5529175
1588509144352,-5.3684387,-4.7611237,-8.476776
1588509144557,-5.6052246,-0.99935913,-8.256149
1588509144753,-4.0400696,2.964676,-5.6395874
1588509144954,-5.045944,2.0732422,-6.993866
1588509145152,-5.4776154,-2.090683,-8.468704
1588509145351,-4.665207,-5.3497314,-8.364258
1588509145550,-4.10495,-5.8884277,-7.8309937
1588509145750,-5.072571,-5.2117157,-8.273697
1588509145950,-5.6652527,-1.1843567,-7.958786
1588509146147,-4.9804535,2.6773682,-6.3321075
1588509146346,-4.635147,2.1429749,-6.698181
1588509146549,-5.152725,-1.2545166,-8.379211
1588509146748,-5.1269226,-4.6742096,-8.09874
1588509146947,-4.6058197,-6.079071,-7.534424
1588509147145,-4.103943,-5.964081,-8.068146
1588509147346,-5.081726,-3.3263397,-8.55249
1588509147546,-5.3762817,1.190567,-7.0148773
1588509147744,-4.708481,2.9565887,-6.5286713
1588509147945,-4.7744904,0.37426758,-7.7876587
1588509148146,-5.539627,-4.0810547,-8.195038
1588509148344,-4.4200897,-6.2352905,-8.217789
1588509148545,-3.8232117,-5.5681458,-7.729004
1588509148743,-5.6481476,-3.8953094,-8.859314
1588509148941,-5.5772095,0.42974854,-7.3644867
1588509149140,-4.3054047,3.2371826,-5.933365
1588509149341,-5.0008087,1.3483429,-7.53627
1588509149540,-5.4033356,-2.9029846,-8.174988
1588509149740,-5.207962,-5.935364,-7.851471
1588509149938,-3.8286743,-6.1994324,-8.105438
1588509150138,-4.910553,-4.0772247,-8.531479
1588509150339,-5.4855194,-1.1410828,-8.428421
1588509150539,-4.305954,2.5410767,-6.1967163
1588509150738,-4.9993744,2.6269684,-6.686447
1588509150938,-5.293915,-1.0883026,-8.360352
1588509151138,-4.982376,-5.094574,-8.070847
1588509151338,-4.084015,-6.042145,-8.021881
1588509151537,-4.325821,-4.588135,-8.166199
1588509151737,-5.168228,-2.6496124,-8.705551
1588509151936,-5.4108124,1.0290833,-7.538971
1588509152136,-4.2452545,2.570465,-6.669403
1588509152336,-4.57428,0.2974701,-7.939163
1588509152535,-5.891571,-4.101822,-8.433807
1588509152736,-4.1069946,-6.123535,-7.7554626
1588509152935,-4.555481,-5.747528,-7.85878
1588509153135,-4.6796875,-3.5109863,-8.923111
1588509153334,-5.4112396,0.5929718,-7.3478546
1588509153533,-4.1969604,3.3576813,-5.970825
1588509153733,-4.98555,0.94581604,-7.8099365
1588509153932,-4.874878,-3.5940094,-8.422424
1588509154132,-4.573807,-6.008316,-8.335571
1588509154331,-4.0237427,-5.570175,-7.844345
1588509154530,-5.5604553,-3.7038422,-8.853867
1588509154730,-5.0519867,0.061035156,-7.4856415
1588509154930,-4.3600006,3.3350525,-6.1348267
1588509155127,-4.759659,1.1615906,-7.77211
1588509155329,-5.5702057,-3.9223175,-8.516586
1588509155528,-4.0820923,-5.858856,-7.9334717
1588509155728,-3.9833984,-5.9179993,-7.702194
1588509155927,-5.1546936,-4.5778503,-8.787125
1588509156127,-5.2417297,0.106414795,-7.41243
1588509156327,-4.2297516,3.3160706,-6.0075226
1588509156527,-4.488266,1.380661,-7.61409
1588509156727,-5.5969696,-2.9692993,-8.519867
1588509156926,-4.4221954,-5.8883057,-8.082031
1588509157126,-4.3711395,-6.2663574,-7.757141
1588509157326,-4.752823,-4.1007385,-8.481445
1588509157525,-5.9006653,-1.0214386,-8.202042
1588509157724,-4.658371,2.5679474,-5.860153
1588509157923,-4.8584137,2.1668549,-7.1187286
1588509158123,-5.131119,-1.5065002,-8.440933
1588509158319,-5.1864166,-5.039871,-7.988785
1588509158522,-4.0073395,-5.920334,-7.6725616
1588509158721,-4.729004,-5.363739,-8.005661
1588509158921,-5.7748566,-2.604187,-8.807663
1588509159120,-4.9045563,1.7736206,-6.250229
1588509159320,-4.6394043,3.0422974,-6.609955
1588509159519,-4.297577,0.2203064,-8.165054
1588509159719,-5.7510834,-3.8947754,-8.457748
1588509159917,-5.0121155,-5.845215,-7.562378
1588509160118,-4.266266,-5.9979706,-7.551895
1588509160318,-6.769287,-3.940628,-8.391418
1588509160517,-5.5422516,0.37127686,-7.239868
1588509160714,-3.9796143,3.057022,-6.0235596
1588509160916,-4.5966644,1.5938721,-7.393402
1588509161116,-5.7897034,-1.9858246,-8.262314
1588509161317,-5.405075,-5.4437714,-8.100296
1588509161515,-4.7671356,-5.869751,-7.1544037
1588509161716,-4.5653076,-5.5861053,-8.088684
1588509161916,-5.420212,-2.8956757,-8.500366
1588509162116,-5.594269,1.2878265,-6.5646515
1588509162315,-4.836258,2.467575,-6.4693604
1588509162514,-5.096039,-0.07321167,-7.7457733
1588509162716,-5.535797,-4.320526,-8.753784
1588509162911,-4.439316,-4.738434,-8.588882
1588509163112,-4.919052,-3.514038,-8.222931
1588509163315,-4.985962,-1.9739075,-7.562195
1588509163512,-5.4270935,-1.9417114,-8.119141
1588509163714,-4.4865875,-2.8479156,-8.525558
1588509163913,-4.9765015,-3.193161,-8.462296
1588509164112,-4.457794,-3.078415,-8.337433
1588509164311,-5.132782,-2.885559,-7.9449005
1588509164510,-4.5530853,-2.1159515,-8.165344
1588509164711,-4.7794647,-2.6299286,-8.601273
1588509164910,-4.8607483,-2.710846,-8.337189
1588509165107,-4.934662,-2.8428955,-8.3793335
1588509165307,-4.6906433,-2.8902893,-8.504974
1588509165511,-4.381424,-2.7140808,-8.398422
1588509165705,-4.701294,-2.5972443,-8.355331
1588509165908,-4.9453278,-2.6053772,-8.360001
1588509166103,-4.7280426,-2.738556,-8.416931
1588509166304,-4.80101,-2.7080994,-8.357422
1588509166508,-4.6986084,-2.5554657,-8.5290985
1588509166701,-4.7068634,-2.343872,-8.342819
1588509166916,-4.9812927,-2.5351715,-8.127579
1588509167102,-5.1002197,-2.8307953,-8.423859
1588509167301,-4.4428406,-2.6773834,-8.53418
1588509167503,-4.7203217,-2.50943,-8.160797
1588509167700,-4.9759064,-2.356018,-8.433136
1588509167904,-4.803406,-2.4707642,-8.471451
1588509168101,-5.1150055,-2.3820648,-8.230469
1588509168306,-4.8680573,-2.3838043,-8.376755
1588509168499,-4.875229,-2.4003143,-8.2018585
1588509168703,-4.894684,-2.354538,-8.5095825
1588509168896,-5.006912,-2.3208313,-8.376999
1588509169102,-4.7671356,-2.256546,-8.562073
1588509169295,-5.0168457,-2.0687866,-8.329773
1588509169497,-5.2685394,-2.0543518,-8.271957
1588509169698,-4.966095,-3.0500488,-7.89122
1588509169896,-5.547882,-2.4687347,-8.10112
1588509170105,-4.991287,-2.8707733,-8.634079
1588509170291,-5.333542,-2.3191528,-8.904617
1588509170493,-5.1709137,-0.2879181,-8.567337
1588509170697,-5.293503,1.7730103,-7.4376373
1588509170891,-5.8037567,2.4102936,-7.409317
1588509171100,-6.808975,0.87184143,-7.5243683
1588509171296,-6.5028687,0.59710693,-6.7667236
1588509171526,-7.49234,-0.7966156,-7.0832367
1588509171702,-6.6486206,-1.2154846,-7.424759
1588509171902,-6.097107,-1.2479858,-7.7819824
1588509172096,-6.096573,-1.1139069,-8.160568
1588509172300,-6.2465057,-0.9581146,-7.8535004
1588509172490,-5.805084,-1.255539,-7.9483795
1588509172692,-6.0752106,-1.0439453,-7.7345734
1588509172892,-6.445465,-0.9807892,-7.7232056
1588509173092,-6.0751495,-1.1426392,-7.7389984
1588509173291,-6.1630096,-1.0419617,-7.7704926
1588509173493,-6.1188965,-0.7613678,-7.9201202
1588509173686,-5.907486,-0.5576782,-7.965622
1588509173887,-6.248123,-0.37565613,-7.875061
1588509174089,-6.335449,0.1631012,-7.5606384
1588509174287,-6.232086,0.09623718,-7.652878
1588509174486,-6.587143,-0.115234375,-7.5687256
1588509174686,-6.702072,-0.3486023,-7.5522003
1588509174886,-6.5805054,-0.2949829,-7.420929
1588509175085,-6.8905487,-0.35968018,-7.325943
1588509175284,-6.6212006,-0.25852966,-7.460861
1588509175484,-6.602829,0.08558655,-7.4888763
1588509175684,-6.539566,0.10760498,-7.460556
1588509175883,-6.614319,-0.08943176,-7.440445
1588509176082,-6.7612,-0.048797607,-7.4230347
1588509176282,-6.444214,-0.51387024,-7.499344
1588509176480,-6.816391,-0.74658203,-7.3510284
1588509176802,-6.615219,-0.74676514,-7.4181213
1588509177002,-6.7271423,-0.6879883,-7.353836
1588509177201,-6.740326,-0.61065674,-7.2998505
1588509177400,-6.9644165,-0.50315857,-7.159668
1588509177601,-6.8964233,-0.3603363,-7.235321
1588509177798,-6.812378,-0.27809143,-7.2653656
1588509178197,-6.941971,-0.5775604,-7.2409515
1588509178398,-7.077896,-0.6336975,-7.0187073
1588509178597,-6.998169,-0.78422546,-7.0870056
1588509178996,-7.0480957,-0.8986664,-7.029907
1588509179198,-7.144699,-0.93351746,-6.9530487
1588509179397,-7.214966,-0.88526917,-6.851303
1588509179594,-7.188156,-0.7048645,-6.909363
1588509179796,-7.010376,-0.61891174,-7.0265503
1588509179997,-7.184082,-0.5652771,-6.9324646
1588509180193,-7.152115,-0.5821686,-6.997223
1588509180391,-7.167557,-0.68367004,-6.9315033
1588509180591,-6.9403534,-0.58288574,-7.147461
1588509180790,-6.824112,-0.39840698,-7.219879
1588509180991,-6.8538055,-0.5789337,-7.2253876
1588509181190,-6.805084,-0.61209106,-7.2809296
1588509181391,-6.923111,-0.6181946,-7.1775055
1588509181592,-6.848175,-0.6469269,-7.2304077
1588509181790,-6.6834564,-0.5769043,-7.3830414
1588509181990,-6.642029,-0.5968933,-7.393463
1588509182189,-6.8334503,-0.5935364,-7.2687225
1588509182388,-6.5736847,-0.6287384,-7.3752594
1588509182686,-6.9250946,-0.67134094,-7.219879
1588509182885,-6.7108,-0.60346985,-7.297577
1588509183244,-6.56015,0.68125916,-7.342285
1588509183443,-6.5013733,1.1145477,-7.4660645
1588509183643,-6.519272,1.8544159,-7.0106964
1588509183842,-7.4795837,0.94085693,-6.3528748
1588509184042,-7.7907715,-0.92967224,-5.946594
1588509184241,-7.2410583,-5.1713715,-6.1778717
1588509184441,-6.128174,-7.4483795,-4.5411377
1588509184641,-5.863617,-5.753586,-4.9206696
1588509184840,-5.3524017,-6.522949,-5.5211945
1588509185039,-5.9959564,-6.1640625,-5.1973724
1588509185239,-6.4744415,-5.7926025,-5.6868134
1588509185439,-7.139969,-4.1877136,-4.4861298
1588509185638,-6.6848907,-6.1802216,-5.6409607
1588509185838,-5.357422,-5.746155,-4.316681
1588509186040,-6.1775665,-7.24971,-5.8022766
1588509186239,-4.879776,-5.608185,-5.480011
1588509186439,-5.467682,-5.95343,-5.9212036
1588509186638,-6.1535034,-5.754242,-5.5971527
1588509186836,-7.586731,-3.4512482,-5.93132
1588509187199,-6.9222717,-3.4551392,-4.4296722
1588509187234,-6.6296387,-6.8447876,-5.468399
1588509187434,-6.0625763,-5.763809,-4.9528046
1588509187634,-6.1784515,-6.6028595,-5.380417
1588509187833,-6.8576965,-4.781708,-5.0428314
1588509188033,-7.5545197,-4.7972717,-5.297043
1588509188234,-6.2295685,-6.1409607,-4.3308563
1588509188431,-5.416504,-6.320709,-5.4943237
1588509188632,-5.4780884,-5.5626373,-5.636902
1588509188832,-6.1706085,-6.2623444,-5.85614
1588509189031,-6.1824036,-4.909378,-5.1775055
1588509189230,-7.148407,-5.4563904,-4.871643
1588509189430,-6.2061157,-5.3207703,-5.087372
1588509189629,-5.997574,-6.3535614,-5.3239746
1588509189829,-5.642151,-6.355667,-5.2811127
1588509190027,-5.733246,-6.3134613,-5.1614075
1588509190228,-5.42572,-6.1289825,-5.804184
1588509190428,-6.876602,-5.050049,-5.575485
1588509190630,-7.3887177,-4.7606964,-5.3362427
1588509190829,-6.132248,-6.2597656,-4.269623
1588509191028,-5.491913,-6.023468,-5.5524445
1588509191227,-5.523468,-5.690796,-6.120346
1588509191426,-5.749115,-5.824692,-5.558548
1588509191625,-7.3713074,-4.9772644,-5.1931305
1588509191826,-7.248001,-4.02771,-4.7776794
1588509192024,-6.642929,-6.9080048,-5.9116974
1588509192225,-5.7980804,-5.6588287,-4.933487
1588509192424,-5.642868,-5.9189606,-5.4460144
1588509192626,-4.286682,-5.743164,-6.1494293
1588509192825,-4.503647,-6.4915314,-6.1445923
1588509193021,-4.1062164,-6.960556,-5.570038
1588509193223,-3.9285126,-6.7556763,-6.740204
1588509193422,-4.4183655,-6.044113,-7.348755
1588509194219,-5.829376,-4.196396,-7.7515717
1588509194220,-6.0114594,-1.6059875,-7.748825
1588509194221,-5.5165863,1.5787811,-7.085266
1588509194221,-5.306076,2.3903046,-6.704239
1588509194419,-6.211914,0.9346771,-7.39328
1588509194619,-5.1546326,-2.0427399,-7.440033
1588509194817,-5.7625885,-4.877472,-7.934784
1588509195021,-4.160568,-6.73909,-7.2138977
1588509195224,-4.1854553,-5.957077,-7.142853
1588509195421,-4.966629,-5.375656,-8.093826
1588509195621,-6.052765,-3.3999634,-7.5088043
1588509195816,-6.0085297,1.1697388,-7.4067535
1588509196019,-5.2408905,2.940796,-5.696457
1588509196219,-5.670822,0.97346497,-6.629654
1588509196414,-5.749237,-2.1049347,-8.564758
1588509196617,-5.55986,-6.2559357,-7.530945
1588509196815,-4.1862335,-6.414551,-6.9283905
1588509197013,-5.4625854,-5.4715424,-7.80455
1588509197214,-6.847687,-2.5229034,-7.812683
1588509197413,-4.9058228,2.1291504,-5.614746
1588509197611,-5.0783234,2.1993103,-6.567459
1588509197813,-5.765152,-1.0587311,-7.8730164
1588509198012,-5.923294,-5.5589905,-7.748459
1588509198210,-3.7118225,-6.6543884,-7.3941803
1588509198412,-4.701233,-6.253784,-7.274704
1588509198614,-5.5960693,-3.8833466,-8.393524
1588509198808,-5.9924927,0.24832153,-6.205765
1588509199008,-6.108124,1.7133942,-7.112259
1588509199207,-6.8725433,2.2045746,-7.279434
1588509199411,-7.187134,1.9485168,-7.6414337
1588509199608,-6.0752716,2.1409454,-7.4336243
1588509199808,-6.1977844,2.1118011,-8.158951
1588509200006,-6.057129,2.13208,-7.965744
1588509200206,-4.6952515,2.0989838,-7.9322205
1588509200406,-6.1305084,0.43070984,-9.190964
1588509200605,-3.6716614,2.6349945,-6.9568176
1588509200806,-4.0194244,3.238861,-10.441574
1588509201004,-4.8306427,-0.29803467,-7.04451
1588509201204,-4.2969666,-3.0048523,-8.167633
1588509201403,-3.79628,-5.26828,-6.9955444
1588509201602,-3.4691772,-6.9234467,-6.9787903
1588509201802,-5.238846,-7.193756,-7.1623535
1588509202093,-5.266266,-6.430359,-5.870392
1588509202201,-4.022949,-5.9071045,-7.3279724
1588509202401,-4.357788,-4.2628937,-8.228973
1588509202639,-5.7268524,-1.1139679,-8.350784
1588509202799,-3.8182526,1.0542755,-7.182358
1588509203081,-4.338806,-0.013595581,-7.2601624
1588509203198,-5.495743,-4.1321564,-8.699554
1588509203398,-3.7239227,-5.5860443,-8.722427
1588509203961,-5.046173,-4.633148,-8.354248
1588509203962,-4.725052,-1.818222,-7.5263977
1588509203997,-3.7204437,-0.6205292,-7.7421722
1588509204196,-4.1970673,-4.123062,-8.074371
1588509204396,-4.405548,-5.8602905,-8.047852
1588509204894,-3.9674072,-6.0614166,-7.29895
1588509204895,-3.6049957,-6.541504,-7.0874176
1588509205367,-4.3832245,-5.4326324,-7.694168
1588509205369,-4.546982,-4.2114105,-7.321579
1588509205398,-7.179474,-0.93392944,-9.354675
1588509205814,-2.0868225,2.8533325,-5.3866425
1588509205862,-5.9953613,0.7224426,-6.3598175
1588509206675,-9.459946,-5.0220337,-6.693283
1588509206676,-3.7821045,-4.557968,-5.638565
1588509206677,-7.077545,-12.316376,-3.858429
1588509206678,3.3748322,-8.888123,2.3812256
1588509206792,0.23268127,-10.550186,-1.415741
1588509207752,-0.8135834,-10.354935,-1.6351624
1588509207760,-3.8335114,-7.4616547,-3.0186005
1588509207761,-0.31721497,-10.143768,-1.8578796
1588509207762,-1.9551392,-9.768295,-0.6508484
1588509207792,0.2503357,-9.981796,-1.2588043
1588509207991,-1.3551025,-10.156036,-1.5087585
1588509208315,-2.717636,-9.987122,-1.4422455
1588509208392,-2.9548492,-7.106247,-4.158478
1588509208590,-2.7351685,-9.258682,-4.005127
1588509208791,-1.6704102,-9.481415,-0.8812866
1588509208989,-1.1643372,-9.69072,-0.6998749
1588509209186,-0.75971985,-10.905182,-4.737091
1588509209387,-1.3347473,-9.747406,0.8486328
1588509209586,-3.2789001,-9.695816,-3.3485718
1588509209787,-0.008117676,-10.273468,1.2257233
1588509209986,-0.66563416,-9.195129,-1.7259064
1588509210183,0.4255829,-9.950607,-0.3878479
1588509210384,-0.7549896,-10.026688,0.067108154
1588509210583,-1.7655182,-10.176025,-1.5065918
1588509210783,-1.9911804,-9.228165,-1.032608
1588509210982,-4.522873,-8.746994,-2.3430176
1588509211182,-3.8629608,-8.767166,-2.5413666
1588509211381,-3.9197693,-8.733459,-2.3815002
1588509211581,-3.9810638,-8.648224,-1.8753662
1588509211780,-3.3344421,-8.842163,-0.52282715
1588509211988,-2.5283203,-10.320099,-0.15847778
1588509212179,-2.8625488,-9.697968,-0.5733948
1588509212380,-1.5858307,-9.565918,0.8263092
1588509212581,-0.98028564,-9.459091,0.24829102
1588509212780,-1.5557861,-10.151428,-0.124313354
1588509212978,-1.0814972,-10.02597,2.1552124
1588509213178,-0.82496643,-9.698029,0.50315857
1588509213378,-0.19067383,-9.797256,0.12948608
1588509213578,-0.61128235,-9.854599,-0.012023926
1588509213776,-1.1848145,-9.786728,-0.0868988
1588509213976,-1.198761,-9.822769,-0.18577576
1588509214176,-1.3025513,-9.725143,0.12426758
1588509214375,-1.3806,-9.843292,0.07411194
1588509214576,-1.1891174,-9.808807,0.01574707
1588509214775,-1.0652161,-9.830658,0.16893005
1588509214974,-1.2298126,-9.767639,0.1438446
1588509215456,-1.0198517,-9.821808,0.21818542
1588509215457,-1.2273102,-9.78804,0.11906433
1588509215572,-1.1050873,-9.860779,-0.018127441
1588509215771,-1.3958588,-9.8090515,-0.07647705
1588509215971,-1.4403381,-9.689102,-0.04219055
1588509216171,-1.5499268,-9.751892,-0.21672058
1588509216372,-1.4431458,-9.844376,-0.10891724
1588509216576,-1.3709564,-9.913376,-0.67832947
1588509216769,-1.13237,-9.835983,-1.0349426
1588509216970,-1.1420135,-9.645355,-0.039611816
1588509224250,-0.89009094,-9.707657,0.72257996
1588509224251,-0.9132538,-10.385284,-1.7016602
1588509224252,-1.9792023,-9.635422,-2.261673
1588509224252,-1.4223175,-8.376373,-0.86428833
1588509224253,-1.1678772,-10.995865,-1.3075867
1588509224254,1.0119324,-9.667801,-1.0860596
1588509224255,-0.40071106,-9.692047,-1.5552063
1588509224256,1.8535461,-9.5360565,2.8275604
1588509224257,-3.5319672,-11.580704,-1.858963
1588509224258,-0.8067627,-9.906677,1.3267059
1588509224258,-3.5523224,-7.691559,-1.9129486
1588509224259,-2.2699738,-9.161484,-3.38443
1588509224260,-0.72846985,-10.788284,0.8309784
1588509224261,-0.22137451,-9.330582,-0.34332275
1588509224262,0.9994812,-11.49942,-0.8514862
1588509224264,-0.622345,-11.592072,0.88209534
1588509224265,-2.9516144,-5.335434,-0.62571716
1588509224266,-1.9420929,-12.071457,-0.7654724
1588509224266,0.6789551,-10.27742,0.9207611
1588509224267,1.0551453,-9.311539,-0.50431824
1588509224267,-1.5314941,-12.604706,-0.072525024
1588509224268,-0.6033783,-7.8492737,0.4087677
1588509224268,-2.0736542,-10.899612,-2.8796692
1588509224269,-0.7633667,-9.216919,-0.42448425
1588509224270,-0.069885254,-9.258804,-0.6428833
1588509224270,-2.930664,-12.291901,-0.08091736
1588509224271,-0.7499542,-6.888962,0.45281982
1588509224271,-3.1392517,-10.67569,-2.290512
1588509224272,1.8418732,-10.393356,0.5183563
1588509224273,0.592041,-10.248398,-0.9195404
1588509224273,-0.029846191,-9.527084,0.18353271
1588509224274,0.37513733,-10.437836,2.47789
1588509224275,-2.8460846,-10.026749,-1.4962463
1588509224275,-2.4754028,-9.398209,2.8027802
1588509224276,-1.8557892,-10.61998,-2.5833282
1588509224276,-4.0582123,-8.264496,-2.772049
1588509224352,-3.5776978,-5.7017365,-4.6120605
1588509224551,-3.2438812,-10.333923,-2.7591248
1588509224752,-0.115493774,-10.494156,-0.6434326
1588509224951,0.5435028,-9.36116,-0.011413574
1588509225151,-0.92437744,-12.15448,-1.752121
1588509225351,2.263794,-10.295441,1.2038727
1588509225550,-2.8982239,-7.704376,-1.5217438
1588509225749,-2.6269531,-10.862808,-2.3672485
1588509225949,-0.21748352,-9.739258,-0.54556274
1588509226155,-0.39006042,-9.848984,0.29844666
1588509226351,-0.962204,-10.014725,0.3046112
1588509226553,-0.5384369,-9.913925,0.2996521
1588509226751,-0.8290863,-9.80217,0.21476746
1588509226951,-0.010574341,-9.95816,0.21507263
1588509227150,-1.2094116,-9.754059,0.49513245
1588509227348,-0.9512024,-9.885437,-0.6392975
1588509227548,-0.047561646,-10.249649,-2.2185822
1588509227747,-2.7081757,-9.044052,-0.18266296
1588509227949,-0.12591553,-9.958817,-0.8018036
1588509228147,1.4088287,-10.189438,-0.30230713
1588509228347,-1.4988708,-11.152496,-0.69047546
1588509228547,0.082855225,-9.691376,0.92884827
1588509228743,-3.1901398,-9.126465,-3.9263
1588509228944,-0.7471466,-10.288376,1.1484528
1588509229146,0.71061707,-9.070389,0.04460144
1588509229347,-0.09251404,-10.675751,-1.0774994
1588509229547,-0.20043945,-11.104614,0.7897949
1588509229743,-0.97831726,-7.1804047,0.34124756
1588509229941,-3.5931396,-7.7921295,-3.372467
1588509230141,1.318512,-14.132751,3.742035
1588509230340,0.25901794,-8.846588,-1.6628265
1588509230541,-0.08868408,-13.037399,-1.143692
1588509230740,0.9603882,-8.386246,1.2658234
1588509230942,-3.7015991,-9.873093,-3.230484
1588509231141,-1.808197,-11.115692,-3.9060059
1588509231342,-0.30482483,-8.607162,1.327774
1588509231540,-0.06175232,-9.141617,-1.1343079
1588509231739,-0.39508057,-10.0104065,-0.5282135
1588509231936,0.18174744,-12.278732,-0.7970123
1588509232137,-1.0332031,-7.837967,-0.27508545
1588509232338,-2.6983643,-8.897644,-3.728592
1588509232536,-4.5134125,-10.497147,-3.4930725
1588509232744,0.019836426,-9.891357,1.3183746
1588509232938,-0.013031006,-9.327103,-3.7251282
1588509233139,-0.09963989,-9.55336,1.6209564
1588509233335,-1.5535126,-11.941269,-1.0440979
1588509233536,-2.6643677,-9.854248,-0.40777588
1588509233737,-0.69537354,-8.709213,-0.6269684
1588509233936,-1.6803436,-8.931046,-2.5016937
1588509234135,-1.8424377,-8.446457,-2.3579712
1588509234334,-0.86764526,-10.2079315,-0.7628937
1588509234534,-1.6168365,-9.921646,-0.64253235
1588509234733,-0.38227844,-9.950851,0.14253235
1588509234932,-0.90252686,-9.907166,-0.041412354
1588509235131,0.23747253,-10.032379,0.6195679
1588509235328,0.16809082,-9.6935425,-0.26765442
1588509235529,-2.5386658,-9.5672455,-0.39245605
1588509235730,-2.6931,-9.803665,-1.5633392
1588509235930,-2.076416,-9.2239685,-2.2158203
1588509236129,-3.266861,-9.161667,-1.7434998
1588509236329,-2.9921875,-9.30191,-1.8436432
1588509236528,-2.2735138,-9.618118,-0.38993835
1588509236727,-1.6073914,-9.6754,-1.6285248
1588509236926,-0.12644958,-9.882019,-0.5450897
1588509237127,-0.31523132,-9.728729,0.11517334
1588509237326,-2.0917358,-10.059906,1.0499268
1588509237528,0.63316345,-10.979218,1.1222382
1588509237727,-3.4379883,-8.646484,-1.7897186
1588509237927,-0.6792755,-9.999878,1.0454407
1588509238127,-0.7797699,-9.440765,0.2157898
1588509238326,-0.48240662,-9.940018,-0.13447571
1588509238526,-0.39735413,-9.60231,1.4470673
1588509238722,-2.1350708,-10.671753,1.4427032
1588509238923,-3.3829803,-8.914642,0.073394775
1588509239123,-4.4591827,-8.529831,-0.01651001
1588509239322,-5.0977173,-9.039505,-0.9270172
1588509239520,-5.1110535,-8.224213,-1.7718201
1588509239722,-5.6334076,-6.957077,-1.7281799
1588509239922,-4.9601135,-8.759201,-1.7867737
1588509240129,-3.761444,-8.815765,-1.2561646
1588509240317,-3.183792,-9.940262,-1.5728607
1588509240516,-4.6408386,-8.305145,0.97906494
1588509240715,0.022109985,-10.638107,-0.31913757
1588509240921,-2.3088837,-9.722214,-0.510849
1588509241120,-1.8896027,-9.638763,-0.39682007
1588509241315,-1.9913025,-9.65715,-0.031051636
1588509241515,-1.9686737,-9.703949,-0.73776245
1588509241713,-2.049179,-9.659485,-0.3108673
1588509241913,-2.0019531,-9.6184845,-0.41215515
1588509242114,-1.7989197,-9.770096,-0.4384308
1588509242316,-2.3127136,-9.557419,-0.41383362
1588509242515,-1.9158173,-9.7043,-0.7319031
1588509242719,-2.1345367,-9.650314,-0.56118774
1588509242917,-2.0865326,-9.647934,-0.8657837
1588509243116,-2.321518,-9.560837,-0.83203125
1588509243317,-2.3553925,-9.512238,-1.000946
1588509243512,-2.6134949,-9.463928,-1.1991882
1588509243712,-2.969864,-9.438019,-1.3584595
1588509243912,-2.7477417,-9.431549,-1.3015289
1588509244110,-2.507721,-9.410187,-1.2870483
1588509244309,-1.9829712,-9.749619,-1.6846619
1588509244509,-1.1145477,-10.187225,-0.9279175
1588509244708,-4.3987274,-7.96756,-2.5039673
1588509244909,-3.408905,-9.003464,-0.65689087
1588509245107,-3.7017212,-9.72789,-0.526474
1588509245309,-0.3712616,-10.216064,0.7244415
1588509245508,0.35621643,-9.859573,-0.3262024
1588509245705,0.1717987,-9.510803,-0.2601776
1588509245905,-0.835495,-10.564911,0.1436615
1588509246107,-3.163559,-9.581253,-1.7937775
1588509246307,-0.18917847,-9.055725,0.0395813
1588509246504,-2.6829834,-10.18573,1.607727
1588509246707,-1.1410522,-10.0577545,-2.3781433
1588509246924,-0.67352295,-9.733826,0.026107788
1588509247105,-0.2285614,-9.803497,-0.65115356
1588509247304,-2.53125,-10.41185,-1.4349518
1588509247505,0.5658264,-9.38768,-0.7230377
1588509247701,-1.6502991,-9.561432,-2.2108002
1588509247900,-0.6438904,-9.905426,-2.475418
1588509248101,-1.5823059,-8.272583,-2.1459045
1588509248306,-3.6681976,-9.237747,-3.5592651
1588509248500,-1.5042572,-9.91745,-1.2911224
1588509248700,-2.6246185,-9.175735,-1.459671
1588509248899,-1.1746368,-9.997177,0.8467865
1588509249100,-0.53256226,-10.350449,1.2292023
1588509249302,-3.5815887,-10.015732,1.2518768
1588509249501,-1.1737366,-10.979401,0.039215088
1588509249700,-0.47673035,-6.6704407,-2.020752
1588509249898,1.3379669,-10.874832,-0.510376
1588509250101,1.3567505,-10.412277,-0.7211151
1588509250300,2.38974,-10.873398,-0.18948364
1588509250500,5.1746063,-8.201767,-1.4935455
1588509250700,6.663986,-7.69606,1.971405
1588509250895,2.3650665,-2.8607178,8.236664
1588509251094,-1.6529999,-1.0494537,9.178482
1588509251294,-1.5037689,0.79133606,8.2715
1588509251493,-1.4179993,1.6874237,9.313583
1588509251693,-2.6291656,0.8629761,9.230438
1588509251892,-3.3782043,0.94163513,9.8675995
1588509252089,-1.2234802,0.062301636,9.981018
1588509252289,0.051193237,-0.7003174,10.7374115
1588509252488,1.82901,-0.20704651,9.357452
1588509252688,0.07173157,0.8659668,9.380737
1588509252888,2.4084167,0.3536682,9.670013
1588509253090,2.1274567,1.6334991,10.310577
1588509253287,3.0532227,0.045837402,10.5164795
1588509253486,1.9189148,0.38682556,8.587769
1588509253699,1.8771362,1.4416656,9.372177
1588509253885,0.83906555,1.1454926,9.62471
1588509254085,-1.0504913,1.329422,10.288437
1588509254286,-2.254715,2.2395325,8.382111
1588509254485,-1.6846008,1.7746887,10.31926
1588509254684,-1.0554657,1.846283,9.874664
1588509254888,-1.2057037,0.9501953,9.798523
1588509255083,-3.0829315,1.8162384,8.229248
1588509255282,-2.7939606,2.6349335,9.968689
1588509255482,-3.2439423,1.7192078,8.660919
1588509255686,-2.9590302,2.4885864,9.312866
1588509255883,-2.5174866,2.0575104,9.641281
1588509256083,-3.5735626,1.542633,8.864548
1588509256283,-4.4576874,1.6422882,8.882324
1588509256482,-3.5503998,2.1241913,9.683487
1588509256679,-2.270813,0.063201904,10.402573
1588509256879,-3.6526337,0.26083374,6.660736
1588509257078,-3.3443756,1.0128479,9.694489
1588509257278,-2.7774353,-0.60472107,9.537018
1588509257477,-1.8600922,0.44332886,9.244568
1588509257677,-3.005539,0.21313477,10.489792
