1588395572937,82.67764,344.96173,6.4864535
1588395572943,83.82856,344.9827,5.7792196
1588395572950,83.50054,345.18698,5.5072026
1588395572955,82.34795,344.22647,5.034734
1588395572961,83.3423,343.56503,5.0007105
1588395572966,82.51473,344.59708,4.3162475
1588395572970,82.55666,345.47852,3.9930887
1588395572974,83.90807,345.5835,4.0981126
1588395572978,80.78545,345.92685,3.586021
1588395572982,81.39701,346.9177,2.7675984
1588395572986,82.43902,347.04785,2.7358253
1588395572990,83.561646,347.27094,2.4581277
1588395573564,83.34757,347.77054,1.413527
1588395573568,83.50693,348.3938,0.62565756
1588395573572,82.6388,348.49142,1.4701571
1588395573575,83.82564,347.9833,0.7225361
1588395573579,84.65549,348.51495,0.6006365
1588395573582,83.14686,349.07626,1.960637
1588395573585,81.43718,347.05096,0.3910699
1588395573588,79.765465,345.3543,0.50447094
1588395573590,81.12499,345.40808,357.64606
1588395573593,82.76321,348.6566,359.12042
1588395573595,85.28964,349.66013,0.58038485
1588395573597,82.41311,348.1762,3.3218668
1588395573599,82.505905,345.9067,4.9969454
1588395573602,81.81362,347.66583,3.0001757
1588395573603,81.09112,349.95087,3.1903462
1588395573606,80.85366,350.68396,2.891094
1588395573607,84.93792,350.9038,6.5621123
1588395573609,83.75158,351.5397,6.7777324
1588395573610,81.229034,350.3173,5.6961045
1588395573612,83.56144,351.50067,2.6158884
1588395573614,84.57459,352.39337,2.5297828
1588395573618,81.72248,349.47726,5.969167
1588395573621,80.6737,348.61325,2.7744813
1588395573623,81.84202,349.35693,2.3627818
1588395573624,85.368324,350.5175,5.997577
1588395573627,83.14623,349.50183,2.7343023
1588395573629,80.22064,348.52325,1.4530877
1588395573631,81.59651,350.12384,359.52737
1588395573634,82.27923,352.84964,0.6100014
1588395573638,85.67813,356.10303,0.3541878
1588395573640,80.58483,352.2297,358.08856
1588395573643,83.17851,350.88733,357.97708
1588395573644,79.020065,351.20456,359.15808
1588395573646,78.892235,350.5171,358.21213
1588395573649,80.43801,350.0983,357.7638
1588395573654,77.63143,349.82318,357.13596
1588395573990,77.53499,350.89764,354.43887
1588395573996,79.95292,351.1087,354.45074
1588395574001,79.20407,350.91617,355.74686
1588395574005,77.798775,349.89276,354.53717
1588395574010,79.75053,349.73706,353.72986
1588395574016,79.88038,351.34827,354.14398
1588395574021,79.39956,351.45346,357.78003
1588395574024,81.32412,350.4348,355.8575
1588395574027,79.05809,350.57074,354.43915
1588395574030,81.95067,350.4852,356.76083
1588395574032,79.82909,350.73376,356.33725
1588395574036,80.278206,351.19345,355.896
1588395574039,78.22061,350.8696,356.9821
1588395574041,81.88593,351.57523,355.90472
1588395574043,80.90333,351.97586,356.30612
1588395574045,80.73032,350.72906,358.00946
1588395574047,79.613625,350.4449,357.81104
1588395574049,81.70734,351.84485,358.48108
1588395574052,81.06913,351.95856,359.84332
1588395574061,82.22563,351.72562,0.82490236
1588395574078,80.89452,352.41333,0.24194203
1588395574099,80.31167,351.21936,0.08309391
1588395574117,81.596054,348.39948,0.8804346
1588395574143,76.71274,348.0131,0.03189057
1588395574161,83.30595,349.2674,359.54477
1588395574179,83.58462,348.4063,4.6134405
1588395574200,83.45606,350.8309,3.7137532
1588395574226,83.20722,349.59326,357.45203
1588395574242,80.10368,348.53262,354.86237
1588395574260,79.30381,349.59253,354.0459
1588395574278,84.05143,350.64713,354.18845
1588395574298,80.50858,349.34702,354.07797
1588395574320,77.75336,346.7887,350.289
1588395574339,82.38634,347.60526,354.22482
1588395574361,81.351974,348.8193,353.46545
1588395574382,82.83427,347.96564,353.38385
1588395574409,79.41825,347.02106,353.01755
1588395574428,78.069565,345.68674,351.6012
1588395574440,79.33837,345.34576,354.1221
1588395574460,79.58149,347.5363,354.1631
1588395574479,82.72086,348.09924,351.9924
1588395574499,76.30206,345.8726,352.19595
1588395574520,81.3743,346.15045,353.61008
1588395574541,79.81795,346.8073,354.7633
1588395574559,77.983444,347.23254,357.47125
1588395574578,76.631516,346.922,356.94254
1588395574602,74.633446,345.4228,358.20074
1588395574620,76.45584,349.46857,2.0641685
1588395574640,80.682076,354.41122,5.35449
1588395574662,83.97216,357.51172,7.2206078
1588395574684,82.912544,358.3517,15.272911
1588395574698,86.811005,359.31274,23.22535
1588395574719,82.93593,358.43658,26.523283
1588395574741,86.136375,358.45297,26.481129
1588395574761,84.14214,357.893,19.761791
1588395574781,86.98773,359.02078,14.579082
1588395574799,81.60171,355.58557,18.68327
1588395574819,77.95388,351.81113,19.069204
1588395574840,79.90385,351.22684,19.321703
1588395574860,80.41049,351.75012,18.606865
1588395574880,80.916985,352.76715,18.244959
1588395574904,78.47939,351.9028,18.255928
1588395574923,80.723114,352.00784,16.714018
1588395574940,83.74616,355.30234,16.145967
1588395574962,84.39128,354.9416,15.456986
1588395574980,80.66711,353.3813,14.150819
1588395575000,82.960434,354.35333,12.725067
1588395575020,82.385185,354.54883,12.637698
1588395575040,82.10236,353.1587,14.458144
1588395575061,86.81719,354.4496,15.297927
1588395575081,80.82364,351.8991,12.011205
1588395575107,83.304115,352.02032,15.274292
1588395575123,87.206795,354.56104,14.31462
1588395575147,82.81787,350.20157,12.309475
1588395575167,83.95169,351.82346,9.677884
1588395575189,84.314384,350.2968,10.203096
1588395575209,80.18886,349.61252,7.225023
1588395575228,81.80143,349.19714,7.574516
1588395575247,81.3381,350.09506,9.6267
1588395575267,82.25047,350.9324,7.8618054
1588395575289,85.733894,350.97528,7.97891
1588395575307,86.79982,351.0796,6.8689137
1588395575327,85.39788,350.57846,6.1608744
1588395575351,83.98181,351.0246,6.346612
1588395575366,86.83835,350.79358,7.0940256
1588395575389,84.7728,351.28207,6.6747675
1588395575407,83.01883,351.44125,7.17253
1588395575426,85.38975,350.67404,5.9785647
1588395575445,84.55904,349.8875,5.822104
1588395575465,83.78997,349.99557,5.5184903
1588395575489,83.017105,351.0408,4.7002544
1588395575506,86.36065,350.56613,4.6285424
1588395575526,86.428566,350.31943,4.7436447
1588395575545,85.14024,350.91708,4.4590507
1588395575566,85.67364,350.89474,3.8485703
1588395575587,84.337585,350.85263,4.771956
1588395575607,85.35385,350.57568,4.3371515
1588395575626,84.3239,350.73944,4.2672276
1588395575645,83.60503,351.15494,4.7722
1588395575666,85.90286,350.97058,4.4531355
1588395575691,85.20384,350.4067,4.80398
1588395575708,84.13619,350.4433,4.5975227
1588395575726,84.373634,350.1375,3.7272475
1588395575745,84.270676,350.07782,4.1143913
1588395575765,82.315575,350.4345,4.8812466
1588395575789,85.75803,351.4351,4.225241
1588395575808,84.89249,350.54605,4.1993685
1588395575826,83.61894,349.9143,4.7713985
1588395575846,86.328445,350.1815,4.4264603
1588395575865,83.7647,349.9678,3.9421115
1588395575890,83.72378,350.2838,4.293664
1588395575906,83.31221,349.70486,4.614541
1588395575926,86.93358,349.33392,4.9622846
1588395575946,84.98677,348.6806,4.945771
1588395575965,82.41602,349.7072,4.3367357
1588395575986,84.21463,350.64545,4.179595
1588395576006,84.4717,350.04318,5.22562
1588395576026,87.05045,350.05045,5.189551
1588395576046,86.675446,349.66302,5.386872
1588395576065,84.38912,350.28168,6.1333427
1588395576088,87.02519,349.9102,4.6331935
1588395576107,82.16389,348.41394,5.524496
1588395576126,85.90615,348.40945,5.347477
1588395576146,83.28718,348.25443,4.4000926
1588395576165,86.29559,347.671,5.3826227
1588395576187,85.24099,348.8761,5.576031
1588395576207,85.04997,348.96802,5.775188
1588395576227,82.62252,348.5607,5.8962345
1588395576246,84.71165,347.92148,6.6655135
1588395576265,87.00924,350.0282,10.152838
1588395576289,84.499344,348.07397,6.117483
1588395576306,84.88512,349.5444,5.0011787
1588395576325,87.70667,350.03293,6.3731565
1588395576345,86.616394,348.67865,8.444849
1588395576365,85.52058,349.9786,8.142331
1588395576389,85.42608,350.44925,7.249753
1588395576407,86.26944,348.64435,7.583378
1588395576426,86.32671,348.9069,6.8705435
1588395576447,85.7914,348.82794,7.8594594
1588395576475,87.06241,347.88495,8.596991
1588395576487,84.690704,346.6175,8.131615
1588395576506,82.143,345.8164,7.592614
1588395576526,85.97814,346.51013,8.714606
1588395576547,86.54379,347.7453,8.165699
1588395576566,83.08196,347.27414,8.359377
1588395576589,86.060684,348.37595,8.51221
1588395576608,83.31343,348.31885,8.252236
1588395576628,85.68812,347.67145,7.7323537
1588395576647,81.41079,347.70206,8.243424
1588395576667,84.3363,347.3269,7.5586905
1588395576689,84.75016,346.79117,7.4371805
1588395576708,82.826164,347.69818,8.365947
1588395576727,84.472145,347.40454,7.275286
1588395576748,82.52575,346.90115,6.0161414
1588395576768,81.20395,346.78317,5.029402
1588395576787,79.53112,345.78372,4.6257296
1588395576808,79.590775,345.5118,4.7130995
1588395576828,84.9344,345.5595,5.2511415
1588395576849,83.60206,345.60535,6.529683
1588395576872,80.21102,344.4358,7.030876
1588395576890,81.42558,342.66953,8.075842
1588395576910,79.569466,343.40973,7.752665
1588395576928,78.52515,343.3908,7.9641523
1588395576949,77.88583,342.84723,7.6456676
1588395576971,81.2086,343.42648,8.367986
1588395576989,79.02256,344.4357,10.644441
1588395577008,77.12337,342.11853,11.497596
1588395577029,74.48317,338.69077,12.430919
1588395577050,79.86519,341.25302,15.090966
1588395577070,82.41836,343.95798,22.115313
1588395577091,84.43691,340.68735,37.205467
1588395577109,80.11023,336.9842,30.786995
1588395577129,78.45619,340.72647,25.683596
1588395577148,85.46626,346.3559,29.623337
1588395577169,86.415215,350.66306,36.444733
1588395577191,82.71612,348.87646,39.58314
1588395577211,83.72576,343.69904,45.077023
1588395577229,79.78484,344.25043,39.99215
1588395577251,79.26597,346.8665,39.10936
1588395577271,82.12656,348.5436,33.01544
1588395577290,75.37675,352.8781,27.253506
1588395577312,80.490875,357.1163,25.312843
1588395577330,82.393486,359.21472,21.675508
1588395577351,83.60749,3.0684576,22.07685
1588395577370,78.3784,358.83865,24.47332
1588395577391,72.1949,355.95444,20.745522
1588395577412,77.03873,358.6884,18.145308
1588395577430,79.1258,2.4255164,15.83682
1588395577453,79.05485,1.6514082,16.176264
1588395577470,78.16489,1.6514082,16.176264
1588395577491,69.26975,354.6063,19.29849
1588395577511,66.64292,353.081,18.773914
1588395577532,67.79737,359.8466,12.539994
1588395577552,72.07875,4.2775974,11.247089
1588395577572,69.82926,2.4362032,17.355846
1588395577593,69.54583,359.9742,23.92596
1588395577612,69.48774,357.81107,22.712358
1588395577630,57.507576,354.02313,13.8879
1588395577651,62.719456,359.3906,14.589067
1588395577672,67.49673,358.59378,25.603567
1588395577692,66.17004,356.16446,27.135193
1588395577712,62.13036,357.73785,20.647089
1588395577731,63.08828,358.16937,19.617558
1588395577754,69.27454,1.1997485,22.924177
1588395577773,71.153595,1.171882,26.841852
1588395577791,67.03024,356.87384,25.862782
1588395577813,66.22007,3.6436563,20.309258
1588395577832,67.68478,359.93204,19.613588
1588395577852,67.008385,0.6169793,18.230585
1588395577876,70.79933,1.2584947,20.96507
1588395577894,70.315094,4.222258,17.207403
1588395577911,71.270004,3.628296,18.174036
1588395577931,72.36662,4.3400283,15.85496
1588395577954,74.38147,5.62778,15.302134
1588395577974,77.75939,11.271252,12.096808
1588395577993,69.2895,6.5846305,12.237131
1588395578012,69.47599,3.7165313,15.780073
1588395578032,74.686844,3.0722547,18.83761
1588395578054,73.71137,3.2737565,18.556202
1588395578072,70.38151,1.901455,17.938284
1588395578092,72.16813,2.3322914,19.939201
1588395578112,71.11811,2.21166,19.563324
1588395578134,74.34626,4.66054,11.623047
1588395578153,75.68236,4.997831,12.150951
1588395578173,72.84578,3.2460206,14.979908
1588395578193,77.75917,3.5312164,13.292499
1588395578214,76.678894,2.5863087,12.848104
1588395578232,75.87158,0.5246427,13.827042
1588395578253,76.648026,0.6261248,13.123449
1588395578272,78.07882,359.5564,14.131445
1588395578295,82.27234,1.5670965,11.920858
1588395578314,82.74804,4.7146096,7.5170817
1588395578333,79.2205,356.75854,14.850213
1588395578353,76.91146,344.737,20.75659
1588395578373,79.13569,336.29828,29.874762
1588395578393,75.332245,346.2585,17.847258
1588395578413,78.765785,348.7036,18.883432
1588395578434,81.99913,351.2114,19.388979
1588395578456,81.89669,355.24646,10.475815
1588395578473,80.01078,355.65674,6.1910677
1588395578494,82.34329,355.45993,5.8004127
1588395578513,81.68179,352.03616,6.426488
1588395578534,76.26916,348.93683,9.68951
1588395578554,78.04216,349.18185,11.425443
1588395578574,84.19398,355.9494,7.493835
1588395578594,85.07894,357.89026,6.7575507
1588395578615,76.17495,349.14044,11.909868
1588395578637,79.84997,349.0962,13.435248
1588395578654,80.46755,351.36334,11.806576
1588395578674,77.19539,352.01144,8.612427
1588395578697,77.96949,352.16388,6.176799
1588395578714,81.761375,354.16547,5.4894156
1588395578738,79.71062,353.1943,8.037164
1588395578756,79.05281,352.83038,7.6789546
1588395578776,81.57299,352.6253,8.5547085
1588395578795,78.830795,352.3352,9.1401615
1588395578814,79.7262,353.1656,8.910416
1588395579253,80.748825,352.86902,9.104186
1588395579254,79.75055,351.5289,10.364586
1588395579255,80.278145,351.25958,10.541431
1588395579256,80.88433,352.60788,10.0523405
1588395579257,80.929245,351.87314,9.513159
1588395579258,79.13706,351.93597,8.934652
1588395579259,79.21119,350.35345,8.276521
1588395579260,74.64565,348.46152,10.304943
1588395579261,75.41751,348.32843,11.742875
1588395579261,78.23901,350.19656,9.964598
1588395579262,77.39324,351.85507,10.846121
1588395579263,76.548256,352.84436,10.955336
1588395579264,78.26259,354.68494,16.114128
1588395579265,81.12938,355.9978,16.383753
1588395579266,79.649796,356.8336,15.735108
1588395579267,78.75448,356.32498,15.149027
1588395579268,76.33345,355.2007,14.224644
1588395579269,73.88493,352.59802,16.076637
1588395579270,74.26763,349.31836,16.865746
1588395579270,70.883064,345.50916,18.946276
1588395579271,75.64887,350.41953,24.740294
1588395579272,77.16808,353.123,24.816467
1588395579277,75.93224,355.44983,22.371174
1588395579296,79.24338,359.30637,13.962984
1588395579319,83.68387,3.8157325,12.799562
1588395579339,77.06557,3.3318388,338.5118
1588395579358,72.332954,351.35458,7.663947
1588395579383,73.43303,353.2435,18.630636
1588395579398,73.34883,358.66293,11.42969
1588395579420,77.686745,3.8565042,3.5333524
1588395579438,78.559364,4.6902437,1.5637305
1588395579458,76.872505,0.42048416,9.2332115
1588395579477,72.88282,358.68985,11.964447
1588395579498,75.28496,1.1605617,11.324315
1588395579521,77.67323,1.50777,11.494868
1588395579543,73.414474,0.11916774,7.936209
1588395579563,78.09423,4.737224,8.649748
1588395579583,78.54174,7.1646953,10.843231
1588395579603,77.9554,7.7691975,11.429499
1588395579624,81.47008,6.438695,12.42778
1588395579644,81.31289,9.164002,9.915761
1588395579663,80.75638,11.83382,9.209505
1588395579684,80.54514,8.787745,11.235151
1588395579704,72.37282,5.4037066,8.673725
1588395579724,76.68626,8.1058,11.422179
1588395579851,73.00926,2.073764,16.487951
1588395579934,75.84941,2.5016716,18.448248
1588395579935,78.81065,10.236529,13.868627
1588395579936,77.51651,8.120399,15.264766
1588395579937,80.677895,11.138878,14.640738
1588395579938,77.94815,6.347676,19.727253
1588395579939,75.40604,4.0210314,24.638487
1588395579940,79.04891,7.7164097,24.061066
1588395579940,83.22593,12.931886,18.885887
1588395579942,92.2669,22.019468,6.848622
1588395579942,98.094215,25.558413,2.3961513
1588395579963,91.06314,20.010233,2.9162338
1588395579983,83.75932,14.059967,6.1093497
1588395580004,84.8927,13.973987,7.9970837
1588395580024,87.060036,16.183651,6.132796
1588395580043,82.22749,8.459577,10.514259
1588395580063,77.00154,6.006256,15.145638
1588395580085,77.17317,8.982469,9.588844
1588395580103,76.17176,5.4098763,9.336066
1588395580122,77.24818,5.1258864,12.701981
1588395580143,79.29576,10.549654,9.129797
1588395580162,81.67396,13.952926,2.611649
1588395580183,81.534256,12.637253,2.6254041
1588395580204,84.42518,14.637782,0.5040373
1588395580226,88.30975,16.195436,0.08166985
1588395580243,87.73133,16.195436,0.08166985
1588395580264,98.090775,21.99428,352.19705
1588395580284,98.31185,21.573944,350.4448
1588395580307,112.63796,28.793987,341.78696
1588395580324,111.95017,28.30858,342.64517
1588395580344,94.993645,17.041145,351.64233
1588395580363,81.42729,353.0667,23.814594
1588395580383,81.917725,351.55475,25.884806
1588395580408,107.261925,20.586329,343.26538
1588395580423,92.39247,10.417306,354.68854
1588395580444,107.10204,20.401749,343.1744
1588395580463,112.560425,24.772278,349.3424
1588395580483,95.40153,10.934085,358.3435
1588395580503,90.355675,9.386064,6.632352
1588395580523,96.61634,10.443875,356.6448
1588395580543,87.85408,2.6694255,358.87024
1588395580563,87.63476,2.470253,354.09848
1588395580583,95.683395,9.933288,342.09637
1588395580603,100.68074,8.87198,348.2268
1588395580624,99.48255,11.077286,350.2847
1588395580642,97.96262,11.727683,353.87643
1588395580663,104.756935,17.80379,353.90634
1588395580682,125.999176,29.919521,343.51602
1588395580703,131.20216,30.648125,344.66202
1588395580723,103.33503,17.15233,0.36066002
1588395580743,111.569756,19.253386,359.47156
1588395580763,116.52423,25.557102,353.9095
1588395580783,108.22788,17.497509,350.1015
1588395580803,102.427666,14.24092,348.12653
1588395580824,102.46035,15.565342,347.01962
1588395580870,100.1753,16.506418,350.57935
1588395580871,102.90873,16.68315,351.3
1588395580885,103.97314,19.677937,348.11932
1588395580906,100.274765,18.902178,345.90768
1588395580924,94.19447,14.87802,344.4882
1588395580944,96.94775,15.066115,336.1025
1588395581054,98.84996,21.795412,342.0282
1588395581054,82.22838,7.1720905,357.496
1588395581055,95.62938,17.39312,339.53815
1588395581055,93.957184,16.50143,330.50418
1588395581056,105.50733,19.457432,323.97757
1588395581064,99.69804,16.9958,322.64114
1588395581086,100.11458,15.520381,319.4459
1588395581107,94.52747,11.035658,332.32816
1588395581124,101.604126,18.565626,336.1919
1588395581144,105.19655,22.320675,338.30286
1588395581164,110.727554,27.147673,334.63937
1588395581187,111.14374,21.716953,335.24948
1588395581206,108.68137,15.597338,334.98627
1588395581224,128.94888,28.240396,326.52716
1588395581244,118.85412,22.699873,332.6716
1588395581265,115.9872,22.203344,336.4165
1588395581347,112.67486,19.545012,334.29926
1588395581348,117.388466,20.002954,330.3871
1588395581348,112.834984,18.193893,334.33484
1588395581366,111.845955,16.48826,333.38477
1588395581366,105.60728,17.332926,343.41513
1588395581513,95.339066,8.359319,352.17432
1588395581514,81.56766,340.13815,9.88212
1588395581514,128.09802,36.642815,326.22302
1588395581515,124.55987,33.200367,325.43628
1588395581515,123.01365,31.981977,323.73477
1588395581516,107.31317,27.799679,334.4954
1588395581517,105.565575,29.645866,336.73303
1588395581526,108.96616,35.35415,339.98398
1588395581546,90.867004,19.905655,351.05038
1588395581566,89.631874,18.550695,351.1886
1588395581587,102.262566,29.997334,341.28754
1588395581608,126.812546,35.98112,325.39755
1588395581626,116.94475,35.411324,332.8018
1588395581647,105.59903,27.888557,331.66995
1588395581666,101.46323,29.841322,341.7849
1588395581687,107.71154,36.588116,339.98312
1588395581708,108.86741,35.079662,337.64862
1588395581727,112.13819,35.06126,333.63608
1588395581748,107.84069,34.334557,336.00745
1588395581771,104.31435,33.96548,338.0672
1588395581788,103.71819,34.31526,338.90143
1588395581807,92.92601,26.54266,343.2643
1588395581828,100.97226,33.15383,341.064
1588395581848,99.242645,31.81927,342.2931
1588395581870,106.7633,32.612976,335.33463
1588395581889,102.83638,39.104996,349.22412
1588395581908,109.78735,35.364,336.6944
1588395581928,104.88408,36.892506,343.07166
1588395581948,103.66962,31.474062,335.2295
1588395581973,109.749596,32.361565,332.4872
1588395581989,88.53448,27.6262,355.3561
1588395582009,85.06457,27.19974,2.4186697
1588395582028,92.47961,41.22383,7.6296177
1588395582048,105.857185,42.67092,353.1839
1588395582071,108.02447,40.414772,352.66013
1588395582089,137.75365,42.116776,329.9449
1588395582110,99.66522,30.866083,346.51886
1588395582130,106.51282,38.255928,350.36218
1588395582149,95.18651,30.269775,355.07596
1588395582171,108.07572,38.48301,354.34344
1588395582189,89.319916,25.467293,5.7762
1588395582209,103.51106,26.797026,340.83948
1588395582229,97.67143,30.457039,356.52017
1588395582249,101.64656,35.38832,355.69092
1588395582270,95.94964,31.438866,350.9206
1588395582289,97.83429,29.651346,343.28897
1588395582311,103.10349,32.12577,341.03186
1588395582330,94.61672,27.66501,344.78503
1588395582350,97.769196,25.526789,338.9394
1588395582372,122.9954,33.49351,323.78308
1588395582392,109.937546,27.84422,324.56326
1588395582410,77.97296,12.206128,344.61237
1588395582430,84.068825,19.122122,346.58707
1588395582450,101.36974,29.703178,333.03497
1588395582471,110.237595,30.490128,327.4381
1588395582490,97.68705,24.927458,329.44415
1588395582510,88.7338,21.027834,336.9331
1588395582530,89.63848,22.891788,335.28033
1588395582550,91.743935,21.81626,332.41992
1588395582570,98.91271,26.349817,330.93796
1588395582590,99.12984,26.438814,328.9246
1588395582612,95.45398,21.927462,325.16342
1588395582631,94.363754,23.421036,329.06042
1588395582653,93.014915,24.886208,327.45303
1588395582672,89.81762,25.98697,328.15723
1588395582691,86.50829,24.640583,325.95428
1588395582712,75.01508,16.672947,322.53586
1588395582732,78.05647,18.109524,325.89386
1588395582754,88.3992,27.37248,327.86798
1588395582772,84.06981,23.65802,326.93542
1588395582792,81.329185,20.507196,327.70084
1588395582812,87.78765,24.842382,329.30408
1588395582832,104.73948,34.073288,321.95187
1588395582856,91.4271,23.346146,316.33115
1588395582872,79.48004,16.557716,322.61456
1588395582892,84.499664,20.726988,322.4396
1588395582912,85.64621,23.835539,330.03674
1588395582932,82.777084,19.813648,323.51053
1588395582955,84.41989,20.56783,319.6831
1588395582973,80.290375,17.262592,325.61752
1588395582993,82.35832,20.485811,324.1365
1588395583012,70.20981,11.71002,324.96008
1588395583032,83.43426,22.86589,326.39047
1588395583054,96.283875,32.310314,322.8349
1588395583072,90.134476,26.533924,320.51736
1588395583092,81.23907,20.226032,322.8326
1588395583113,80.79313,19.529045,322.98846
1588395583133,80.32432,21.004868,326.52637
1588395583154,80.87517,21.514336,328.13385
1588395583175,93.334305,29.80966,319.72778
1588395583193,97.93288,30.463764,315.90552
1588395583212,86.56479,26.1232,326.4016
1588395583233,73.90598,15.637549,333.83145
1588395583254,75.13101,17.463875,325.1774
1588395583274,83.95685,23.776459,323.10452
1588395583293,87.254196,25.309614,322.9953
1588395583313,79.95061,20.03892,324.79187
1588395583334,81.08347,21.695515,323.32748
1588395583355,89.071434,26.593283,319.92856
1588395583374,73.07482,345.99252,320.91748
1588395583393,113.143364,14.142921,287.66147
1588395583414,89.87904,50.892845,331.11075
1588395583435,70.39608,35.74792,325.5581
1588395583455,75.6054,44.87359,303.63184
1588395583474,41.156555,44.357193,287.41922
1588395583494,58.234028,37.545956,325.53796
1588395583514,64.7878,38.95624,330.5979
1588395583534,107.41451,40.58654,311.22406
1588395583554,192.77715,43.74253,309.65173
1588395583582,175.39548,42.626026,317.27365
1588395583594,178.97426,42.739212,317.2687
1588395583615,187.17969,44.352467,314.73743
1588395583634,182.0908,40.543816,317.34747
1588395583657,187.36407,39.71786,315.6564
1588395583674,188.8244,43.41798,315.27435
1588395583695,188.49814,46.355476,314.81357
1588395583715,189.31795,39.639908,314.73462
1588395583739,191.98439,38.909393,313.75583
1588395583758,189.96506,39.814674,315.2474
1588395583775,189.15024,39.347202,317.29797
1588395583798,189.35345,39.251575,318.38092
1588395583816,193.3088,39.698006,315.8967
1588395583840,196.7231,40.981647,314.7572
1588395583861,193.98973,41.307278,316.36963
1588395583881,194.21101,42.26511,316.4713
1588395583900,192.5738,41.149014,318.82224
1588395583921,192.51854,40.90801,318.95172
1588395583942,193.39064,41.081127,318.92328
1588395583962,191.37111,40.109226,320.24634
1588395583980,194.49797,43.37561,318.86777
1588395584000,193.27362,44.084915,319.1787
1588395584217,194.84703,42.33163,318.38327
1588395584218,193.60732,41.813583,319.42334
1588395584218,191.91231,41.395023,320.99564
1588395584219,191.94795,41.629776,321.2907
1588395584219,194.99518,42.760525,318.95242
1588395584220,190.87785,40.62171,322.411
1588395584220,188.4069,40.916817,323.82172
1588395584221,190.14651,38.830135,322.85455
1588395584221,197.14444,41.404785,318.12567
1588395584224,194.4093,42.81682,319.33508
1588395584225,193.48055,41.443687,321.40555
1588395584240,191.98845,39.839806,322.06842
1588395584261,190.72,39.86088,322.89886
1588395584280,195.20045,41.3497,320.32156
1588395584300,193.76271,42.58311,320.98984
1588395584322,194.92996,42.164474,320.51086
1588395584340,192.56245,40.63733,321.98007
1588395584361,194.97295,40.428024,320.76392
1588395584380,195.25294,40.60825,320.4203
1588395584403,193.29524,40.740288,321.6916
1588395584425,194.46854,39.56279,321.4135
1588395584440,196.8419,40.778248,319.51822
1588395584460,195.24901,41.635246,320.19724
1588395584481,195.31705,41.372612,320.75443
1588395584855,193.16818,40.984985,321.76202
1588395584856,191.4348,40.83341,322.4053
1588395584857,192.86252,41.20456,321.77737
1588395584857,194.01724,41.762333,321.1155
1588395584858,191.4443,40.31498,323.90436
1588395584858,195.54414,40.701622,319.7823
1588395584858,195.87744,41.009327,320.72632
1588395584859,194.72366,41.92039,321.50592
1588395584859,192.88591,40.96703,321.74692
1588395584860,194.16539,39.90182,321.8587
1588395584860,193.78049,39.51482,321.13263
1588395584860,195.81291,40.076725,320.58328
1588395584861,193.30557,41.002968,321.74115
1588395584861,193.52568,40.45932,322.35498
1588395584862,191.15268,36.99422,324.1988
1588395584862,194.45004,38.634655,319.69638
1588395584862,189.43161,35.273827,321.0779
1588395584863,182.92761,34.923767,321.6275
1588395584866,176.73116,38.75855,322.39175
1588395584880,167.52393,39.234535,324.27267
1588395584899,156.29742,39.737373,322.16153
1588395584921,150.82239,41.86564,315.57858
1588395584941,131.81912,39.05126,323.41785
1588395584960,124.63784,40.686615,323.04218
1588395584980,118.108536,44.38521,324.1281
1588395585002,109.61857,44.39555,322.8178
1588395585020,102.63223,45.744507,324.27057
1588395585332,101.44646,46.39537,324.203
1588395585334,91.46983,38.793934,336.90784
1588395585335,88.47618,38.31291,337.0862
1588395585337,89.42501,42.314205,332.6187
1588395585338,89.73932,45.141197,332.92203
1588395585339,85.96077,44.627876,336.4146
1588395585340,84.3614,41.560413,335.4413
1588395585340,87.29421,42.511158,335.71423
1588395585341,86.29398,39.210995,340.47455
1588395585342,92.83973,44.63924,335.72614
1588395585343,91.94041,42.471813,337.15567
1588395585343,90.99034,43.43859,339.90366
1588395585344,101.3318,39.79143,339.27808
1588395585345,103.427414,45.650066,340.11865
1588395585347,97.95312,44.678192,347.76013
1588395585348,101.263145,49.46014,348.4466
1588395585361,100.226425,48.229214,351.74875
1588395585382,104.604866,40.481266,351.6302
1588395585403,104.94163,48.614464,352.79166
1588395585422,106.540344,49.57557,354.74472
1588395585442,104.03352,54.117577,356.4958
1588395585462,106.72393,53.846333,355.06985
1588395585482,106.638176,51.930103,356.77945
1588395585902,113.8215,52.171017,346.91577
1588395585902,107.920975,46.46879,356.3509
1588395585903,96.17669,47.19602,13.398813
1588395585903,83.34411,57.031742,24.149992
1588395585903,90.245255,47.922764,22.69078
1588395585904,92.434814,45.93198,18.093704
1588395585904,94.433754,47.496826,15.006549
1588395585905,101.10926,53.459415,6.81127
1588395585905,105.671776,53.92644,359.96713
1588395585905,101.642624,48.77431,6.68215
1588395585905,93.585785,37.063137,24.075615
1588395585906,85.674416,47.081367,26.26908
1588395585906,92.66379,54.363148,15.356642
1588395585906,91.19396,50.912067,18.76673
1588395585907,99.308525,49.257057,14.109723
1588395585907,97.7278,45.113277,15.273577
1588395585907,99.81166,49.49468,12.032454
1588395585907,109.20983,64.81455,356.86124
1588395585908,112.79172,61.142487,350.16367
1588395585908,98.932526,54.853714,10.376606
1588395585908,83.880936,54.290314,28.434013
1588395585924,89.75585,57.142624,19.443125
1588395585944,104.51649,52.682423,2.2363594
1588395585964,98.11997,51.1324,9.220358
1588395585983,94.90948,52.822018,13.507518
1588395586004,95.456436,41.657257,15.989865
1588395586024,95.43281,47.505222,12.545669
1588395586044,89.68488,53.290257,15.023372
1588395586064,93.78465,54.945896,7.499522
1588395586084,96.82051,59.88826,0.92643493
1588395586104,108.46295,65.9489,348.12054
1588395586124,102.787384,64.28658,353.94577
1588395586144,92.23507,59.361618,6.776339
1588395586165,85.51028,59.30384,14.333391
1588395586186,85.51137,58.310375,13.992181
1588395586204,88.76841,55.729046,12.505765
1588395586224,88.09607,55.692852,14.448536
1588395586245,89.35573,57.33437,10.746223
1588395586264,87.76108,53.71214,13.307344
1588395586286,89.43557,58.155544,11.003664
1588395586305,93.75823,57.664925,6.5502324
1588395586325,95.95633,57.400444,3.5781934
1588395586345,93.57112,57.861168,6.131331
1588395586365,92.01674,56.667187,9.3889475
1588395586387,87.371826,58.713528,11.096003
1588395586405,91.09252,59.009182,9.220023
1588395586425,88.00245,51.947937,13.476241
1588395586445,107.322136,53.196167,349.95526
1588395586472,92.04161,51.476055,6.5152774
1588395586502,73.39097,60.464058,22.362942
1588395586508,73.70312,63.500854,18.619343
1588395586526,76.14554,61.700344,13.870501
1588395586545,65.543625,62.143238,24.212826
1588395586565,68.826096,61.07786,22.240791
1588395586587,61.3326,60.33712,28.766779
1588395586606,62.229294,59.48527,29.549662
1588395586626,64.25435,59.712185,25.790459
1588395586647,63.294163,64.78106,25.631735
1588395586666,65.56564,62.69378,23.113224
1588395586687,76.877785,64.84916,12.094706
1588395586706,79.10453,56.60342,13.6271
1588395586726,78.41256,48.403217,18.319878
1588395586748,60.884285,63.130707,31.869211
1588395586766,74.83975,54.243484,18.919998
1588395586787,81.92766,55.694057,10.874751
1588395586807,76.1684,59.67265,15.42178
1588395586827,75.74757,57.882343,17.536661
1588395586847,76.7349,56.766903,15.389734
1588395586870,80.91168,57.754654,11.315543
1588395586893,78.48774,58.53634,13.13411
1588395586909,78.071014,55.76965,14.046334
1588395586928,83.22669,51.82242,10.578787
1588395586950,80.5976,57.49104,10.354638
1588395586969,79.316216,59.122036,10.79196
1588395586989,83.56858,56.094505,5.802325
1588395587008,77.61497,56.10399,11.233525
1588395587029,69.704056,61.612656,18.212221
1588395587064,78.3393,56.16118,11.463464
1588395587073,78.16224,63.06268,6.966977
1588395587090,87.14726,63.60935,358.65207
1588395587110,78.05191,59.770233,6.4149804
1588395587129,71.467735,61.609753,14.368741
1588395587149,76.990005,61.680954,8.888868
1588395587170,77.44925,62.019314,8.992437
1588395587193,77.03394,61.173523,9.066212
1588395587568,79.723595,59.475136,5.557432
1588395587570,78.169914,60.024414,7.1414495
1588395587571,72.44221,62.078106,13.807791
1588395587572,70.687706,57.820324,17.461613
1588395587572,76.71146,54.325397,11.884268
1588395587573,83.35267,56.18588,4.585452
1588395587574,80.882126,59.20214,6.0587535
1588395587575,75.02756,58.947628,11.7988
1588395587577,79.549675,51.958256,10.193657
1588395587578,77.637054,59.377377,8.27462
1588395587579,65.10208,58.215225,22.035635
1588395587579,65.84921,59.148884,21.503576
1588395587580,66.279755,57.859093,21.586044
1588395587581,67.5621,57.351597,19.460653
1588395587582,69.55621,59.616745,17.07956
1588395587583,65.93378,60.66072,19.759165
1588395587583,65.09262,59.562588,21.974241
1588395587585,68.31704,56.821766,18.647436
1588395587585,70.1682,56.821766,18.647436
1588395587592,67.710556,58.151924,19.992031
1588395587610,67.73859,57.260914,20.706928
1588395587631,66.76216,56.975903,22.417635
1588395587652,65.65906,58.67252,24.884438
1588395587672,69.839806,57.97167,20.983595
1588395587693,69.02037,57.97167,20.983595
1588395587711,72.99765,57.815838,19.271215
1588395587731,60.521843,55.38538,33.69753
1588395587751,56.661583,52.52711,38.594543
1588395587772,62.43784,51.565792,33.59076
1588395587794,63.635902,53.62712,28.884258
1588395587811,71.4579,63.25034,17.266403
1588395587832,89.69015,66.03123,358.14758
1588395587853,69.57692,61.1472,21.07507
1588395587876,59.43347,54.97314,34.678978
1588395587893,61.93772,56.793663,30.591072
1588395587912,63.050274,61.044773,27.665731
1588395587932,62.920815,59.91825,28.845491
1588395587953,64.29722,56.382748,28.092909
1588395587972,69.38507,57.804077,23.485611
1588395587993,68.84285,59.4713,22.192078
1588395588012,71.37666,60.284508,19.732166
1588395588032,71.904655,61.78668,18.340508
1588395588054,75.40841,62.336246,14.150578
1588395588072,67.520706,60.66027,20.599771
1588395588092,68.57741,62.262413,21.210459
1588395588112,63.929245,62.047146,25.551964
1588395588132,57.245716,56.831436,35.386963
1588395588157,50.77583,54.298267,42.376312
1588395588173,65.92403,64.62,21.033382
1588395588192,69.700294,64.09335,17.49673
1588395588213,61.9837,64.76175,25.050106
1588395588232,66.75718,60.41915,23.583376
1588395588254,69.70531,60.11603,19.66265
1588395588273,70.25662,62.14791,17.351458
1588395588299,69.88196,62.92637,16.859821
1588395588321,68.26533,62.543976,19.29347
1588395588342,65.669945,62.48449,22.619204
1588395588359,61.730476,62.625916,26.837442
1588395588379,60.955776,61.376728,28.298445
1588395588399,62.93934,60.832596,25.993864
1588395588422,64.7579,61.487705,24.747063
1588395588440,62.714127,62.047714,24.848
1588395588459,63.48945,61.917374,25.24793
1588395588479,64.408455,61.65174,25.251665
1588395588500,62.82593,62.031853,25.09849
1588395588522,63.431385,62.082294,24.933195
1588395588543,64.819496,62.18562,23.79136
1588395588559,63.696056,62.016075,24.90384
1588395588580,60.155148,62.150036,27.83197
1588395588599,59.947662,62.408783,28.687273
1588395588621,62.523975,62.049572,27.62195
1588395588639,62.793972,61.73527,25.791801
1588395588661,64.03019,61.564888,24.827597
1588395588679,65.2982,61.300434,23.788618
1588395588699,67.52343,61.72696,21.722622
1588395588721,65.90687,62.54668,22.284159
1588395588740,66.057625,62.163876,22.318962
1588395588759,68.508095,62.32482,20.568695
1588395588779,67.1054,62.606354,21.032425
1588395588799,65.62553,63.078197,22.200117
1588395588821,64.56728,63.323696,22.088118
1588395588840,64.45269,63.4612,21.557045
1588395588860,66.46472,63.202293,22.284159
1588395588879,64.45475,63.291225,23.108295
1588395588899,65.12909,63.940884,22.572512
1588395588921,64.73468,64.38026,23.13289
1588395588940,63.47253,64.65239,23.302496
1588395588958,65.83711,64.398026,22.369587
1588395588979,63.853077,64.75859,22.351404
1588395588999,65.2733,64.534836,22.025991
1588395589022,64.800064,63.845577,22.500582
1588395589039,66.38318,63.54203,21.958597
1588395589059,67.14098,64.252815,20.710905
1588395589079,64.916725,64.58232,20.460907
1588395589098,65.07264,64.45882,21.892996
1588395589121,62.449036,64.35851,24.378197
1588395589139,61.029217,64.011826,25.670996
1588395589159,61.57438,64.074684,25.250557
1588395589179,62.56023,64.15398,24.694603
1588395589198,64.02354,63.901344,23.726664
1588395589220,63.904587,63.701622,23.181255
1588395589239,63.168682,63.883858,24.064226
1588395589258,62.208427,64.213524,24.856272
1588395589278,61.736626,63.999393,25.357533
1588395589298,61.305946,63.552437,25.4201
1588395589320,63.28728,63.18494,23.898996
1588395589340,63.322956,63.461502,24.108719
1588395589358,60.887203,63.916492,25.227564
1588395589378,62.522022,63.738678,24.176146
1588395589398,64.24095,63.387585,23.23975
1588395589421,64.14343,63.446228,22.839367
1588395589439,63.930897,64.03062,22.742321
1588395589459,64.00785,64.18307,23.286781
1588395589479,64.57667,63.534924,22.490871
1588395589499,65.1639,63.13581,21.534168
1588395589520,65.42494,63.42492,21.412607
1588395589541,64.55458,63.810143,21.757952
1588395589560,66.33714,63.739265,21.5238
1588395589579,67.097305,63.55062,20.913845
1588395589601,65.88744,63.8892,21.115484
1588395589620,64.59719,63.910824,21.559004
1588395589640,64.90365,64.26527,22.010303
1588395589660,63.57905,63.950188,22.05728
1588395589679,64.29019,63.74916,21.984549
1588395589700,63.866974,64.11169,22.840395
1588395589722,61.617657,64.37526,24.385462
1588395589740,62.971497,64.40332,23.954725
1588395589759,63.001686,64.04688,23.69045
1588395589779,60.50269,63.890984,24.682323
1588395589799,61.26644,63.57624,23.862492
1588395589821,61.808136,63.787388,23.081612
1588395589841,63.70112,64.35386,22.932152
1588395589860,63.33169,64.647995,22.264479
1588395589880,64.718475,64.262924,21.850124
1588395589901,63.821007,64.01035,22.678644
1588395589922,63.19806,63.924606,23.114988
1588395589940,63.426113,63.81995,22.857471
1588395589960,63.416195,63.878933,23.025139
1588395589981,62.86896,64.17241,23.007961
1588395590000,63.039204,64.31825,23.380615
1588395590022,61.840996,64.232155,23.504192
1588395590041,60.545624,64.06877,24.11581
1588395590061,62.219055,63.739597,23.591812
1588395590081,62.40229,63.924408,23.401083
1588395590103,62.24755,64.161766,23.64841
1588395590122,62.084057,64.161766,23.64841
1588395590145,61.19876,64.161766,23.64841
1588395590162,60.89682,64.161766,23.64841
1588395590181,61.4369,64.30187,23.357336
1588395590205,63.687477,64.4597,22.537867
1588395590224,61.699368,64.52957,23.011694
1588395590244,62.18063,64.71165,23.141901
1588395590261,63.776127,64.445114,22.64733
1588395590283,62.897373,64.258316,22.714972
1588395590303,61.64884,64.52618,23.895367
1588395590322,60.200108,64.69294,25.327772
1588395590342,59.50333,64.34837,25.541832
1588395590363,59.963917,63.988888,25.644358
1588395590382,57.941753,64.24799,26.076952
1588395590405,59.62281,64.76664,25.6453
1588395590423,60.20677,64.600426,23.891706
1588395590445,60.563137,64.07569,23.334524
1588395590462,60.805157,64.124596,24.438705
1588395590482,60.107304,64.47317,25.341003
1588395590504,59.20798,64.607765,25.919254
1588395590522,59.609158,64.502625,26.280033
1588395590542,58.080444,64.538414,26.595783
1588395590562,60.369003,64.413185,26.241163
1588395590582,60.172096,64.51295,25.99096
1588395590606,59.60463,64.47639,25.54175
1588395590627,59.73955,64.63728,26.25933
1588395590643,58.912125,64.653595,26.40169
1588395590663,59.644253,64.7192,26.104834
1588395590683,58.507256,64.883736,26.908653
1588395590704,60.590855,64.751465,26.85721
1588395590724,57.49212,64.7466,26.444626
1588395590744,59.407993,64.64149,26.303627
1588395590764,60.6179,64.83231,26.459219
1588395590783,59.668716,65.05396,26.603771
1588395590806,59.66959,64.6887,25.844221
1588395590825,60.14888,64.70412,25.464952
1588395590844,58.080097,65.1958,26.155556
1588395590863,58.348843,65.20475,26.603989
1588395590883,59.356606,64.9817,26.524248
1588395590908,60.52493,64.717865,25.463604
1588395590926,62.97414,64.28257,24.140234
1588395590945,61.24089,64.31949,24.913898
1588395590964,59.739513,64.53157,25.780714
1588395590984,60.99649,64.503685,24.807392
1588395591009,61.153927,64.43258,24.457315
1588395591025,60.65743,64.472206,24.62733
1588395591045,61.12517,64.81312,25.783787
1588395591065,59.780014,64.97595,26.129742
1588395591086,59.82213,64.73817,25.535044
1588395591107,61.244617,64.49314,24.990643
1588395591125,58.902855,64.45303,25.350826
1588395591145,58.670246,64.68362,26.096718
1588395591165,58.97133,64.56976,25.68842
1588395591189,61.25487,64.03657,24.027842
1588395591205,64.00279,64.264854,22.289383
1588395591225,64.598045,65.0596,20.32648
1588395591246,65.37777,65.00724,19.7481
1588395591266,65.5362,65.00724,19.7481
1588395591288,65.48886,64.20616,19.276384
1588395591307,65.249344,64.27923,19.981796
1588395591326,63.50871,64.81922,21.740877
1588395591347,59.804066,64.70633,25.986591
1588395591365,59.0666,64.985306,27.558365
1588395591387,57.986107,64.995026,27.641123
1588395591406,58.09763,65.14426,27.517902
1588395591431,60.16159,64.74336,25.483639
1588395591445,64.468895,64.65222,23.145145
1588395591466,64.43232,64.87745,21.933956
1588395591489,61.625694,65.51642,23.048042
1588395591506,61.618618,65.37675,24.97061
1588395591526,61.862183,65.01463,24.883879
1588395591546,61.55385,64.666725,23.493805
1588395591566,63.61258,64.531204,22.706907
1588395591588,62.922577,64.70396,21.7777
1588395591607,66.03336,65.18786,21.446913
1588395591627,63.86373,65.41085,21.86158
1588395591647,62.77051,65.23217,22.303444
1588395591667,63.31002,64.97489,22.67984
1588395591689,64.5567,64.89044,21.914234
1588395591709,63.74669,64.84795,21.412405
1588395591728,65.56456,64.921104,22.154676
1588395591749,63.572628,64.90153,22.942617
1588395591767,63.27117,65.146545,23.315025
1588395591789,61.61933,65.20459,23.553068
1588395591810,61.906136,65.20459,23.553068
1588395591828,63.321613,65.20459,23.553068
1588395591848,62.059467,65.20459,23.553068
1588395591867,62.685005,65.20459,23.553068
1588395591889,62.125816,65.20459,23.553068
1588395591909,63.178143,65.116165,22.373375
1588395591928,64.871,65.44852,22.687939
1588395591949,63.1783,65.214455,21.719458
1588395591969,64.65023,64.934746,20.68261
1588395591989,65.59684,65.11023,20.99613
1588395592009,63.549427,65.32182,22.053736
1588395592030,62.623573,65.087425,21.80768
1588395592053,64.69827,64.93007,21.274544
1588395592070,64.49081,64.93007,21.274544
1588395592090,64.70157,64.95097,21.91845
1588395592110,63.485542,65.15789,22.436237
1588395592129,63.276752,65.10019,21.866173
1588395592149,62.223644,65.02113,21.71663
1588395592171,63.86147,64.997826,22.108284
1588395592189,64.77638,65.20468,22.779594
1588395592211,63.377495,65.20607,22.507013
1588395592230,62.568092,65.174324,22.11922
1588395592250,63.6102,64.880135,21.702333
1588395592270,63.813282,65.06702,22.028843
1588395592294,63.148014,65.264565,22.484055
1588395592311,65.56121,64.92795,21.111609
1588395592330,64.42832,64.93243,20.844706
1588395592349,65.211464,65.32155,22.075562
1588395592372,62.111225,65.65167,23.009035
1588395592398,63.81895,65.247314,22.329363
1588395592411,64.73565,65.12958,21.710722
1588395592430,64.13218,65.15904,21.731865
1588395592452,62.855827,65.35868,21.99785
1588395592471,63.524094,65.44982,22.593603
1588395592490,63.10761,65.217224,22.637753
1588395592512,63.72087,65.14955,22.260319
1588395592529,65.13286,65.27378,21.917917
1588395592556,64.75846,65.26808,21.804659
1588395592576,63.1024,65.29738,21.991957
1588395592596,63.46871,65.435974,22.25764
1588395592615,64.25883,65.495255,22.239466
1588395592637,64.72183,65.43023,22.093
1588395592657,64.23898,65.220695,22.130136
1588395592676,64.543365,65.36503,22.126854
1588395592696,64.00778,65.476524,22.225502
1588395592716,64.474266,65.39645,21.443789
1588395592737,64.27481,65.21464,21.58642
1588395592756,63.94084,65.30875,22.322273
1588395592776,62.431664,65.2961,22.764858
1588395592796,63.719757,65.36008,22.188282
1588395592816,64.253876,65.33264,21.470173
1588395592838,65.123924,65.23264,21.441229
1588395592857,63.635048,65.44512,21.553478
1588395592876,63.583084,65.47204,22.128536
1588395592896,65.44335,65.38958,21.81374
1588395592919,62.661728,65.35579,21.752264
1588395592937,61.8592,65.37789,21.884287
1588395592957,63.706425,65.294495,21.621511
1588395592976,64.3022,65.26498,21.581923
1588395592996,64.7995,65.150276,21.638004
1588395593016,64.07731,65.182396,21.78038
1588395593039,62.237038,65.051186,21.912928
1588395593056,64.81355,64.96307,21.397455
1588395593077,64.736664,65.002014,21.14781
1588395593096,62.323555,65.149826,21.856682
1588395593116,62.636707,65.19153,22.52286
1588395593137,61.6782,65.06515,22.478754
1588395593157,64.97465,64.94012,21.467045
1588395593177,63.157204,64.96801,21.447737
1588395593196,63.58601,64.98504,21.532291
1588395593216,63.823044,65.11336,22.287886
1588395593241,63.03419,65.03072,22.596395
1588395593258,63.083355,64.804504,22.267725
1588395593278,62.891823,64.89226,21.74111
1588395593296,64.40851,65.04346,21.671587
1588395593316,63.907227,65.00005,21.500557
1588395593338,64.26249,64.89614,20.791716
1588395593358,64.671585,64.701675,21.033846
1588395593376,63.614967,64.745766,21.437931
1588395593396,63.830486,65.108765,21.934671
1588395593416,63.600674,65.16912,22.233397
1588395593437,65.48727,65.11064,21.181984
1588395593456,65.27396,64.82098,20.01138
1588395593476,65.58936,64.89768,20.683943
1588395593496,63.607986,65.14668,22.253565
1588395593516,62.260193,65.4704,23.19513
1588395593540,61.676376,64.98248,23.031296
1588395593558,62.329704,64.41884,21.951906
1588395593577,63.06123,64.81593,21.741108
1588395593596,63.51027,65.35683,22.303331
1588395593616,64.41333,65.38725,21.5298
1588395593638,63.11575,65.17668,21.881786
1588395593656,62.30683,65.22272,23.319868
1588395593677,62.822414,65.169716,22.699505
1588395593696,64.13136,64.491936,21.134575
1588395593715,66.026,64.493866,20.712309
1588395593738,64.11224,64.95118,22.00692
1588395593757,63.677574,65.23732,22.419212
1588395593775,63.698616,64.95557,21.956915
1588395593796,64.073,64.66059,22.24664
1588395593817,64.37107,64.65283,22.41528
1588395593838,63.442158,64.77122,21.911863
1588395593857,65.25786,64.77391,21.175201
1588395593878,64.792885,64.68315,21.74091
1588395593899,62.09006,64.850334,22.340258
1588395593917,63.80025,64.951904,21.840815
1588395593940,64.90733,64.67384,21.570683
1588395593958,63.475586,64.761955,21.94787
1588395593978,63.823727,64.923294,22.234297
1588395593998,64.025604,65.0436,22.065582
1588395594017,64.5519,64.81518,22.064905
1588395594038,63.923515,64.73154,22.619106
1588395594058,63.97781,64.88411,22.455606
1588395594078,63.508644,64.95801,21.71116
1588395594098,65.46529,64.911316,21.728914
1588395594118,65.29206,64.686874,21.93693
1588395594138,65.383644,64.41477,21.463604
1588395594158,64.93262,64.46073,21.556158
1588395594179,63.77756,64.55699,22.482437
1588395594198,63.355125,64.69457,22.563421
1588395594218,63.283417,64.722466,21.930046
1588395594239,64.69929,64.550804,21.526524
1588395594258,64.944565,64.50769,21.697918
1588395594278,63.141895,64.609344,22.180984
1588395594298,64.622986,64.80829,22.15502
1588395594318,64.56649,64.675,21.570374
1588395594339,65.401665,64.44904,21.29822
1588395594358,64.09138,64.58413,21.611954
1588395594379,63.40438,64.805664,22.07177
1588395594399,64.666855,64.64566,21.77165
1588395594419,63.487038,64.45969,21.577442
1588395594444,63.778893,64.449394,21.677513
1588395594459,63.773407,64.6676,21.804495
1588395594479,62.948547,64.68622,21.837246
1588395594499,63.976566,64.59832,21.982002
1588395594520,64.18679,64.46582,22.270058
1588395594540,63.67752,64.548454,22.467001
1588395594559,62.841034,64.62007,22.27315
1588395594579,62.556232,64.67761,22.983543
1588395594600,62.861282,64.474525,22.446352
1588395594621,63.843063,64.36439,21.541676
1588395594643,62.13923,64.669624,22.139973
1588395594661,63.098114,64.83257,22.614136
1588395594680,63.046513,64.74763,22.487919
1588395594702,62.303272,64.5066,22.24922
1588395594721,63.841663,64.518585,21.891018
1588395594741,63.524967,64.51004,21.613632
1588395594760,64.17209,64.771545,21.944624
1588395594780,62.077103,65.09833,22.658052
1588395594801,64.10067,64.98472,21.822771
1588395594822,65.831345,64.64796,18.957947
1588395594841,67.847206,64.6139,18.066977
1588395594861,66.0811,64.77668,18.797358
1588395594881,66.734344,65.020645,19.44538
1588395594901,65.70144,65.087326,19.547602
1588395594921,65.5056,65.22594,20.414097
1588395594942,63.543728,64.90269,20.769426
1588395594961,65.66962,65.01769,19.897163
1588395594985,62.685455,65.04675,22.055563
1588395595001,63.89621,65.04675,22.055563
1588395595021,63.408348,64.80016,22.990671
1588395595043,64.23032,65.05057,22.117895
1588395595062,63.476513,64.820015,22.703886
1588395595081,65.14303,64.35504,21.909752
1588395595104,65.064835,64.321815,21.40634
1588395595125,62.88296,64.16587,22.52877
1588395595142,65.40249,63.696568,22.173553
1588395595162,65.51126,63.818058,20.524477
1588395595181,64.732025,64.34593,20.966036
1588395595202,63.890675,64.70643,21.957111
1588395595222,64.56829,64.247055,21.649982
1588395595245,66.24629,63.92146,19.966425
1588395595261,66.056335,64.0792,20.2919
1588395595282,64.0613,64.17894,21.444485
1588395595304,64.98249,64.309395,21.561653
1588395595324,63.9268,64.530014,21.925987
1588395595343,64.504684,64.34829,21.623314
1588395595362,64.68325,64.326385,21.446678
1588395595382,64.61132,64.560234,21.622162
1588395595402,64.00269,64.57848,22.112095
1588395595423,64.592735,64.50034,21.64821
1588395595442,65.1735,64.59028,21.558636
1588395595462,64.39615,64.745125,22.072945
1588395595483,65.2373,64.850914,21.634476
1588395595504,64.17268,65.06986,21.060825
1588395595523,65.36097,64.818985,20.580296
1588395595543,66.443275,64.61603,20.475483
1588395595562,66.21615,64.13722,20.347326
1588395595583,65.259735,63.706177,20.012087
1588395595607,67.00775,63.81493,18.195784
1588395595625,68.24645,63.81493,18.195784
1588395595644,67.27596,63.81493,18.195784
1588395595663,69.20812,65.96678,14.867621
1588395595684,62.26158,67.92018,20.734678
1588395595704,57.615932,66.18651,27.920984
1588395595727,62.058094,65.33687,23.483564
1588395595746,65.30174,64.807625,18.763716
1588395595764,65.46697,64.98142,19.3646
1588395595784,63.41026,65.41712,20.965973
1588395595808,61.58425,65.51342,23.115705
1588395595826,62.371155,65.27456,21.543642
1588395595845,64.747246,65.00359,20.030666
1588395595864,65.490295,64.669846,20.440424
1588395595884,65.80953,65.09989,19.724848
1588395595906,65.23585,65.35774,20.368017
1588395595925,65.03392,64.076,20.286783
1588395595945,65.05792,64.29474,20.184593
1588395595966,60.461334,65.38395,23.88265
1588395595985,59.9651,64.939766,25.67576
1588395596006,62.83084,63.85893,23.869772
1588395596026,62.152878,62.87711,23.371334
1588395596045,67.42271,63.509872,18.95761
1588395596065,69.58669,63.725815,16.783682
1588395596085,69.858345,63.36044,16.367619
1588395596107,70.62128,63.87942,14.67736
1588395596126,70.34471,64.87701,14.166405
1588395596147,68.75865,64.835205,16.386456
1588395596166,64.91521,63.579384,21.28591
1588395596191,64.859924,63.86184,19.848492
1588395596207,67.96783,64.09721,17.099527
1588395596226,68.7949,63.960262,16.546371
1588395596245,69.5725,63.755035,17.34673
1588395596266,68.7238,63.44856,18.364931
1588395596288,68.844635,63.594982,17.470943
1588395596308,70.388374,63.323475,15.352293
1588395596327,73.84119,62.833103,11.818333
1588395596346,72.95834,63.589027,13.551804
1588395596367,69.241135,63.497326,17.554415
1588395596389,67.43897,63.856277,18.686832
1588395596408,70.37013,63.62232,15.602837
1588395596427,68.82418,63.16444,16.850971
1588395596447,68.21593,64.23676,17.459112
1588395596467,68.64038,65.550255,16.641527
1588395596490,69.34913,65.102264,16.917221
1588395596507,69.12725,64.12855,17.709417
1588395596528,71.43264,65.07046,13.818184
1588395596548,73.702034,65.38707,12.482913
1588395596568,70.650505,66.18786,13.660999
1588395596589,70.11557,65.50943,14.884622
1588395596608,75.38908,64.19224,10.589852
1588395596627,76.90999,63.100613,9.683235
1588395596647,73.824295,64.37491,12.361156
1588395596667,76.26105,64.789665,9.705447
1588395596690,70.728325,63.826996,16.692043
1588395596709,67.68582,63.51599,18.44096
1588395596729,66.691734,64.759445,18.528055
1588395596749,68.08255,64.92029,17.895405
1588395596768,70.25388,63.29481,15.5042925
1588395596789,68.91482,62.952072,16.975254
1588395596811,64.71505,64.4699,20.773592
1588395596828,67.66752,65.99736,17.87067
1588395596848,67.842636,64.26039,18.129318
1588395596869,75.05968,63.139114,11.62146
1588395596894,76.08492,63.54535,8.921136
1588395596914,74.577446,63.99681,11.616407
1588395596935,72.85833,63.67266,13.021225
1588395596955,70.07831,63.70062,15.747058
1588395596978,71.208496,65.14698,13.896288
1588395596994,73.207375,65.913704,12.1518135
1588395597014,74.43941,64.86308,10.81007
1588395597036,75.5131,63.57198,10.520479
1588395597056,73.8978,63.739502,10.903472
1588395597075,73.70534,64.70531,11.456339
1588395597094,72.929184,64.51416,12.0015135
1588395597115,71.093704,62.91878,15.781815
1588395597134,72.886024,63.717915,13.144613
1588395597156,71.804146,65.299774,12.881689
1588395597174,70.58094,64.84318,14.61655
1588395597194,74.946884,62.267353,12.073865
1588395597215,82.80704,60.9528,3.8667066
1588395597235,83.56463,63.63082,1.36107
1588395597254,79.756485,64.75559,4.728797
1588395597274,77.89751,66.23051,7.311229
1588395597294,69.06426,62.104862,18.267693
1588395597317,65.706406,60.412197,22.43139
1588395597334,65.469925,64.53583,21.94682
1588395597354,58.325794,65.1447,28.368666
1588395597373,71.38662,65.166725,15.233031
1588395597393,74.94399,62.352837,12.5794525
1588395597413,72.49228,62.35816,14.262318
1588395597433,72.469025,63.877533,13.736497
1588395597456,71.45919,61.176743,15.436684
1588395597476,71.64936,58.51967,17.293463
1588395597494,69.45427,58.90441,20.372232
1588395597513,70.74095,60.71449,16.586315
1588395597533,74.82376,62.24555,11.734644
1588395597555,80.818695,61.988155,5.332892
1588395597573,77.695786,60.33022,10.856347
1588395597593,77.16281,57.937824,11.556977
1588395597613,75.06198,57.345455,13.970805
1588395597633,71.47929,63.129684,15.59867
1588395597655,70.48077,64.78026,15.839483
1588395597674,72.74554,62.77986,13.9605465
1588395597694,78.35811,61.222668,8.754765
1588395597713,85.66582,61.263115,0.5638429
1588395597733,94.59485,62.080116,350.27197
1588395597755,97.628334,62.87972,346.80368
1588395597775,89.26196,67.471306,354.86212
1588395597793,64.370186,67.785034,22.638094
1588395597813,46.946846,65.781395,40.221786
1588395597833,55.14088,60.653187,33.3626
1588395597854,64.042404,63.689423,22.911787
1588395597873,71.53461,66.24428,14.040803
1588395597893,79.993034,66.62152,5.948283
1588395597913,72.49656,65.805664,13.719785
1588395597934,70.20823,61.863693,17.158709
1588395597955,69.734314,60.68903,17.760052
1588395597978,71.78734,62.583225,14.839066
1588395597995,81.02895,64.54876,3.925627
1588395598014,88.45413,63.340332,357.525
1588395598035,90.3037,60.783855,355.2471
1588395598056,87.11695,62.674896,358.9335
1588395598074,79.67911,61.967384,6.600458
1588395598094,79.62984,58.025448,9.538673
1588395598114,81.68775,58.348183,5.6807013
1588395598136,76.67056,64.67798,9.640965
1588395598157,71.63173,68.74403,13.666004
1588395598176,75.27945,66.95059,10.439963
1588395598195,81.87263,58.25784,6.3013697
1588395598214,94.79693,54.862965,351.85123
1588395598236,97.43501,54.858498,349.98907
1588395598255,87.36641,62.080902,359.9272
1588395598275,63.041668,68.372604,23.360245
1588395598295,63.179386,66.23478,24.223871
1588395598314,73.508606,63.777744,14.546105
1588395598335,75.734406,59.336006,13.938014
1588395598357,77.41303,60.986275,12.547946
1588395598378,77.90007,63.076252,11.086547
1588395598397,80.62665,64.86977,9.151193
1588395598415,79.42111,63.100403,9.181207
1588395598438,84.70387,60.249462,4.1066775
1588395598457,83.61191,57.388737,7.427345
1588395598475,83.47889,61.071514,6.8465314
1588395598496,83.45948,60.1222,7.5196986
1588395598523,83.76976,61.753345,7.118259
1588395598536,78.39469,63.56194,12.496173
1588395598557,78.31042,62.94869,13.2920475
1588395598576,74.19481,61.19463,16.824417
1588395598597,76.66256,59.537735,15.465007
1588395598617,81.99423,61.476963,10.54868
1588395598639,84.59235,66.593666,5.6814246
1588395598656,89.09952,71.694954,0.55603755
1588395598676,88.090904,62.66763,2.0710986
1588395598696,86.09449,62.109756,6.0175753
1588395598717,78.78799,59.359165,13.970617
1588395598740,69.409645,60.323425,23.337076
1588395598757,72.70677,54.110126,23.651682
1588395598777,74.061844,56.97202,19.150434
1588395598797,91.609856,62.96326,358.80835
1588395598817,100.06386,64.589325,347.75888
1588395598842,89.44275,70.95473,358.47626
1588395598858,79.0798,68.28004,9.288675
1588395598877,92.79937,66.66047,356.23315
1588395598897,87.11031,62.28746,2.4400957
1588395598919,78.51277,59.43876,12.190719
1588395598938,82.543625,62.427452,7.2653933
1588395598961,92.601074,62.09965,354.93314
1588395598978,93.07858,59.27284,353.677
1588395598997,85.99458,59.49424,2.1810606
1588395599018,87.2192,60.61612,0.6491357
1588395599039,91.603584,62.872192,354.4377
1588395599058,94.985374,60.22451,352.9202
1588395599078,91.316505,49.19032,358.4609
1588395599099,88.836205,54.5294,0.6702853
1588395599118,96.831696,50.769264,351.37366
1588395599141,95.32332,42.793957,356.54614
1588395599159,85.70877,54.54498,5.361009
1588395599186,91.12589,62.589928,356.035
1588395599198,103.17947,50.778877,344.24258
1588395599219,98.59458,49.59024,352.5755
1588395599242,92.099556,50.336056,359.99918
1588395599260,73.83093,49.912323,24.072227
1588395599279,82.38484,45.760128,15.864259
1588395599301,92.27168,46.916782,1.4029393
1588395599319,98.77973,45.0853,355.2716
1588395599341,101.490654,40.072136,353.06342
1588395599361,102.00374,36.79101,351.32126
1588395599380,103.747284,29.901236,352.43054
1588395599399,99.638596,24.695692,0.91645
1588395599421,99.214516,22.160118,6.0661545
1588395599443,98.90921,20.61622,8.941267
1588395599463,98.21994,21.151407,7.162491
1588395599480,100.42806,19.525333,3.8375008
1588395599501,99.94331,20.614622,3.5962436
1588395599525,100.07408,21.301056,2.621084
1588395599542,101.42054,21.642214,357.74988
1588395599560,101.99989,23.430235,357.94476
1588395599582,99.93262,22.968824,5.035292
1588395599600,98.300575,20.866077,7.371698
1588395599624,100.10609,15.449012,5.7828817
1588395599641,99.03061,16.381605,2.2686434
1588395599669,99.63766,19.6847,4.9506335
1588395599681,99.62506,23.716915,3.1066687
1588395599700,98.008575,20.192541,5.672829
1588395599723,97.26213,24.631989,6.6584444
1588395599743,96.556,24.97024,4.325853
1588395599762,97.24599,16.5324,7.3173747
1588395599781,96.7411,18.339594,5.33158
1588395599802,94.86402,20.246054,11.187196
1588395599823,89.41597,21.687998,20.584202
1588395602368,91.42716,20.310722,20.901173
1588395602370,92.052704,13.163335,13.628124
1588395602371,94.585495,15.4834585,4.770447
1588395602372,91.281136,14.240006,2.738257
1588395602373,91.96435,17.692442,5.1107635
1588395602374,90.90621,13.720023,9.6786175
1588395602374,85.74406,16.953627,22.31179
1588395602375,83.74394,14.287012,21.713709
1588395602377,85.06779,16.57425,9.844485
1588395602377,88.333336,16.227514,359.3288
1588395602378,88.844246,15.123052,0.04141908
1588395602379,88.529976,17.89813,0.6031338
1588395602380,89.200096,11.408504,1.9622627
1588395602381,89.63892,9.131891,6.9269066
1588395602381,87.15221,11.4826975,12.743964
1588395602382,90.477516,8.412762,11.077224
1588395602383,89.60775,9.0739155,5.3155417
1588395602384,90.80609,6.272395,8.95163
1588395602427,91.00177,7.818747,6.3680744
1588395602428,89.47537,12.394527,2.1607828
1588395602429,89.65026,11.162057,1.9306166
1588395602430,90.1624,8.86864,1.5108172
1588395602431,90.73034,9.241205,359.16122
1588395602432,88.23915,11.379517,0.0745891
1588395602433,86.643326,15.66556,1.9485565
1588395602434,86.70654,16.003304,1.242998
1588395602435,84.83722,17.687252,1.2658798
1588395602436,80.08158,21.613586,8.579104
1588395602437,79.81818,18.88845,12.975447
1588395602437,79.67267,16.252342,11.634221
1588395602438,81.84629,17.34523,7.78973
1588395602439,80.998344,14.541105,8.026044
1588395602440,81.467026,16.976877,2.1646345
1588395602440,81.39931,24.222654,353.2052
1588395602441,82.60704,29.89767,346.91165
1588395602441,79.962166,30.609106,349.23758
1588395602442,77.763306,31.199371,353.18134
1588395602443,74.7586,30.668219,357.84705
1588395602444,69.65913,34.71143,1.844425
1588395602445,68.67102,31.344513,5.134497
1588395602446,60.778835,38.906925,7.741804
1588395602446,56.368034,42.967785,9.872738
1588395602447,54.614185,44.333736,10.131919
1588395602448,56.91297,48.162815,5.2958384
1588395602448,57.484455,50.65516,3.7259178
1588395602449,54.12827,42.532326,10.393344
1588395602449,53.99181,50.478348,6.635715
1588395602450,48.276596,56.79962,9.602447
1588395602451,44.536324,48.598877,15.932449
1588395602453,42.010136,49.44187,17.438984
1588395602454,38.247326,51.43827,20.35495
1588395602455,40.87156,53.43189,17.176044
1588395602456,41.03216,53.71558,15.949162
1588395602456,52.792057,60.430584,2.9769616
1588395602457,55.85344,56.183323,1.8816922
1588395602457,56.592255,50.44305,2.9833038
1588395602458,54.968887,49.057224,3.6841593
1588395602458,55.663937,47.84172,2.9046276
1588395602458,58.378098,45.1747,1.4830121
1588395602459,59.118313,43.443104,3.6622736
1588395602459,56.45978,44.225887,4.997882
1588395602460,55.642895,47.82123,4.2455373
1588395602460,56.803734,47.38164,4.0739894
1588395602460,59.449654,43.105072,4.5803123
1588395602461,59.25992,40.208694,6.107549
1588395602461,60.81097,35.297222,6.7484236
1588395602462,66.300446,36.957718,359.01254
1588395602462,75.41621,41.060356,345.65723
1588395602462,75.78862,38.126644,348.1252
1588395602463,67.9721,34.2913,1.83409
1588395602464,65.37518,33.74212,6.9383698
1588395602464,65.61602,34.80564,5.7044992
1588395602464,68.12906,37.449074,2.387309
1588395602465,68.29477,34.5097,5.9827437
1588395602465,68.043274,31.53652,9.9846325
1588395602466,69.68635,28.253384,11.5289955
1588395602466,72.82849,28.312151,7.774037
1588395602466,75.59017,31.164715,0.43944257
1588395602467,79.82243,29.672527,358.49893
1588395602467,84.551346,12.484041,5.6681614
1588395602468,84.88274,12.32057,4.697025
1588395602468,82.9251,20.015602,2.5103824
1588395602468,84.03967,23.868927,357.91745
1588395602469,86.59747,25.805141,352.12347
1588395602469,90.51367,14.231193,351.61227
1588395602470,91.81327,12.0010805,352.95508
1588395602470,93.11285,0.79437584,4.894808
1588395602471,95.72442,359.79004,359.65805
1588395602471,91.70603,6.8078036,5.491267
1588395602472,87.78911,10.385984,13.557387
1588395602472,87.98119,10.093583,10.734134
1588395602472,90.0341,3.1363404,19.909
1588395602473,84.68302,7.7107005,16.11516
1588395602473,85.09536,5.66776,18.322132
1588395602473,88.69171,3.884992,16.9249
1588395602474,88.98309,1.0706791,8.14428
1588395602474,85.14956,7.0227995,0.7811797
1588395602475,86.78549,3.4680865,359.4793
1588395602475,85.483,3.7784834,352.2346
1588395602475,84.33735,0.7853252,358.6049
1588395602476,84.77605,15.974062,333.63336
