1588508916477,217.1651,355.33975,6.2710176
1588508916674,213.9041,355.3066,5.4859834
1588508916876,222.63673,356.64468,0.93946564
1588508917074,220.9117,355.07874,6.009248
1588508917277,229.79802,354.53403,6.812989
1588508917476,236.3851,354.27563,7.781614
1588508917672,248.06178,355.4998,9.609338
1588508917871,259.08597,4.194089,2.9011185
1588508918071,105.120575,5.007681,358.9175
1588508918271,124.79629,19.584564,319.97092
1588508918472,235.62704,20.766937,273.90585
1588508918672,193.48016,23.65749,275.0253
1588508918873,121.90595,33.564648,274.99673
1588508919073,113.798325,21.08135,265.79553
1588508919274,143.11803,15.407404,260.13232
1588508919472,195.66672,12.762787,258.2596
1588508919673,235.09521,10.086126,255.16972
1588508919873,39.675667,31.743338,274.89203
1588508920073,19.791203,57.909733,283.83154
1588508920276,295.5794,71.36985,297.3661
1588508920473,182.82257,83.06568,38.52611
1588508920675,224.99072,80.36875,359.0742
1588508920876,228.81628,86.63413,353.03003
1588508921079,87.12118,66.271614,123.68031
1588508921278,75.42046,37.96271,126.2455
1588508921480,74.70492,28.938244,124.38202
1588508921675,72.44479,15.572699,119.347336
1588508921873,69.21843,8.89735,123.79494
1588508922076,69.9582,8.959227,118.38528
1588508922274,67.47686,355.78464,122.378876
1588508922474,68.82514,5.1927557,129.48067
1588508922673,66.23821,18.0578,142.08762
1588508922875,60.421207,36.628746,147.19867
1588508923075,38.341034,53.496082,171.68959
1588508923272,54.991383,63.41932,150.5932
1588508923472,50.91892,65.282684,154.6818
1588508923674,48.292374,59.80012,154.1252
1588508923888,51.163193,50.272762,147.96762
1588508924076,37.112473,50.298992,163.24457
1588508924276,36.47506,38.22976,163.58832
1588508924474,45.480865,27.964079,156.18596
1588508924673,57.142857,14.966926,146.49802
1588508924872,65.8952,356.4214,145.18927
1588508925078,74.37155,343.6376,154.25212
1588508925276,67.1586,349.47922,153.89084
1588508925481,40.85797,18.085857,161.6914
1588508925675,44.950123,38.00338,149.22527
1588508925876,43.23041,44.59905,152.6931
1588508926077,45.474384,31.622505,153.69945
1588508926276,48.50359,19.85427,157.11768
1588508926476,66.111725,1.8302896,148.90273
1588508926677,82.3572,340.30743,140.03442
1588508926876,73.93404,350.97223,148.43448
1588508927077,58.182106,12.223798,147.62036
1588508927277,47.872932,32.845806,149.17238
1588508927473,45.27606,37.677784,150.96309
1588508927672,44.305523,26.13639,157.84616
1588508927874,57.964455,13.401368,149.98694
1588508928077,78.58003,349.40524,143.94408
1588508928273,84.95541,338.41995,136.56432
1588508928473,67.49162,2.606253,145.45116
1588508928675,54.489155,26.972115,144.02362
1588508928876,47.688683,35.169712,150.2303
1588508929078,47.037247,29.147703,154.57143
1588508929276,60.03806,14.266922,147.86554
1588508929477,85.54101,344.97144,149.32257
1588508929676,86.74786,344.22778,154.26172
1588508929877,62.11238,6.7692347,151.95415
1588508930074,49.433197,29.534384,150.12619
1588508930278,41.674145,36.48853,157.48825
1588508930476,50.98788,25.711306,152.28383
1588508930676,66.170166,10.879144,143.27646
1588508930876,91.81748,339.01544,144.08455
1588508931076,81.88489,349.01562,150.04497
1588508931276,53.100586,16.736584,154.45142
1588508931477,46.750202,34.341736,151.65585
1588508931678,44.1392,33.613678,155.71677
1588508931878,55.967762,20.494202,150.46638
1588508932076,75.86307,0.7529124,145.29921
1588508932277,98.32576,332.1836,141.19041
1588508932476,75.1432,358.62524,146.54753
1588508932678,53.606743,22.557657,149.84001
1588508932876,47.28197,34.3472,150.96368
1588508933077,46.77155,32.366512,153.15263
1588508933277,62.044727,15.033321,145.74678
1588508933477,83.25633,349.4246,149.41962
1588508933677,92.832466,336.64395,141.8106
1588508933876,68.373375,2.439613,148.55835
1588508934076,55.343464,25.784327,143.45363
1588508934279,43.28846,34.819725,154.89323
1588508934478,53.64249,27.893959,148.48181
1588508934675,66.94823,10.865479,148.45767
1588508934876,91.38736,343.22058,141.8082
1588508935076,92.82343,343.35803,150.9526
1588508935276,67.597855,8.049444,148.35393
1588508935477,51.186398,30.831734,150.12782
1588508935676,51.868637,31.339308,148.65016
1588508935877,51.260433,25.775454,153.0317
1588508936077,65.53337,11.115169,147.40945
1588508936275,100.6934,330.07504,145.32593
1588508936475,85.15747,346.7384,151.54742
1588508936675,59.822525,12.055936,150.23381
1588508936876,45.956715,31.029402,152.89175
1588508937077,39.86585,34.643845,158.06705
1588508937274,49.15248,24.252918,154.11723
1588508937474,71.41604,1.9956925,147.93259
1588508937682,96.49637,333.86786,147.76651
1588508937877,75.86984,353.01813,151.60959
1588508938077,54.27547,19.411457,149.09601
1588508938277,46.29704,31.464752,152.33633
1588508938477,44.456635,33.73966,153.10805
1588508938677,53.707108,19.374075,151.4592
1588508938877,72.96948,0.062263843,145.88403
1588508939077,97.15475,335.44138,150.7192
1588508939276,68.51235,1.1158563,149.82848
1588508939479,51.90168,22.414297,151.12848
1588508939677,47.656216,34.132908,151.32487
1588508939875,49.716095,29.625692,151.83812
1588508940078,61.190277,15.92512,148.5591
1588508940276,85.15028,348.18304,139.12352
1588508940473,92.7563,337.61218,142.2012
1588508940675,70.08326,1.46743,147.98976
1588508940873,54.270264,26.072178,146.25667
1588508941076,44.246582,34.846233,154.94415
1588508941279,48.11917,30.268616,153.29126
1588508941475,63.433243,12.803298,149.0957
1588508941677,86.015366,347.24426,142.01175
1588508941876,91.83443,341.98456,149.37216
1588508942074,66.46564,8.226929,147.89828
1588508942277,53.6822,30.262028,146.46841
1588508942475,46.908394,37.277454,151.24136
1588508942675,50.269554,29.522284,151.01112
1588508942877,70.09448,4.9450717,149.48795
1588508943077,88.59379,345.55087,144.35915
1588508943275,94.82246,339.54654,149.84155
1588508943476,69.526794,4.7892375,144.60423
1588508943677,54.160137,29.81442,145.635
1588508943877,43.546345,34.46016,156.61214
1588508944077,52.909473,25.969477,151.41794
1588508944278,71.361565,8.141451,143.83818
1588508944477,96.17614,335.3118,139.1665
1588508944679,90.27886,343.0957,144.9435
1588508944876,62.752167,12.235062,147.49283
1588508945076,51.158703,32.751556,147.44423
1588508945278,48.133076,33.01271,151.43822
1588508945479,53.185272,22.582222,153.64928
1588508945679,77.36322,358.78687,146.29533
1588508945881,94.803665,334.6703,139.09206
1588508946081,76.86913,355.2079,148.34624
1588508946282,55.140327,22.621275,147.43094
1588508946482,45.897034,33.88112,152.81985
1588508946684,48.28167,29.68974,152.98334
1588508946890,61.774326,13.658451,150.98431
1588508947083,86.448746,348.46722,143.52748
1588508947286,96.489914,338.7511,150.92029
1588508947484,67.876366,4.973926,146.99335
1588508947684,49.597706,30.169182,150.50485
1588508947891,43.9431,38.81127,153.23349
1588508948085,48.894043,30.782251,152.22778
1588508948286,64.964645,10.323017,150.8266
1588508948486,91.4759,341.69443,144.48474
1588508948688,89.322655,344.23788,149.54584
1588508948886,59.15902,10.797374,152.84042
1588508949088,49.93172,31.122229,147.58502
1588508949287,41.926277,36.877457,154.42195
1588508949487,50.83034,21.83267,154.70491
1588508949690,67.66385,6.3787813,151.12614
1588508949889,96.38386,333.22433,140.79015
1588508950088,79.52105,351.391,144.6318
1588508950375,54.500763,23.078123,146.17657
1588508950574,45.8128,34.520653,151.92834
1588508950774,46.802177,31.743809,152.44684
1588508950974,61.088406,15.056946,149.40996
1588508951175,87.41409,345.8707,141.43549
1588508951374,93.64123,340.24963,150.66258
1588508951574,60.056118,9.83116,151.93134
1588508951776,47.07441,31.300486,150.51225
1588508951974,43.209797,36.09354,153.51578
1588508952175,48.76133,25.547434,154.51894
1588508952375,71.497665,2.6238198,144.90309
1588508952576,93.95219,331.58743,136.72765
1588508952775,71.63596,355.4238,148.34348
1588508952976,47.291077,22.566462,151.0743
1588508953176,42.89118,35.878403,150.93092
1588508953377,41.565514,31.815977,155.05426
1588508953574,54.165676,18.778824,150.25806
1588508953774,78.929695,353.2126,141.11488
1588508953976,92.87979,337.03275,145.68379
1588508954177,64.55937,2.617494,147.93837
1588508954374,44.00722,32.02068,151.47826
1588508954574,40.79625,36.583504,153.59999
1588508954775,48.517986,24.897356,151.68852
1588508954974,62.78021,8.783166,151.52135
1588508955175,94.52039,336.2836,142.98367
1588508955375,81.665825,348.61902,154.47874
1588508955576,51.46624,18.255798,152.13968
1588508955775,47.692204,34.948334,147.1488
1588508955975,48.51079,32.34185,148.63986
1588508956175,52.246796,19.127623,155.59389
1588508956379,78.31409,356.77338,147.7786
1588508956577,96.57865,332.58154,138.38141
1588508956779,65.498055,2.3583145,151.52757
1588508956977,46.58878,27.792587,151.40031
1588508957177,42.98078,36.75091,151.80688
1588508957379,42.265827,29.227022,156.86847
1588508957576,66.07353,7.7240934,148.08522
1588508957774,92.11049,339.80594,141.17676
1588508957979,82.65178,348.2629,151.3443
1588508958176,51.185963,19.235647,150.58801
1588508958374,41.38452,36.730305,153.3832
1588508958577,44.54375,31.896078,153.1504
1588508958774,54.671562,19.48144,152.43242
1588508958976,84.087425,351.1223,143.61267
1588508959176,96.31215,336.5143,144.05602
1588508959376,67.498055,3.840579,145.16724
1588508959576,47.469227,32.029926,148.4082
1588508959777,38.036907,36.650375,157.61827
1588508959977,51.35091,22.768517,152.30298
1588508960174,73.162,0.9968292,149.16214
1588508960375,100.30469,333.31113,147.22452
1588508960575,67.21586,0.42882556,151.4137
1588508960776,51.967407,24.287588,146.59837
1588508960978,42.073685,35.02489,153.79102
1588508961178,45.645893,24.709305,157.67255
1588508961376,71.86319,5.0942645,142.44217
1588508961578,96.01238,336.38184,144.5093
1588508961775,73.63331,355.3863,151.21512
1588508961977,47.304256,28.455427,150.56276
1588508962175,38.887417,34.854748,157.38116
1588508962375,58.515118,14.204672,151.03113
1588508962576,75.09843,358.0444,145.08444
1588508962776,90.434204,338.0095,140.96779
1588508962974,55.141373,11.932218,150.70735
1588508963175,46.439373,32.30886,148.98451
1588508963375,44.669292,30.351254,154.21698
1588508963575,58.75138,15.507529,151.6134
1588508963776,94.58152,331.81754,137.12416
1588508963974,74.648926,354.60675,145.68259
1588508964176,48.50956,27.097633,150.1414
1588508964377,42.496952,32.880867,154.57397
1588508964577,73.331474,0.5210443,142.94168
1588508964775,106.464325,331.08136,151.68253
1588508964977,65.371056,6.8020177,148.57724
1588508965177,50.89488,28.801712,147.09236
1588508965374,46.254753,34.996277,150.26305
1588508965577,48.575714,23.47847,154.08649
1588508965776,79.70468,353.9695,144.47906
1588508965975,91.5073,341.4746,145.19264
1588508966175,57.345448,14.796915,151.11926
1588508966375,49.125137,31.133522,148.90349
1588508966575,44.375088,32.677464,154.55167
1588508966776,65.33273,15.631018,139.35426
1588508966975,97.03164,338.3881,145.45273
1588508967175,84.85481,351.47226,147.7299
1588508967377,58.914803,23.124027,148.4833
1588508967575,56.42152,37.903286,142.06673
1588508967775,53.438637,28.55839,151.38324
1588508967978,66.74023,12.4086485,149.79832
1588508968175,96.95114,337.83215,141.17441
1588508968378,87.340576,349.19714,138.37999
1588508968575,60.401474,24.43691,145.79364
1588508968779,51.145977,32.999325,151.40163
1588508968978,56.622635,24.589552,150.34511
1588508969175,75.38383,4.7859135,145.28177
1588508969375,100.48757,333.4052,143.37056
1588508969578,74.662865,3.52429,150.46284
1588508969776,56.313015,27.9693,148.3839
1588508969975,50.959877,32.468292,151.92233
1588508970176,59.556374,19.386957,151.49258
1588508970378,83.39245,355.47357,141.89876
1588508970578,98.772964,336.305,143.93999
1588508970776,67.59333,10.12368,149.15852
1588508970978,58.910206,31.552855,141.4854
1588508971178,50.756653,31.758707,152.54555
1588508971376,65.51132,15.411866,148.5539
1588508971577,90.79856,342.2168,133.8354
1588508971778,92.26348,345.14273,147.38101
1588508971977,63.923298,22.31568,141.87335
1588508972178,53.75375,34.335632,147.18384
1588508972378,57.806793,27.182186,147.5256
1588508972577,73.1536,7.7379203,146.93428
1588508972778,96.35815,334.5274,135.7056
1588508972979,79.019104,358.68,147.09415
1588508973178,58.996727,28.358734,143.96068
1588508973380,51.395824,34.871506,150.59482
1588508973579,61.421276,21.15042,148.316
1588508973780,87.70973,350.06406,139.58578
1588508973979,94.87006,339.90402,140.69646
1588508974181,67.41684,10.84586,149.27426
1588508974379,52.69913,32.145924,149.00072
1588508974535,47.00557,32.890633,153.16685
1588508974566,46.935314,29.456451,154.91647
1588508974604,46.926743,29.456451,154.91647
1588508974646,45.201744,34.325714,154.62187
1588508974718,59.0437,14.083941,152.51701
1588508974758,59.995754,14.083941,152.51701
1588508974797,69.825836,5.60921,148.65878
1588508974876,80.71058,355.02866,132.83545
1588508974919,95.60797,342.64014,156.0708
1588508974951,95.93146,342.64014,156.0708
1588508975030,108.36441,327.02954,148.36787
1588508975070,97.40857,335.90677,144.09592
1588508975108,96.89397,335.90677,144.09592
1588508975147,91.65201,341.63525,147.14876
1588508975227,70.74365,0.8689835,152.23178
1588508975258,69.66219,0.8689835,152.23178
1588508975296,59.9689,14.992882,147.1771
1588508975372,55.445652,20.879156,148.4531
1588508975414,54.920303,20.879156,148.4531
1588508975451,50.14101,32.29804,147.71521
1588508975527,54.557926,29.066013,143.63272
1588508975566,45.44867,32.057495,153.78871
1588508975606,45.448917,32.057495,153.78871
1588508975645,53.517204,34.018295,143.64647
1588508975721,43.64339,35.89694,155.08694
1588508975759,43.186813,35.89694,155.08694
1588508975798,51.009678,39.161827,144.46552
1588508975872,57.120728,17.65651,149.26367
1588508975913,53.43543,20.190802,152.15613
1588508975952,53.66727,20.190802,152.15613
1588508976029,71.37397,3.7795322,144.45027
1588508976065,73.8135,0.8840326,145.08438
1588508976106,73.64035,0.8840326,145.08438
1588508976145,109.13525,329.2149,151.24942
1588508976221,104.70492,323.5982,139.18878
1588508976262,104.11897,323.5982,139.18878
1588508976296,97.206566,328.18686,134.73953
1588508976372,86.43459,345.2947,146.07118
1588508976410,72.92554,356.68643,149.33223
1588508976449,72.07193,356.68643,149.33223
1588508976534,45.193268,16.655571,160.17232
1588508976566,45.78654,24.303616,153.61357
1588508976604,45.443615,24.303616,153.61357
1588508976642,47.215057,28.87305,149.35197
1588508976717,45.04069,32.259933,150.67264
1588508976758,45.73721,32.259933,150.67264
1588508976798,39.633602,38.34635,155.93684
1588508976874,52.222782,29.821426,143.75061
1588508976911,45.53544,30.074047,152.7908
1588508976950,45.733807,30.074047,152.7908
1588508977028,44.816998,24.414497,157.00722
1588508977067,50.188377,20.873629,153.31331
1588508977106,50.96112,20.873629,153.31331
1588508977161,56.2475,17.805326,149.9399
1588508977218,70.89448,359.84827,149.75276
1588508977260,72.78172,359.84827,149.75276
1588508977298,79.73006,354.1194,146.01532
1588508977374,97.938515,325.69565,135.22351
1588508977411,102.524055,325.4613,141.73724
1588508977452,102.49735,325.4613,141.73724
1588508977528,88.46776,340.6612,135.78792
1588508977565,89.37125,343.7883,150.21117
1588508977606,88.649445,343.7883,150.21117
1588508977644,70.1684,2.273013,146.67654
1588508977719,60.033695,11.305376,150.43987
1588508977758,50.70315,22.697275,152.47359
1588508977795,50.125088,22.697275,152.47359
1588508977875,53.425457,31.458025,142.5304
1588508977910,53.58554,28.493923,143.79184
1588508977951,53.663208,28.493923,143.79184
1588508978026,35.16931,35.720135,162.11269
1588508978064,36.646812,37.018425,159.75266
1588508978104,36.51349,37.018425,159.75266
1588508978141,47.44421,34.57601,148.11205
1588508978217,49.67157,21.53513,152.55688
1588508978258,47.028976,25.072914,153.8074
1588508978298,47.652584,25.072914,153.8074
1588508978374,64.873825,8.168109,144.19714
1588508978409,69.908676,1.5849886,146.43877
1588508978452,70.83191,1.5849886,146.43877
1588508978531,92.48864,333.96082,138.1404
1588508978568,106.323654,317.29712,140.61362
1588508978603,106.3992,317.29712,140.61362
1588508978641,101.756836,328.34225,146.15865
1588508978721,81.592995,348.1239,142.11058
1588508978758,77.270836,352.48187,141.89812
1588508978798,76.44911,352.48187,141.89812
1588508978874,58.355797,13.266102,147.67673
1588508978913,48.61484,24.19179,151.65733
1588508978952,48.155354,24.19179,151.65733
1588508979028,42.59756,31.634407,154.37944
1588508979067,45.806538,35.312542,149.24155
1588508979105,45.951477,35.312542,149.24155
1588508979144,46.92124,34.972954,148.32869
1588508979221,40.517994,38.429665,154.97885
1588508979257,43.758507,36.265457,152.11649
1588508979295,43.702007,36.265457,152.11649
1588508979372,49.477093,24.95966,150.64314
1588508979412,47.229877,22.044157,155.56058
1588508979450,48.224655,22.044157,155.56058
1588508979527,62.841434,13.119558,141.91063
1588508979565,68.70297,4.777406,141.48328
1588508979607,70.39283,2.9793816,142.78285
1588508979643,71.38704,2.9793816,142.78285
1588508979721,92.84438,336.1333,141.09035
1588508979756,98.39381,313.9052,127.56121
1588508979797,98.291725,313.9052,127.56121
1588508979873,88.96429,341.86624,145.16176
1588508979912,82.19862,348.5307,147.56688
1588508979972,81.24678,348.5307,147.56688
1588508980025,65.53724,8.628833,142.28049
1588508980064,60.490566,12.482592,146.71252
1588508980102,50.513596,22.837294,151.13428
1588508980141,49.855297,22.837294,151.13428
1588508980220,48.0705,35.521843,146.62132
1588508980258,52.894463,25.820816,144.80975
1588508980297,53.273106,25.820816,144.80975
1588508980374,44.26138,37.899815,150.68747
1588508980412,30.001514,43.80104,164.65921
1588508980450,29.640575,43.80104,164.65921
1588508980527,51.514168,19.898487,150.71129
1588508980564,46.060566,27.390043,153.05989
1588508980602,43.698692,27.183466,156.6653
1588508980643,44.09258,27.183466,156.6653
1588508980720,64.64065,7.540772,146.5183
1588508980759,68.49047,4.972675,144.12497
1588508980797,69.48747,4.972675,144.12497
1588508980873,96.85108,332.97934,142.99243
1588508980915,97.82101,331.87595,143.05267
1588508981180,84.13866,347.33994,145.27176
1588508981287,81.0579,347.33994,145.27176
1588508981481,53.927135,19.358667,146.83028
1588508981680,45.13407,34.78974,150.79825
1588508981879,47.809383,30.737251,151.2469
1588508982079,62.693535,13.16757,147.794
1588508982282,92.0798,337.43484,140.689
1588508982477,79.739395,349.39767,144.5082
1588508982680,49.25746,22.07328,150.77567
1588508982876,46.272243,34.812187,148.15886
1588508983077,45.68444,27.266726,154.29523
1588508983277,65.52942,8.086096,146.94566
1588508983476,100.35575,329.3022,147.26608
1588508983677,71.225746,355.56268,148.5081
1588508983878,50.313206,25.722744,147.5592
1588508984078,46.56895,33.90571,148.5345
1588508984279,48.617744,27.132227,151.02777
1588508984477,71.06826,2.4353254,142.0097
1588508984678,92.49007,333.9823,141.77425
1588508984877,68.62506,358.9667,144.84212
1588508985077,49.86312,27.352842,146.62405
1588508985279,42.34352,36.895985,152.5582
1588508985480,50.174454,23.95933,152.0805
1588508985679,72.398506,0.7541902,145.17142
1588508985879,94.717804,332.41904,140.99535
1588508986078,65.566635,1.4552388,148.13661
1588508986277,50.2629,31.11008,144.6489
1588508986479,41.17582,35.81617,154.57018
1588508986680,51.251827,24.092447,151.52612
1588508986879,76.62002,356.47534,140.31471
1588508987079,89.54351,337.4506,140.51082
1588508987279,61.921608,7.388536,146.3101
1588508987477,47.598988,32.345352,148.48544
1588508987678,45.147,34.875237,151.79495
1588508987877,55.882977,20.768543,150.06624
1588508988077,80.05344,352.38953,142.17404
1588508988280,88.58131,339.33127,142.04677
1588508988479,61.996307,10.759465,143.18037
1588508988678,47.872803,33.80896,148.98956
1588508988879,44.659367,32.90151,154.35196
1588508989077,61.73774,15.6419525,147.2414
1588508989278,91.20748,337.8266,139.26706
1588508989477,83.21739,345.7478,142.67494
1588508989677,58.04221,16.113165,143.96957
1588508989878,46.32912,34.53312,149.49612
1588508990077,45.470074,31.266926,154.29088
1588508990278,63.341072,12.895523,147.74443
1588508990478,90.58655,338.30872,140.17717
1588508990680,82.42626,346.10242,146.03436
1588508990880,56.062176,21.996225,144.4307
1588508991081,46.906178,36.236904,150.7701
1588508991280,52.13261,27.164324,150.73662
1588508991478,69.90868,8.561821,142.21457
1588508991686,93.474045,332.85776,138.53387
1588508991880,75.662964,353.49152,144.54259
1588508992079,54.230003,25.632832,145.6707
1588508992278,45.763092,36.544678,151.84538
1588508992479,54.285896,27.269558,147.89551
1588508992683,72.782104,3.857004,143.58604
1588508992881,95.35704,331.6645,139.55356
1588508993079,69.76557,359.79083,148.14894
1588508993280,53.637287,27.802452,145.54314
1588508993478,47.610615,37.295013,149.29083
1588508993679,51.597404,26.803495,151.67076
1588508993877,72.22918,4.489623,143.89053
1588508994080,93.60649,335.2521,140.7966
1588508994278,70.80884,357.9332,150.3453
1588508994480,54.072376,28.541563,144.29192
1588508994679,46.3286,35.34477,151.90997
1588508994879,56.723278,23.474815,149.06293
1588508995082,76.22532,359.5378,142.59218
1588508995284,93.22684,336.356,142.43611
1588508995481,67.544106,2.6001513,148.432
1588508995679,53.475315,28.502184,144.62354
1588508995877,46.080967,34.3239,151.39055
1588508996077,57.372955,20.746906,148.04234
1588508996281,77.481926,356.48108,141.63579
1588508996479,95.54506,335.2739,144.9664
1588508996679,62.46873,10.517422,146.56755
1588508996879,50.72674,31.820232,148.32256
1588508997079,48.210476,32.048397,151.79216
1588508997280,58.338776,16.625103,151.3391
1588508997481,84.48288,345.12375,139.29803
1588508997687,84.92167,344.0358,147.44437
1588508997881,57.101982,16.095163,145.2852
1588508998081,47.777435,34.330086,147.7445
1588508998282,45.930756,29.426039,154.68578
1588508998482,64.433235,9.730116,147.38751
1588508998685,75.25789,353.96283,145.18706
1588508998882,54.069275,22.73715,145.24971
1588508999082,45.36265,33.403828,151.50389
1588508999287,49.27439,27.142014,151.18082
1588508999484,70.48434,4.1278477,143.10281
1588508999682,91.06036,335.77625,136.47177
1588508999883,70.49329,0.36830732,146.3736
1588509000084,51.949837,29.068113,145.56757
1588509000284,44.245373,34.067516,153.87119
1588509000485,55.98159,21.375418,148.15552
1588509000684,81.518456,352.66187,145.62094
1588509000885,96.60087,335.59363,144.97597
1588509001090,61.96521,13.417852,146.04337
1588509001290,49.58536,32.170265,148.28708
1588509001490,45.676907,32.168365,152.89355
1588509001689,58.14292,16.978775,149.46327
1588509001891,89.41691,341.28586,137.93922
1588509002088,85.947784,346.13702,147.0478
1588509002292,57.378254,18.38926,145.62444
1588509002491,46.478153,34.460262,149.50385
1588509002692,46.027493,29.748507,152.50761
1588509002891,63.73345,11.565909,144.77031
1588509003091,91.64125,338.6201,142.47646
1588509003292,77.47215,353.19016,146.52274
1588509003494,52.9505,24.382166,146.73305
1588509003695,44.305676,35.038494,152.86815
1588509003896,51.031178,27.210472,149.49496
1588509004180,68.262344,7.8111258,146.1527
1588509004384,96.529175,334.2927,141.13747
1588509004582,76.90335,355.0473,148.31534
1588509004778,55.715195,24.09675,143.93777
1588509004978,45.0927,34.742584,152.14482
1588509005180,49.886337,26.533815,151.59254
1588509005379,71.28752,3.683124,147.07135
1588509005579,94.40886,335.6848,140.67165
1588509005779,75.16481,356.65894,147.9168
1588509005982,54.7388,25.637236,145.52736
1588509006181,46.715233,35.071175,151.45184
1588509006391,51.647125,25.50168,151.44131
1588509006580,73.182,3.276385,142.24696
1588509006781,96.31,336.05862,145.67148
1588509006978,69.68797,0.74037087,151.20213
1588509007182,59.18094,27.801853,137.31944
1588509007381,44.181053,35.89584,154.26846
1588509007581,54.081352,23.075262,151.20805
1588509007779,78.75805,356.6934,142.24783
1588509007982,92.27001,338.37534,143.0531
1588509008181,65.412674,8.744987,144.72527
1588509008382,49.55147,30.691858,147.94466
1588509008580,44.757645,34.44085,152.21947
1588509008780,56.94331,18.654514,148.74428
1588509008979,81.993126,352.12088,142.66643
1588509009187,92.22065,340.39655,145.50996
1588509009381,59.73909,13.014142,147.7345
1588509009581,50.082386,32.58298,147.36926
1588509009781,47.166756,31.847721,151.547
1588509009978,58.904495,15.471518,150.61618
1588509010178,88.48056,342.64404,140.45135
1588509010379,82.42857,348.43167,143.37192
1588509010579,55.2252,20.502964,147.3125
1588509010782,48.60153,34.052597,148.37175
1588509010981,50.441177,25.859146,151.52147
1588509011181,66.871284,8.656178,147.18793
1588509011381,92.27082,336.97418,139.45341
1588509011582,74.6694,356.88028,144.93388
1588509011784,53.887653,26.572922,145.36581
1588509011985,46.499672,33.519997,151.70618
1588509012181,53.87401,23.278849,150.16899
1588509012384,76.70269,359.39835,141.80049
1588509012586,92.90312,338.1939,142.56888
1588509012780,63.43265,10.25411,145.60954
1588509012982,49.03649,30.799397,149.3472
1588509013185,46.458244,31.556824,152.94681
1588509013379,61.06784,15.53383,148.20946
1588509013581,89.531906,342.64658,140.84636
1588509013782,86.51965,345.4319,145.77353
1588509013981,56.146214,18.894623,147.10756
1588509014179,46.93057,32.865883,150.62614
1588509014382,49.11099,27.960579,152.17073
1588509014582,66.97514,9.221726,147.2008
1588509014782,92.47293,338.0105,140.51646
1588509014979,75.63759,355.41254,146.61356
1588509015181,53.100277,26.221186,146.63263
1588509015380,46.4769,32.06001,152.08472
1588509015585,54.2211,23.246908,149.69669
1588509015778,75.60439,0.57402813,144.80684
1588509015982,96.39912,333.68536,141.40755
1588509016178,67.21068,5.6157026,144.90747
1588509016382,47.154125,30.023647,151.74655
1588509016579,48.783096,32.174755,149.78554
1588509016781,54.94749,20.343992,151.96172
1588509016984,83.49309,350.16693,140.78156
1588509017184,90.32464,340.80365,145.31186
1588509017384,57.205093,17.281538,145.8336
1588509017582,48.495407,30.712858,148.71031
1588509017784,46.13281,32.264534,151.12323
1588509017978,60.846283,14.847682,148.39587
1588509018179,93.13979,338.46762,140.96153
1588509018382,81.62,349.54523,146.07246
1588509018581,55.182903,21.093067,146.79294
1588509018779,46.62468,34.216095,151.13187
1588509018982,48.5326,30.053263,151.70895
1588509019180,66.03526,11.117424,146.22768
1588509019382,96.097824,335.2502,141.20961
1588509019580,78.19811,352.8426,147.45241
1588509019781,53.05998,23.725689,147.98656
1588509019981,45.849583,32.74788,152.67361
1588509020180,51.216045,29.073328,150.24039
1588509020379,69.0899,9.00891,145.01965
1588509020579,92.04472,335.973,136.97964
1588509020779,75.303215,355.396,151.69415
1588509020981,57.018192,23.86678,143.82191
1588509021179,46.780155,35.10765,151.3715
1588509021381,50.031685,26.088528,152.89828
1588509021583,70.28774,6.0879893,146.38104
1588509021780,96.86725,334.34143,143.18156
1588509021982,77.767586,352.93857,147.14047
1588509022181,52.73639,25.212572,147.80376
1588509022380,44.794807,36.312977,152.80946
1588509022583,50.70525,28.04387,151.56229
1588509022779,72.31693,5.795871,143.43762
1588509022981,94.4441,335.23297,139.47066
1588509023181,71.4228,0.23080052,146.0331
1588509023382,52.97632,28.89374,146.08528
1588509023582,43.462776,36.529564,155.00923
1588509023782,54.801277,24.238115,150.41212
1588509023982,76.2113,1.6407527,142.39178
1588509024181,94.69047,336.72934,142.11307
1588509024380,66.763115,6.5604305,144.96587
1588509024579,50.225918,31.840826,147.62308
1588509024781,45.120914,34.649746,153.38887
1588509024980,56.390156,22.68149,150.00496
1588509025180,81.506355,353.9136,140.34204
1588509025382,95.76229,336.75494,146.12083
1588509025581,59.85949,14.914584,146.49403
1588509025782,49.310406,34.00458,148.21448
1588509025984,47.459503,35.944973,149.98653
1588509026180,59.84129,18.927843,148.33214
1588509026380,89.21523,343.48422,142.8519
1588509026584,82.280205,349.22305,144.79843
1588509026782,56.06401,21.259933,146.05849
1588509026982,45.660156,36.0861,151.7967
1588509027182,51.813454,28.075062,150.11629
1588509027382,68.53257,9.204382,148.20033
1588509027582,93.81734,338.6216,141.40817
1588509027780,80.66385,351.96143,145.99474
1588509027981,54.57173,22.587261,148.30763
1588509028182,51.619343,35.81182,145.77501
1588509028383,49.918083,30.124222,152.53842
1588509028582,67.70585,11.518723,146.47661
1588509028787,93.821686,336.9941,138.16852
1588509028980,79.06621,353.75467,143.92662
1588509029179,51.9591,26.045618,148.87466
1588509029381,45.30149,36.427635,152.60115
1588509029584,52.63647,27.114925,151.11958
1588509029780,72.17346,6.1027308,145.50197
1588509029984,98.39085,333.84253,143.75043
1588509030181,76.56221,355.2221,145.4965
1588509030382,54.125156,25.541235,146.70741
1588509030582,47.59311,36.294903,150.50833
1588509030784,54.61712,24.248804,150.61784
1588509030981,73.24686,5.2126865,143.94255
1588509031183,96.556694,335.00134,142.82927
1588509031382,76.08264,355.65662,145.91074
1588509031582,53.89622,25.641962,147.30966
1588509031785,47.15933,34.783592,151.38489
1588509031982,53.8752,24.065327,151.70868
1588509032182,72.03357,5.378593,146.35927
1588509032382,94.60316,334.69595,138.03036
1588509032581,77.319786,354.20624,148.00137
1588509032780,54.324875,25.255896,146.70084
1588509032980,48.613117,34.344948,150.54747
1588509033182,53.832428,28.56463,149.71173
1588509033382,73.98361,7.4278092,140.41637
1588509033582,100.42782,331.1546,140.72282
1588509033782,78.77991,354.15573,146.94156
1588509033980,53.277084,25.090122,149.12018
1588509034182,49.54548,32.73866,150.72282
1588509034382,52.368267,25.019167,153.86537
1588509034584,71.72756,7.9134655,144.23184
1588509034781,91.18912,338.83496,135.55487
1588509034981,77.18456,355.1841,146.57927
1588509035183,55.0703,24.665272,146.61316
1588509035383,47.09752,34.45778,152.29181
1588509035583,55.97564,25.194752,149.89871
1588509035782,73.009995,5.564204,146.25165
1588509035981,94.46308,338.11203,142.19823
1588509036184,70.60985,0.28198686,149.86664
1588509036383,51.31822,27.086475,149.89081
1588509036586,47.40468,38.042343,151.1073
1588509036781,52.71624,28.306494,151.71436
1588509036979,72.89838,5.5518575,145.1361
1588509037180,101.13414,330.78946,145.13292
1588509037380,74.09202,358.59222,144.69115
1588509037580,55.483982,26.095066,146.68178
1588509037780,48.481956,35.066505,151.96104
1588509037982,54.971855,29.747765,148.88638
1588509038180,70.339386,10.435872,145.12091
1588509038381,93.827705,336.45255,140.39949
1588509038581,83.19737,349.36133,148.70404
1588509038783,59.548363,18.626335,145.94875
1588509038981,47.418636,33.62746,152.617
1588509039183,52.51182,27.659613,150.53185
1588509039382,63.097473,13.67601,150.76602
1588509039582,89.65164,344.04068,145.53531
1588509039783,89.32188,343.7212,152.54482
1588509039983,63.654022,11.61383,140.53342
1588509040182,43.355385,37.795918,153.67902
1588509040383,45.69516,31.374174,154.17592
1588509040583,61.984116,14.648541,147.61961
1588509040784,85.04824,343.36563,136.18924
1588509040983,82.15514,346.22015,145.556
1588509041183,56.548386,15.910274,147.26105
1588509041381,48.155674,31.8769,149.37239
1588509041582,47.918232,30.799833,151.96553
1588509041781,61.640892,15.355397,147.45804
1588509041984,87.75089,341.38754,140.63283
1588509042182,78.491165,349.69724,150.46596
1588509042382,54.820545,18.094273,148.03027
1588509042584,45.307217,32.87781,151.96953
1588509042782,47.030727,37.18376,148.78157
1588509042986,47.94972,27.8227,152.67953
1588509043185,72.34712,2.5594006,143.2534
1588509043387,94.439926,336.83087,142.81512
1588509043583,78.63656,353.16226,146.40253
1588509043780,55.924282,21.33045,145.9241
1588509043980,46.51447,35.40735,150.9456
1588509044181,49.793053,30.412254,149.75069
1588509044381,64.50399,11.4174595,146.90683
1588509044580,91.668526,340.33118,141.54362
1588509044781,90.78608,343.16092,148.73915
1588509044980,64.36344,14.141201,140.49327
1588509045181,52.608086,32.808002,144.62532
1588509045382,47.12284,30.565042,152.41528
1588509045584,58.994003,15.003758,149.4017
1588509045785,86.83869,343.04587,135.41736
1588509045987,90.24649,339.45078,142.73346
1588509046188,64.187004,7.5530477,143.90875
1588509046387,52.44533,31.001194,142.73705
1588509046587,49.453026,31.254358,147.51193
1588509046788,55.81625,18.903582,149.22452
1588509046986,82.57401,348.26782,139.35968
1588509047188,92.2621,336.2859,143.4352
1588509047392,65.98483,5.7332673,144.28969
1588509047587,54.994534,28.087675,141.98381
1588509047787,49.485226,32.963013,147.74928
1588509047989,55.95391,21.51073,147.24524
1588509048186,77.47902,355.06265,140.7717
1588509048391,87.01412,340.2297,136.13994
1588509048589,68.385605,0.30117926,148.31012
1588509048791,52.278996,30.009714,143.75505
1588509048991,46.451492,32.589775,150.20386
1588509049191,46.334347,27.640997,153.61957
1588509049392,67.867,4.8308873,143.03772
1588509049592,86.003555,338.1843,134.96877
1588509049794,83.66728,342.6127,142.05182
1588509049993,75.80211,351.25073,145.09303
1588509050191,82.28432,343.76688,139.00925
1588509050396,84.24368,339.95697,141.07765
1588509050594,56.772064,9.006127,149.03174
1588509050795,51.281174,30.607836,141.66795
1588509050996,42.492813,34.337727,152.9357
1588509051194,52.58421,19.66676,149.11925
1588509051395,68.54275,0.54617596,143.48123
1588509051595,86.768654,332.98505,137.95218
1588509051795,67.46934,356.02856,145.2906
1588509051995,46.744987,23.872587,149.589
1588509052280,44.74233,36.16084,147.10516
1588509052480,44.37316,29.906025,151.53053
1588509052680,56.563053,12.065384,149.70555
1588509052881,85.14619,338.1814,137.99687
1588509053083,77.40075,346.2062,140.04846
1588509053284,51.422997,13.633863,150.43651
1588509053483,44.471783,35.098045,147.40155
1588509053706,41.593052,35.103714,152.4191
1588509053884,52.334984,17.963247,150.64214
1588509054084,77.73276,349.63046,141.14105
1588509054284,86.290375,337.2424,141.6981
1588509054484,53.71154,10.461662,151.86061
1588509054683,50.169315,30.89417,142.30998
1588509054885,40.95276,35.534386,153.48482
1588509055086,50.333572,20.58094,150.36787
1588509055286,72.77142,355.99765,141.36905
1588509055488,89.469795,332.7521,139.79234
1588509055686,61.60918,3.787693,147.31046
1588509055886,48.821106,28.986353,145.35332
1588509056086,44.89398,35.25038,148.12161
1588509056286,49.253925,24.247484,148.73819
1588509056485,64.64325,4.450248,145.84048
1588509056684,89.69473,332.7189,139.21704
1588509056884,74.40141,349.53665,141.81697
1588509057084,53.32062,20.61699,143.60016
1588509057284,46.13466,33.308414,147.93369
1588509057484,46.807808,30.915619,148.7732
1588509057683,56.525517,16.611639,145.91205
1588509057881,79.63999,346.58267,138.69563
1588509058084,86.45107,336.6568,141.52599
1588509058284,60.812187,6.131313,145.1332
1588509058483,48.77172,28.211788,145.65538
1588509058684,47.49004,36.276447,145.28053
1588509058881,49.434002,25.015793,149.11435
1588509059084,66.284454,3.1784453,143.38995
1588509059285,81.52296,341.53506,137.87747
1588509059488,74.70815,348.99716,143.16037
1588509059686,52.132305,17.853226,147.37589
1588509059883,49.20847,34.57907,143.38911
1588509060087,43.186966,32.084473,152.37228
1588509060282,56.69643,15.758613,146.2209
1588509060482,75.52658,352.5137,140.59744
1588509060681,88.15611,333.92538,139.24237
1588509060881,66.04596,359.5976,142.05354
1588509061082,48.70583,26.755966,146.27931
1588509061283,43.924515,35.741787,149.36157
1588509061485,47.61939,28.186226,148.6584
1588509061685,60.715824,10.135145,146.95522
1588509061883,88.05708,336.6061,141.04262
1588509062082,80.822334,343.08572,143.28522
1588509062282,59.2103,7.8604736,145.27832
1588509062483,50.178696,29.444088,143.50067
1588509062682,44.640373,31.874023,150.86893
1588509062885,49.92728,24.903936,148.57036
1588509063082,64.648926,6.9866652,142.40915
1588509063282,86.78862,334.584,135.18683
1588509063484,75.118095,347.95712,140.69026
1588509063685,50.40259,18.847582,148.09496
1588509063887,49.89224,35.058872,142.31813
1588509064087,42.59063,34.900906,152.75348
1588509064288,54.498318,22.76127,145.67426
1588509064486,75.71353,353.66803,139.51103
1588509064687,86.05751,338.34363,141.06297
1588509064886,60.15505,7.40058,146.11957
1588509065083,52.910175,30.31849,141.17499
1588509065288,44.674683,37.046894,150.6633
1588509065486,52.287,26.91775,147.763
1588509065683,68.8435,6.5306053,142.18369
1588509065885,88.26593,338.0408,138.61848
1588509066083,70.19964,358.54095,143.88037
1588509066285,50.088093,27.046793,148.73868
1588509066482,46.091553,36.020977,150.74904
1588509066682,51.134052,29.280949,149.06085
1588509066882,69.10988,9.526293,143.4726
1588509067082,95.25503,335.33167,141.73183
1588509067284,78.59406,353.04117,143.76447
1588509067485,56.928944,24.544907,142.93602
1588509067682,45.05517,37.223907,152.12721
1588509067883,49.516697,30.199173,150.43614
1588509068085,69.27161,8.500315,140.47433
1588509068285,92.32928,335.00027,138.03165
1588509068486,74.23386,353.63373,148.34872
1588509068686,50.909325,24.693672,147.43025
1588509068888,45.427822,35.41415,150.84663
1588509069086,48.310234,30.216623,152.55716
1588509069286,67.95343,8.08811,145.5297
1588509069485,91.0931,336.69818,138.07515
1588509069684,73.212036,358.0499,141.12196
1588509069885,51.215195,26.50655,148.23701
1588509070087,45.06158,36.01447,151.81372
1588509070285,50.767967,27.826283,150.48013
1588509070486,70.09632,4.252167,147.42616
1588509070683,90.043015,339.61325,142.27621
1588509070885,71.77719,357.85425,146.83865
1588509071087,53.449635,26.716135,146.30138
1588509071284,46.02954,35.57412,151.63068
1588509071485,48.620396,26.696558,153.93372
1588509071686,65.88113,6.565841,149.73193
1588509071885,89.14864,338.82147,142.9826
1588509072082,67.8161,359.28476,150.33469
1588509072286,48.1609,28.942688,150.20209
1588509072484,41.665962,38.075035,154.53566
1588509072685,49.177288,27.792618,152.1419
1588509072888,73.96745,358.97833,142.12503
1588509073087,91.478714,339.47708,151.18068
1588509073286,63.522793,6.6283526,145.18184
1588509073486,49.804356,33.08945,145.9849
1588509073686,41.061928,37.086723,155.96082
1588509073885,55.65837,22.350447,148.15918
1588509074086,79.71881,351.76785,142.04227
1588509074284,90.52422,337.1771,143.38466
1588509074486,60.867832,10.373693,146.91402
1588509074686,48.81009,32.146362,149.35794
1588509074886,48.0354,33.031387,151.13882
1588509075086,57.760384,20.567081,149.86938
1588509075284,86.11534,344.45505,140.14142
1588509075484,86.969604,341.70914,140.90242
1588509075686,57.590496,15.458048,147.94176
1588509075886,47.46915,33.444485,150.36008
1588509076085,49.75377,31.289038,149.97473
1588509076286,58.93484,17.202976,152.10352
1588509076484,93.34455,338.53085,144.43047
1588509076688,83.444595,346.91864,141.9231
1588509076886,56.3945,19.047474,147.02963
1588509077088,48.65326,33.649544,149.49976
1588509077286,50.109386,30.816885,150.46631
1588509077489,62.18851,16.51266,147.21182
1588509077686,89.88416,339.3931,138.33661
1588509077885,83.75485,345.9676,142.302
1588509078088,58.195976,17.048727,145.2832
1588509078287,47.230415,32.671272,150.69994
1588509078487,47.597942,33.632256,151.06032
1588509078688,58.325893,18.582533,150.31247
1588509078886,84.56111,346.28925,139.38637
1588509079086,86.65355,343.04294,145.20764
1588509079287,58.478153,12.747436,148.88716
1588509079486,48.874615,31.795023,149.0027
1588509079685,45.4257,34.08483,153.44026
1588509079886,59.524532,19.912779,147.86002
1588509080085,81.28333,352.86548,140.84029
1588509080284,95.289406,335.76532,145.5291
1588509080484,67.38458,3.712291,145.5574
1588509080686,53.580593,28.160027,144.95276
1588509080885,44.308483,35.794643,153.68764
1588509081086,50.67488,26.87562,153.11874
1588509081286,73.40906,4.6202564,141.81201
1588509081486,95.33942,336.0832,143.4007
1588509081686,88.17058,343.64462,149.56378
1588509081887,58.15092,19.140366,144.80936
1588509082086,50.273457,35.137398,146.51274
1588509082287,48.742626,32.85679,150.44727
1588509082484,57.230106,19.106506,150.97214
1588509082684,82.35126,350.226,143.38951
1588509082884,95.49155,330.96844,141.27377
1588509083083,70.206276,358.91992,145.92741
1588509083285,53.531563,26.93364,145.0642
1588509083485,45.014156,35.32857,151.80963
1588509083684,50.333904,24.977493,151.92287
1588509083885,61.27278,11.543916,149.78317
1588509084082,83.03554,342.5532,137.25444
1588509084301,77.6521,347.80377,146.68964
1588509084485,54.62343,15.89989,147.59314
1588509084683,44.816456,34.049213,150.85107
1588509084884,45.48781,32.310055,151.98546
1588509085091,76.2583,353.918,139.92139
1588509085283,76.169876,353.918,139.92139
1588509085484,92.109116,335.26193,147.51643
1588509085704,50.511124,30.268599,145.53493
1588509085884,50.762505,30.268599,145.53493
1588509086085,44.610775,34.126694,152.91064
1588509086286,71.2204,0.68050915,142.736
1588509086487,90.90327,335.2729,140.607
1588509086689,71.49548,357.8208,145.55756
1588509086885,52.35708,25.902529,145.26855
1588509087088,46.075848,35.626884,149.43797
1588509087284,48.383713,29.271769,149.97787
1588509087485,62.60156,10.153585,146.98515
1588509087682,89.75868,338.5253,142.25293
1588509087884,77.28136,352.31625,145.14949
1588509088082,54.1802,18.041517,149.60165
1588509088282,48.481136,32.301846,147.14091
1588509088484,47.039288,35.47454,148.21767
1588509088686,52.83609,23.804953,148.6566
1588509088886,81.06505,349.59988,137.62378
1588509089085,91.57851,332.67615,136.18477
1588509089288,67.04236,4.84966,145.71149
1588509089487,53.675995,27.076485,144.95158
1588509089689,48.332092,36.86879,147.9579
1588509089889,50.04892,30.486628,148.97368
1588509090089,63.81204,14.129153,142.71234
1588509090288,85.423386,344.01456,136.05614
1588509090490,82.83972,347.96024,144.58887
1588509090696,62.735962,11.633398,143.42816
1588509090891,49.189987,33.319366,147.42583
1588509091092,44.41665,35.964977,153.647
1588509091291,55.279953,24.00973,147.20804
1588509091492,72.653694,3.6751332,146.1239
1588509091691,95.34324,334.9393,136.92772
1588509091895,84.4847,346.7521,138.43533
1588509092094,55.795357,18.381578,147.58379
1588509092296,47.411804,34.742584,149.5281
1588509092497,45.710026,33.865772,152.90166
1588509092694,55.677006,19.473751,150.20607
1588509092897,80.040596,353.6446,142.058
1588509093097,91.467804,339.5851,143.40804
1588509093297,73.52545,357.92102,145.00479
1588509093498,55.13901,26.687727,143.76363
1588509093698,40.383648,36.842056,158.19365
1588509093899,48.023846,30.101166,153.31732
1588509094100,68.0889,10.983417,143.6578
1588509094300,89.81976,344.9938,141.70772
1588509094500,87.25627,346.06888,140.19739
1588509094699,59.115273,15.257454,149.21378
1588509094986,49.54303,32.596825,148.46509
1588509095185,44.047108,34.378784,155.19174
1588509095386,55.997334,22.925045,149.19087
1588509095589,80.49914,355.97226,143.72803
1588509095786,95.94711,337.66415,143.54733
1588509095995,77.537895,356.9753,142.28955
1588509096188,59.464706,21.40597,143.03589
1588509096387,46.789852,36.868214,151.60898
1588509096585,53.2068,29.208942,147.74728
1588509096787,69.01648,9.335156,143.60417
1588509096988,92.85721,334.88815,133.6731
1588509097187,87.11648,344.94147,142.05904
1588509097386,60.203167,13.597102,145.91875
1588509097587,45.07,34.637424,151.72359
1588509097784,45.219494,35.25704,151.33203
1588509097986,55.92592,22.404594,146.47618
1588509098183,77.323906,355.76318,144.02779
1588509098389,96.54075,334.25876,145.19011
1588509098587,68.13546,1.9675088,147.1476
1588509098788,54.27408,21.66025,146.08034
1588509098990,50.128635,25.915844,149.51315
1588509099186,59.968082,16.662981,144.80807
1588509099392,69.78126,4.837714,141.89156
1588509099593,69.73418,3.3445885,143.19228
1588509099787,54.976364,20.211597,146.26222
1588509099990,48.41822,34.51545,147.16438
1588509100192,43.351444,33.741478,153.98743
1588509100390,53.355404,20.84779,150.52199
1588509100595,76.69718,357.45343,139.1416
1588509100785,93.10269,337.68085,144.42029
1588509100986,80.05679,349.974,145.59721
1588509101188,57.1011,18.345928,144.39514
1588509101387,46.811916,34.723698,149.33159
1588509101585,43.59784,35.548317,153.25327
1588509101788,56.212715,20.269753,147.33688
1588509101988,71.82282,1.1213543,148.56528
1588509102187,95.57068,335.1031,144.09647
1588509102387,78.667465,350.7952,147.14122
1588509102587,53.457676,21.010027,147.80621
1588509102786,44.307667,33.340668,151.67422
1588509103000,45.574417,31.747986,151.3582
1588509103186,56.224815,15.910347,151.143
1588509103388,78.99,353.40924,146.41167
1588509103587,95.75658,334.36813,144.6152
1588509103787,74.184685,354.59912,148.15071
1588509103988,51.341267,22.507608,148.96779
1588509104188,47.390263,35.0385,147.51364
1588509104387,43.607502,30.062187,154.29071
1588509104587,56.728756,16.697224,148.71365
1588509104787,77.13001,353.97528,141.06242
1588509104987,91.8406,333.29358,140.95802
1588509105186,67.01732,359.5227,146.14607
1588509105387,44.218906,29.11227,152.09883
1588509105586,40.66804,36.844467,152.90025
1588509105787,44.13769,33.72114,150.76454
1588509105986,54.817265,16.32807,149.60574
1588509106185,79.30334,349.69846,141.4319
1588509106386,91.60174,336.10092,148.47615
1588509106586,62.917435,5.991515,143.29166
1588509106788,48.502956,30.883991,147.71857
1588509106987,42.32772,37.828987,153.3297
1588509107187,48.363358,28.925701,150.25113
1588509107387,63.23281,12.316802,144.18454
1588509107585,84.90274,342.9189,139.76378
1588509107786,82.06366,345.88034,149.00247
1588509107985,53.79177,16.089615,149.8517
1588509108189,44.24963,33.0128,152.33347
1588509108388,41.533306,38.884914,153.881
1588509108589,47.67646,27.639416,153.17836
1588509108786,69.01141,5.2280507,146.34564
1588509108987,94.191795,337.12036,146.22214
1588509109189,81.13276,349.46677,149.65253
1588509109386,59.482143,14.117328,145.18668
1588509109587,45.280926,34.30887,152.0315
1588509109787,43.079014,37.377487,153.82826
1588509109987,50.474327,25.27559,152.28203
1588509110185,73.94577,1.0568957,144.41864
1588509110387,92.856964,339.39307,145.65396
1588509110587,80.54949,349.96225,147.15816
1588509110786,55.903194,18.985342,147.27934
1588509110986,44.67656,36.09237,152.70201
1588509111187,45.310436,37.022793,151.90938
1588509111387,52.871864,23.417093,151.63245
1588509111587,71.50664,6.583279,143.89198
1588509111786,90.030594,341.7956,138.92784
1588509111986,80.19079,352.6833,150.94247
1588509112188,61.999115,19.191702,139.68799
1588509112386,47.11904,37.892895,149.38127
1588509112586,46.5718,32.636276,152.65388
1588509112787,58.654865,18.260464,149.20425
1588509112988,94.97913,342.58563,157.89671
1588509113186,102.504425,334.22745,155.34857
1588509113386,69.54338,358.63824,154.7535
1588509113588,48.937153,25.045065,153.50659
1588509113786,46.58458,34.26701,152.68779
1588509113988,50.041565,27.271797,153.46019
1588509114186,65.55467,12.317198,148.77988
1588509114388,93.12078,339.17197,140.56317
1588509114588,90.11988,344.0768,148.89032
1588509114786,62.37174,12.301571,146.42754
1588509114988,49.415733,32.017128,150.55562
1588509115188,48.336483,31.349844,153.20084
1588509115387,57.905216,20.697428,151.69907
1588509115587,82.30742,354.08923,141.59775
1588509115786,97.56425,334.976,144.26962
1588509115984,74.13043,358.53107,148.69873
1588509116188,54.97057,24.552706,147.92834
1588509116387,47.91241,32.674618,152.43066
1588509116586,48.862186,28.388617,154.85985
1588509116788,65.02831,14.470258,146.80603
1588509116986,90.89485,344.26953,142.80582
1588509117185,94.753654,340.0134,145.76437
1588509117388,82.80008,352.15866,150.25363
1588509117585,90.98174,345.03192,149.95946
1588509117785,98.16904,333.5846,144.96379
1588509117986,67.89272,359.976,151.58078
1588509118187,49.031425,25.805742,151.03928
1588509118386,46.806187,34.309193,149.40808
1588509118588,44.90119,30.588045,153.73454
1588509118788,54.386692,19.972307,150.23839
1588509118986,74.75427,355.5637,144.54451
1588509119187,89.46501,335.25787,139.42216
1588509119386,75.056175,349.5478,148.66176
1588509119588,52.400875,13.367545,151.42737
1588509119789,45.9525,31.013208,149.44969
1588509119987,41.415863,34.983086,154.34389
1588509120186,46.286633,26.51962,153.4732
1588509120385,63.924034,8.884174,145.30048
1588509120584,84.87706,341.94998,140.24817
1588509120785,82.20017,344.454,146.5971
1588509120988,61.240078,5.235106,148.08797
1588509121186,49.331856,25.007214,149.0893
1588509121389,43.795956,36.38925,151.5373
1588509121588,44.164555,32.786423,153.0865
1588509121788,55.40185,18.73387,149.60245
1588509121988,78.018555,351.99872,143.1058
1588509122184,89.70496,336.18826,142.19334
1588509122388,74.38066,351.8087,149.25317
1588509122591,55.285152,15.955657,147.41948
1588509122786,45.664803,33.726658,149.98018
1588509122986,44.16036,34.986256,152.8719
1588509123186,50.48532,26.905989,152.03566
1588509123387,71.90369,3.801555,143.28325
1588509123588,90.218124,337.9928,137.64662
1588509123787,83.051994,347.822,149.72441
1588509123987,62.452667,10.169814,144.26366
1588509124186,50.567696,29.63377,147.03986
1588509124387,45.799953,35.637794,150.10477
1588509124587,51.678005,24.730408,149.49683
1588509124788,64.403885,9.771201,147.15833
1588509124987,85.66327,343.62717,140.65695
1588509125190,84.848946,342.57156,141.89189
1588509125386,64.65686,3.3782263,146.3222
1588509125587,50.637646,26.778114,147.14426
1588509125788,46.015297,36.068863,149.86115
1588509125991,47.2955,32.8012,150.48907
1588509126190,55.02182,22.131916,149.32576
1588509126386,74.150246,0.1577448,138.9218
1588509126588,88.96105,339.12146,141.8414
1588509126788,79.08268,349.61188,145.00206
1588509126985,59.091137,11.678844,146.53923
1588509127188,52.402508,31.113497,142.93501
1588509127388,41.94972,35.643673,153.5847
1588509127588,53.273964,23.476294,147.2839
1588509127791,64.04117,5.5373416,155.10927
1588509127989,87.868095,342.1504,146.69804
1588509128187,88.45734,341.95062,148.08669
1588509128390,63.778908,5.423866,148.7361
1588509128587,51.68739,28.279541,146.40009
1588509128789,48.822975,35.302082,147.12013
1588509128990,50.976204,28.29127,150.01517
1588509129187,62.77232,14.197572,149.06609
1588509129389,88.17585,344.81024,143.07788
1588509129590,71.37577,0.9252346,146.4658
1588509129789,52.951206,26.114727,146.68915
1588509129989,44.674774,35.064953,152.52826
1588509130185,47.56914,30.881983,150.84439
1588509130387,58.462593,16.960716,146.04167
1588509130589,83.68729,348.0868,141.6278
1588509130790,93.1051,339.99942,146.7181
1588509130990,71.73541,359.99524,146.8918
1588509131187,52.154408,21.863552,149.05919
1588509131386,48.90698,32.648083,146.81467
1588509131586,46.151028,31.195086,151.89041
1588509131788,53.057446,20.259186,151.65381
1588509131990,77.97343,355.8997,142.07611
1588509132190,92.9536,337.11334,140.66115
1588509132391,77.969925,352.9396,149.1776
1588509132592,54.441532,18.922417,148.27324
1588509132791,46.020996,33.31782,150.29971
1588509132990,43.211395,33.68393,153.90059
1588509133193,50.267685,23.68723,151.77968
1588509133394,74.028625,358.6812,145.66684
1588509133595,91.06868,337.4983,137.95178
1588509133795,82.02001,348.19696,144.82501
1588509133995,59.153408,14.064433,145.76164
1588509134193,48.424335,32.87347,148.4525
1588509134396,44.28449,34.373337,153.249
1588509134597,52.741074,22.89986,149.21088
1588509134797,71.59121,1.7458004,142.74847
1588509134997,92.1221,336.12805,141.13899
1588509135197,79.86047,348.70074,146.54887
1588509135395,52.421307,15.695247,151.47763
1588509135599,43.29124,33.23383,152.51501
1588509135799,42.1093,34.97739,153.8628
1588509135999,49.604374,20.886362,152.79231
1588509136200,70.94598,359.70627,143.596
1588509136401,90.338554,336.37637,142.76735
1588509136601,76.19195,350.4883,147.21814
1588509136800,53.428463,16.266632,149.07043
1588509137001,46.88358,32.500183,148.55595
1588509137202,43.667027,35.77147,151.55838
1588509137414,51.665012,22.612318,148.89392
1588509137602,66.174965,6.04395,145.19109
1588509137890,90.0946,338.07782,143.20189
1588509138089,82.71475,345.96472,147.82501
1588509138289,62.64134,8.248714,144.59253
1588509138488,49.351013,30.546122,147.25789
1588509138689,44.181126,34.021156,152.53523
1588509138891,49.39122,23.301525,152.07101
1588509139090,62.457973,11.178081,146.97945
1588509139290,86.290306,343.30228,141.24213
1588509139488,83.142075,345.78928,145.76166
1588509139689,60.14237,9.071865,149.04184
1588509139889,47.897285,28.151308,150.11748
1588509140088,42.867485,34.11367,154.28813
1588509140289,47.947685,25.34616,153.40549
1588509140489,65.46735,8.118858,146.78929
1588509140689,86.23452,345.20178,143.0162
1588509140889,83.14217,347.18317,145.41058
1588509141088,59.19853,9.658711,149.36522
1588509141289,47.55283,29.933086,149.45284
1588509141487,41.6592,33.765213,155.22784
1588509141687,50.262558,26.323282,148.51816
1588509141889,66.34571,6.219773,143.0266
1588509142086,88.85236,340.00482,143.39565
1588509142288,80.57219,347.71448,144.27292
1588509142487,55.024765,11.028435,153.0522
1588509142687,49.98749,28.606377,147.5788
1588509142888,43.1577,33.908413,154.14609
1588509143089,49.961205,25.090462,150.87624
1588509143287,66.26849,7.184412,146.01971
1588509143489,89.2882,340.44284,143.16577
1588509143689,81.31012,347.34604,143.79723
1588509143889,57.43076,12.428726,149.27803
1588509144090,48.95603,30.07184,148.40158
1588509144286,43.064705,35.48346,153.10347
1588509144488,52.238487,25.38488,147.65346
1588509144689,67.39179,5.7188277,145.82681
1588509144888,92.85291,336.86063,144.38307
1588509145087,81.74466,346.4826,144.19025
1588509145289,58.664326,11.710979,147.10493
1588509145489,47.23364,29.18701,150.84918
1588509145689,44.989204,33.663067,152.33679
1588509145889,50.875572,28.236647,148.48772
1588509146089,66.94864,6.9124446,144.55583
1588509146286,86.84668,341.61624,141.81355
1588509146488,83.051445,345.26035,145.31673
1588509146689,61.06101,7.267901,148.41092
1588509146889,49.854755,25.996252,147.66406
1588509147089,45.60877,34.54363,148.56241
1588509147289,42.082195,33.379864,153.03938
1588509147489,54.20982,18.487976,149.28203
1588509147687,79.373116,352.328,142.53304
1588509147889,90.00697,339.8315,144.20084
1588509148088,70.65969,357.6538,148.4882
1588509148290,53.617584,22.419714,145.94235
1588509148489,45.249023,33.75193,151.72559
1588509148688,45.118202,32.851913,153.68034
1588509148887,57.31649,20.342169,147.48096
1588509149087,77.32927,357.33655,142.86295
1588509149288,94.93465,336.17453,144.03438
1588509149489,79.27695,351.52087,146.43312
1588509149688,57.280937,16.501596,146.53691
1588509149887,49.866432,32.209587,146.44327
1588509150087,41.737392,34.666836,154.71588
1588509150289,51.462326,22.49903,150.07611
1588509150487,66.137184,6.473631,146.94247
1588509150687,90.36447,341.38907,145.20546
1588509150888,86.838554,342.5337,143.21498
1588509151088,63.588413,6.276138,147.65732
1588509151287,49.755997,28.241434,148.31172
1588509151489,43.198517,33.87055,153.01892
1588509151689,47.09566,26.403828,152.08882
1588509151889,58.37034,14.666146,149.30365
1588509152089,77.73929,353.67197,144.33252
1588509152289,87.53642,341.98895,147.52216
1588509152505,69.57289,358.14053,150.0509
1588509152688,55.27907,21.737453,145.06317
1588509152889,45.100048,34.906387,152.09604
1588509153089,47.80051,32.32288,149.90053
1588509153288,53.9324,19.211296,152.32542
1588509153490,76.68709,356.2821,143.63066
1588509153689,94.16839,335.2946,144.89618
1588509153890,75.0915,354.1715,147.44748
1588509154090,52.589657,20.27009,149.93784
1588509154290,46.54769,32.289787,151.246
1588509154489,46.292377,32.285347,152.84453
1588509154688,57.95128,19.50725,147.87013
1588509154889,74.09129,359.61276,145.98497
1588509155087,93.241844,336.101,144.59872
1588509155289,76.33665,352.7365,148.5166
1588509155490,54.65872,21.078266,146.81363
1588509155690,45.119022,33.291687,152.77234
1588509155889,44.791996,34.312836,152.65303
1588509156087,53.17144,24.197298,149.60332
1588509156289,73.51849,359.32843,144.73381
1588509156490,93.746216,335.7085,144.85155
1588509156688,76.62146,351.12158,149.482
1588509156890,56.495354,16.239992,146.69781
1588509157088,45.70372,32.584534,151.31412
1588509157288,45.428375,35.136875,150.59879
1588509157490,51.789425,22.869257,150.73465
1588509157689,68.06156,5.7725472,144.26822
1588509157888,86.87647,341.0666,141.51799
1588509158088,81.81622,345.88745,145.68712
1588509158287,59.79033,8.671272,148.7052
1588509158490,50.402588,27.885015,147.00787
1588509158689,44.38603,34.37035,152.42216
1588509158890,48.903023,29.979183,149.42934
1588509159088,61.36981,13.888569,146.74864
1588509159289,82.64926,347.4155,141.87871
1588509159490,88.93222,339.3573,144.9357
1588509159688,68.74856,358.63226,152.24048
1588509159890,55.657127,20.846924,145.78516
1588509160091,51.21105,32.792706,146.46478
1588509160288,48.327843,34.6645,150.53674
1588509160490,62.652527,20.077435,141.10718
1588509160688,78.325714,357.66818,142.56528
1588509160889,95.61119,337.05017,146.54826
1588509161090,82.77925,349.62515,148.12975
1588509161290,63.780647,11.135298,144.97968
1588509161490,53.844715,29.20609,146.28606
1588509161689,52.734913,34.3235,146.32361
1588509161890,51.839565,31.023792,150.55933
1588509162090,63.783867,16.025606,147.4766
1588509162294,82.9704,351.50772,139.563
1588509162488,89.00762,343.01227,143.21954
1588509162691,72.53258,0.4524067,146.65858
1588509162889,57.05575,22.643345,147.6912
1588509163094,52.04598,26.109426,152.66702
1588509163294,58.764782,20.139772,149.11165
1588509163494,65.298256,12.293679,146.60205
1588509163694,66.022415,11.245164,146.23996
1588509163894,58.281067,16.468199,152.24434
1588509164090,59.421165,18.017855,149.54109
1588509164294,58.173527,18.03568,151.86783
1588509164490,61.88792,16.965347,147.13562
1588509164694,62.500164,12.752876,150.85548
1588509164894,60.5696,14.963674,150.9404
1588509165089,60.064125,15.689891,149.75696
1588509165293,59.794098,16.296091,149.5058
1588509165493,58.659836,16.57185,151.12248
1588509165690,58.251595,15.988001,152.44913
1588509165894,59.897823,15.158078,150.63486
1588509166091,61.02025,15.01507,149.39372
1588509166294,59.924473,15.837127,150.67578
1588509166494,60.41906,15.693965,150.12431
1588509166694,60.77875,14.704584,151.15
1588509166894,61.88902,13.749472,150.56912
1588509167098,61.8022,14.892915,148.49638
1588509167290,60.800014,16.037973,148.80722
1588509167495,58.671326,15.550513,152.4988
1588509167688,60.955868,14.905301,149.9543
1588509167891,62.35152,13.528978,149.4576
1588509168098,61.189507,14.236198,150.44629
1588509168296,63.04443,13.810449,148.1402
1588509168495,61.909824,13.822687,149.83746
1588509168698,62.051804,14.120785,149.27252
1588509168892,61.660927,13.487396,150.09262
1588509169096,62.578342,13.376921,149.13335
1588509169291,62.153084,12.967249,150.8921
1588509169494,64.25088,12.010778,148.94034
1588509169694,65.456276,11.830807,147.5063
1588509169891,60.58089,18.114199,147.81702
1588509170097,64.50665,14.113417,145.59552
1588509170288,61.147728,16.05874,149.96815
1588509170490,65.68368,12.594782,149.07993
1588509170691,77.02236,1.6480606,148.88644
1588509170889,89.51004,349.00906,144.55984
1588509171096,92.39925,345.63565,141.92822
1588509171291,85.39403,355.08954,137.85733
1588509171492,84.09473,356.3595,136.13913
1588509171696,79.70171,4.4180207,133.39226
1588509171895,76.96987,6.953282,138.15663
1588509172091,75.734406,7.194795,141.92165
1588509172292,75.96103,6.2406225,143.23744
1588509172489,76.80639,5.454046,141.50201
1588509172690,74.6392,7.2695265,143.85754
1588509172894,77.3537,5.568713,140.15303
1588509173093,75.50511,6.624511,141.86792
1588509173293,75.68364,5.9974647,141.58101
1588509173494,76.26482,4.350251,142.31119
1588509173690,76.722046,3.2185707,143.43854
1588509173892,78.12815,2.1400843,141.5713
1588509174094,80.07299,359.0527,140.03862
1588509174291,78.283424,359.4413,140.8425
1588509174495,76.412674,0.65799487,138.9666
1588509174695,74.56674,1.9773308,138.41309
1588509174894,74.07956,1.7035427,138.43501
1588509175096,73.422874,2.0482035,136.7542
1588509175296,72.85698,1.4846152,138.4123
1588509175497,74.290405,359.50885,138.59787
1588509175698,74.271576,359.37857,138.76375
1588509175897,73.57976,0.51468945,138.36392
1588509176097,73.72241,0.27845472,137.67148
1588509176298,71.59364,2.9750009,139.32742
1588509176500,71.580536,4.2590666,137.16115
1588509176700,71.53389,4.2590666,137.16115
1588509176900,71.02588,4.296707,138.27454
1588509177103,71.491425,3.948824,137.54834
1588509177302,71.96864,3.5169947,137.28214
1588509177502,72.66295,2.8838573,135.792
1588509177703,73.32681,2.0646052,136.37376
1588509177902,73.21017,1.599391,136.843
1588509178103,73.075325,1.599391,136.843
1588509178304,71.89093,3.29529,136.20763
1588509178504,72.01365,3.6376193,134.75943
1588509178707,71.44645,4.5020733,135.36136
1588509178992,71.374435,4.5020733,135.36136
1588509179195,71.11822,5.158448,134.92598
1588509179394,71.30302,5.3494086,134.22115
1588509179593,71.76846,5.084483,133.51904
1588509179792,72.13163,4.043838,133.86707
1588509179992,72.28561,3.5680597,135.06602
1588509180192,72.334335,3.2406948,133.97885
1588509180391,72.3942,3.3299284,134.37282
1588509180589,72.18021,3.9224188,134.0408
1588509180789,72.200615,3.3483877,135.84225
1588509180993,72.03262,3.326971,136.51181
1588509181188,71.83827,3.326971,136.51181
1588509181389,71.8836,3.514574,136.9348
1588509181593,71.53317,3.7167563,136.55519
1588509181791,71.25707,3.3153844,137.8472
1588509181991,71.4762,3.436876,138.06459
1588509182191,71.87244,3.4047136,136.76791
1588509182390,71.09613,3.6413724,138.28888
1588509182589,70.775986,3.6413724,138.28888
1588509182789,71.32499,3.8391376,136.1939
1588509182988,71.13173,3.4832866,137.39857
1588509183189,70.35986,3.4832866,137.39857
1588509183389,73.853584,356.04196,138.22
1588509183589,75.15143,353.57666,138.95097
1588509183790,78.00109,349.03732,137.08014
1588509183989,74.27917,354.52353,130.3433
1588509184189,70.91319,5.4186115,127.35403
1588509184390,64.22726,28.515469,130.4699
1588509184588,64.734924,44.319855,126.53942
1588509184789,63.361732,36.92989,130.00293
1588509184991,59.13511,40.306896,135.88934
1588509185190,63.589382,37.840767,130.91917
1588509185389,64.680374,33.909172,131.29439
1588509185590,71.39874,26.410135,122.14165
1588509185791,65.32285,35.24356,130.15892
1588509185990,65.40994,39.86814,128.85973
1588509186191,61.61429,40.543827,133.20569
1588509186390,58.185055,37.390354,138.31595
1588509186590,59.511875,36.45258,137.2804
1588509186791,63.892868,34.673897,132.28928
1588509186990,70.70389,19.716711,128.01836
1588509187199,72.785805,22.80296,122.61583
1588509187389,66.2159,38.536213,129.51721
1588509187590,66.84922,36.362785,129.247
1588509187789,65.35648,38.8665,131.0505
1588509187989,71.41466,29.324894,126.32903
1588509188189,72.72197,27.47179,125.0372
1588509188390,70.32101,38.986595,124.8074
1588509188590,62.66892,39.325768,135.40865
1588509188789,63.451008,35.286613,135.8186
1588509188990,64.7934,36.35795,133.50221
1588509189189,68.57813,31.333021,129.94478
1588509189389,72.508995,32.24184,124.274445
1588509189589,68.9522,33.54604,129.34268
1588509189789,65.28963,38.387817,131.59508
1588509189990,63.085785,39.434113,133.10693
1588509190191,63.305832,39.297287,131.9954
1588509190389,60.37909,37.64667,136.93022
1588509190591,68.43006,29.70219,129.03482
1588509190793,71.53274,27.579794,125.83739
1588509190990,69.43098,39.954178,124.847855
1588509191190,62.076824,37.642452,135.31403
1588509191393,60.71723,34.616394,137.9345
1588509191590,63.123276,36.06856,134.03448
1588509191791,71.11662,28.898338,125.164925
1588509191992,73.985664,24.889812,123.391754
1588509192191,65.98471,37.84129,131.66664
1588509192390,65.16927,36.624016,130.39389
1588509192592,61.161606,37.04375,133.98297
1588509192790,52.920788,37.45776,145.12018
1588509192990,53.623955,40.43413,143.76065
1588509193191,52.25429,45.167427,143.60246
1588509193389,48.391796,40.890755,149.76433
1588509194218,51.345024,35.179028,148.98404
1588509194220,62.76364,23.39657,143.05592
1588509194220,74.79524,9.299946,142.19606
1588509194221,90.91749,350.0283,142.09567
1588509194389,94.61001,344.38058,141.64012
1588509194591,84.64882,354.47144,139.96265
1588509194790,67.26526,12.717845,145.28485
1588509194991,59.242855,26.444342,144.0112
1588509195191,50.68408,38.981087,150.0261
1588509195391,53.103607,35.737232,149.63123
1588509195591,58.497715,29.513603,148.46541
1588509195791,71.31698,19.418854,141.12808
1588509195991,90.534584,353.00775,140.95024
1588509196191,98.10229,339.19724,137.38513
1588509196391,87.97367,353.63312,139.45723
1588509196590,71.2382,11.533222,146.12785
1588509196790,60.82324,33.754898,143.56271
1588509196990,55.832787,38.39402,148.85902
1588509197196,63.398453,29.871351,145.01093
1588509197390,76.50707,13.649844,138.76598
1588509197590,96.13349,344.06274,138.85501
1588509197790,94.7052,345.16217,142.28682
1588509197991,74.904015,6.1922092,143.7859
1588509198190,60.147594,29.681778,142.60397
1588509198390,48.242138,38.809628,153.34369
1588509198591,55.04465,35.829826,147.12769
1588509198791,64.866745,21.054115,146.3081
1588509198994,84.34189,358.3512,136.00165
1588509199190,91.05559,349.64297,139.34348
1588509199390,91.191444,347.58093,136.64688
1588509199592,88.421,349.47754,136.7548
1588509199797,89.28419,347.4284,140.74193
1588509199991,85.61186,348.35388,142.7786
1588509200191,84.966995,347.97256,142.75075
1588509200391,86.22714,347.17175,149.37779
1588509200590,74.1818,357.76743,146.29613
1588509200792,98.15519,341.48053,152.17584
1588509200992,93.50809,343.85526,158.94608
1588509201192,65.82342,1.9983437,145.56033
1588509201391,47.94407,18.034658,152.25128
1588509201592,41.25252,33.500896,151.5126
1588509201791,38.304443,41.616646,153.5679
1588509201991,48.814373,39.03069,143.8167
1588509202190,53.282104,39.19294,138.10506
1588509202390,44.782967,35.24592,151.23386
1588509202590,48.420742,24.598473,152.0958
1588509202790,64.26124,6.278006,145.55821
1588509202990,73.1738,352.61505,152.0042
1588509203191,64.396065,0.09210011,149.13669
1588509203390,50.64303,21.878794,147.71829
1588509203591,40.074432,30.497652,156.8806
1588509203962,49.096165,25.39409,148.86697
1588509203991,57.005314,11.563197,147.87952
1588509204191,57.218872,4.131931,154.33372
1588509204392,46.557846,24.374397,152.53455
1588509204591,46.158382,32.567932,151.30286
1588509204894,45.59999,36.115597,151.47333
1588509204991,43.90031,39.443043,153.03995
1588509205368,48.979847,31.529236,150.33063
1588509205391,53.839783,26.042034,148.15813
1588509205590,72.10983,4.5283303,142.49469
1588509205814,99.88406,333.71365,158.82329
1588509205992,65.79972,355.27484,136.68964
1588509206676,56.47457,23.430365,125.2809
1588509206677,42.770763,33.87437,146.14801
1588509206678,66.79805,56.795593,118.59767
1588509206791,268.98615,65.07554,305.20618
1588509206992,11.917658,82.25577,189.3333
1588509207753,44.3306,79.997185,153.54712
1588509207761,63.81863,56.81856,128.21776
1588509207762,85.65756,78.08807,108.41214
1588509207793,7.6821666,82.673164,191.24754
1588509208314,58.199112,78.70762,138.07117
1588509208315,78.08816,72.878075,117.95483
1588509208397,51.14864,54.326473,144.60391
1588509208592,51.78251,62.35313,145.67018
1588509208792,81.94614,78.73453,117.815544
1588509208991,79.44369,82.01999,121.00978
1588509209190,29.798876,66.253395,170.88867
1588509209392,145.47379,80.7831,57.55178
1588509209590,62.142387,64.20263,135.6023
1588509209796,207.02524,83.19605,0.37945086
1588509209992,44.623466,78.62541,158.90976
1588509210190,338.9357,86.688194,227.65604
1588509210390,120.07613,85.67695,84.92055
1588509210591,72.380714,77.15168,130.47554
1588509210790,86.63676,76.33858,117.41084
1588509210990,80.685585,59.786003,117.38584
1588509211190,76.85925,62.192028,123.34014
1588509211390,79.012665,62.293076,121.28125
1588509211590,84.58786,63.03064,115.223785
1588509211790,102.294685,69.10741,98.911194
1588509211991,110.55144,76.20825,93.58666
1588509212191,100.57035,73.24646,101.326965
1588509212392,144.05295,79.41165,62.477886
1588509212590,131.32404,83.897865,75.78678
1588509212790,110.64827,81.2594,94.56845
1588509212992,181.49487,76.476654,26.647743
1588509213191,149.19693,84.3099,58.6204
1588509213391,152.85483,88.6523,55.81968
1588509213591,116.11445,86.449844,91.12686
1588509213791,111.933914,83.07879,94.19478
1588509213991,107.31335,82.95987,98.809235
1588509214191,121.70408,82.3372,84.55029
1588509214391,118.95404,82.00453,86.92725
1588509214594,117.13487,83.08718,89.241295
1588509214791,126.00799,83.7391,80.98865
1588509215455,123.34736,82.77542,83.32873
1588509215457,129.45067,83.93877,77.92427
1588509215457,122.364,82.81985,84.45894
1588509215730,116.46824,83.60472,90.93977
1588509215794,113.83714,81.88901,93.13602
1588509215993,115.39944,81.541046,91.67783
1588509216194,108.57168,80.882774,97.959854
1588509216396,112.51614,81.63667,94.316055
1588509216597,90.2397,81.22867,116.32554
1588509216794,74.15398,81.13528,132.42612
1588509224249,114.82456,83.243576,91.986565
1588509224250,156.61269,83.2646,50.93015
1588509224251,53.228386,79.46567,151.77824
1588509224252,63.871395,72.67671,138.81065
1588509224253,81.930374,78.762115,121.28546
1588509224254,67.096886,80.94088,138.23021
1588509224255,344.67447,81.27074,222.97644
1588509224255,38.15013,80.5914,165.55156
1588509224256,249.05443,70.47843,326.75403
1588509224257,78.202774,70.9834,117.758965
1588509224258,171.97928,81.092094,31.303556
1588509224259,72.75388,62.32052,118.30276
1588509224260,50.062973,66.01967,146.14983
1588509224261,159.66272,84.15139,41.239143
1588509224261,52.623478,87.49322,147.18608
1588509224262,333.12238,83.48618,229.5714
1588509224265,168.2183,84.67951,35.204132
1588509224265,85.1238,60.511665,101.969025
1588509224266,86.31788,80.1889,111.511795
1588509224266,240.98857,83.64831,323.59552
1588509224267,319.78223,82.84149,244.45401
1588509224268,109.73388,83.06474,92.71126
1588509224268,149.49133,84.69533,55.88373
1588509224269,58.83196,71.96628,144.24228
1588509224269,86.153564,84.58651,119.077065
1588509224270,33.064327,86.00472,173.79596
1588509224270,112.79027,76.58484,91.581566
1588509224271,152.16542,82.7527,58.87656
1588509224272,77.588486,69.998055,126.11585
1588509224272,290.42844,79.56863,285.71814
1588509224273,359.7009,83.9088,212.77524
1588509224274,204.83632,88.8818,9.236616
1588509224274,227.53775,76.49883,351.39114
1588509224275,90.10289,72.21974,117.73185
1588509224275,168.88582,68.303116,41.450798
1588509224276,60.601276,73.32643,144.3076
1588509224298,72.586845,59.261528,124.33586
1588509224491,57.8374,44.328186,142.19832
1588509224693,71.65171,67.60358,130.38326
1588509224892,40.379578,86.435524,169.82397
1588509225092,301.90726,86.6764,268.79697
1588509225293,56.521915,80.74299,152.18494
1588509225492,278.9623,76.015434,298.00378
1588509225694,83.13685,66.98031,117.7022
1588509225891,72.748825,71.968216,132.02322
1588509226092,51.374268,86.549065,158.26576
1588509226293,156.02155,87.14515,52.579338
1588509226493,134.03513,84.24524,72.43343
1588509226695,146.5707,86.44334,60.903088
1588509226895,131.14139,85.00652,75.47726
1588509227095,205.78867,88.761246,2.814759
1588509227297,137.63797,82.368996,67.73583
1588509227495,81.57738,83.386925,123.90481
1588509227695,26.549242,77.78379,178.7719
1588509227897,103.033424,73.2943,93.85868
1588509228095,32.307934,85.340744,171.07515
1588509228295,309.01492,81.95109,257.8891
1588509228495,85.77681,81.58292,114.7338
1588509228695,208.67192,84.503746,354.9026
1588509228894,51.98749,60.999744,140.90596
1588509229098,167.40117,82.41457,33.04674
1588509229297,289.33887,85.51153,273.59143
1588509229496,24.144478,84.215614,175.09262
1588509229697,188.63383,85.8033,14.240261
1588509229894,129.62685,81.788956,70.770676
1588509230093,64.890495,57.68993,133.18546
1588509230295,233.16805,74.31881,340.59
1588509230494,17.271677,79.22938,188.85379
1588509230694,31.302433,84.97169,175.56606
1588509230897,250.40099,79.2715,322.8122
1588509231096,67.684975,63.544228,131.11206
1588509231295,48.934723,68.83252,155.15929
1588509231495,194.25569,81.00602,12.92968
1588509231695,27.036095,82.91645,176.88387
1588509231895,60.499924,86.23007,143.20512
1588509232094,14.182982,86.191055,192.84583
1588509232296,100.9699,82.23206,104.908875
1588509232494,57.66661,62.64845,144.10692
1588509232696,70.56064,61.467384,127.73742
1588509232893,208.72954,82.40723,359.138
1588509233097,25.100601,68.22874,179.79956
1588509233296,206.78995,80.352295,3.517535
1588509233506,80.04868,81.0915,123.90459
1588509233697,100.59964,74.70231,98.70148
1588509233899,72.83917,83.86397,132.0387
1588509234098,55.60249,71.353836,146.11143
1588509234298,58.431026,70.4917,141.99715
1588509234497,74.229706,83.54272,131.32417
1588509234696,92.42254,80.05391,111.67292
1588509234894,138.43512,87.65223,69.552055
1588509235096,113.39088,84.78936,92.62717
1588509235295,231.14494,86.21607,339.0288
1588509235495,358.2034,88.1325,212.12941
1588509235696,105.15921,74.970474,98.78787
1588509235896,83.36627,72.378426,120.13508
1588509236096,68.68198,71.77767,136.86021
1588509236297,84.92239,67.99226,118.08851
1588509236494,82.290085,69.30178,121.6394
1588509236696,105.78761,76.5135,99.73231
1588509236896,68.396706,76.6943,135.37419
1588509237095,39.287117,86.75906,166.93956
1588509237300,133.1526,88.02424,69.92965
1588509237496,132.8127,76.90305,63.346077
1588509237696,233.94202,83.306305,330.56845
1588509237897,73.68767,65.8549,117.5002
1588509238098,173.3602,82.89328,33.013817
1588509238298,131.34196,85.10167,74.53136
1588509238497,101.780075,87.115814,105.57635
1588509238697,194.60452,81.11777,15.354554
1588509238898,151.48325,76.42516,55.952446
1588509239097,114.09672,69.21449,88.75715
1588509239296,109.43971,62.40039,90.212135
1588509239497,100.60857,60.17926,100.30658
1588509239697,92.54452,56.66518,109.119606
1588509239897,89.638596,49.735962,107.05463
1588509240097,90.51755,58.95646,109.81046
1588509240293,92.66262,65.78004,108.46716
1588509240493,86.27878,70.34094,116.29035
1588509240693,114.12211,60.269726,78.08716
1588509240895,25.829115,88.2774,183.96315
1588509241096,99.932236,76.32948,102.475914
1588509241297,102.3605,78.67256,101.85988
1588509241497,113.3774,78.34754,90.89338
1588509241707,93.295265,77.77573,110.54354
1588509241895,105.33229,77.88975,98.62619
1588509242093,102.48062,78.00305,101.633316
1588509242292,101.52562,79.26888,103.69704
1588509242499,103.089165,76.18914,100.14505
1588509242695,93.730194,78.06695,110.90845
1588509242897,99.17859,77.11774,104.730194
1588509243098,91.31394,76.821846,112.53547
1588509243297,93.35551,75.536446,109.71767
1588509243497,90.2723,74.94126,113.02352
1588509243698,87.8033,73.09931,114.64777
1588509243897,86.47588,70.91301,114.580055
1588509244096,86.15643,72.13248,115.34561
1588509244296,84.92756,73.325,117.16845
1588509244496,72.148895,75.0572,130.35005
1588509244696,74.79275,81.8978,129.7791
1588509244896,73.85214,57.57376,119.65061
1588509245094,96.74967,68.914,100.90712
1588509245297,101.51353,68.97543,98.09456
1588509245497,182.45761,85.44422,27.13422
1588509245693,341.8977,87.195305,227.51836
1588509245894,356.38638,88.12236,213.4373
1588509246097,128.22148,85.4123,80.24353
1588509246294,81.61938,69.21493,119.55377
1588509246496,134.12613,88.777466,78.182625
1588509246696,155.99103,72.92947,59.06865
1588509246897,60.85986,75.3047,154.36794
1588509247098,133.15526,86.03884,87.78016
1588509247296,62.73767,85.973335,160.65842
1588509247497,94.98671,74.38647,119.54867
1588509247698,2.8001285,84.41422,218.04561
1588509247896,73.0897,73.905205,143.2597
1588509248097,52.526985,75.52129,165.41968
1588509248301,71.542175,72.13624,143.59639
1588509248496,78.186714,61.04461,134.1365
1588509248696,82.12485,78.69629,130.6399
1588509248895,82.82681,71.87679,119.080444
1588509249095,151.43152,81.75831,54.21246
1588509249296,191.84074,82.62544,23.42508
1588509249497,126.41236,69.25276,70.73389
1588509249696,50.841698,83.89465,88.08643
1588509249897,333.1686,72.71085,166.72566
1588509250098,254.12236,82.49841,249.12033
1588509250296,263.48257,81.60574,242.00928
1588509250496,245.59634,77.56698,265.4665
1588509250696,272.999,56.70838,253.90028
1588509250894,251.59152,47.918255,286.4798
1588509251092,253.90118,18.460344,343.97916
1588509251293,286.20682,6.4203806,10.209252
1588509251492,284.09897,354.62274,10.303907
1588509251694,283.05118,354.862,15.898888
1588509251892,269.8855,354.84116,18.898804
1588509252092,289.37115,359.64502,6.988493
1588509252292,298.08936,3.7316282,359.72684
1588509252492,299.06952,1.2440081,348.9404
1588509252692,304.16425,354.72595,359.5619
1588509252892,285.75894,357.96744,346.01443
1588509253094,278.73062,351.18027,348.34137
1588509253292,160.09227,359.76016,343.81055
1588509253492,140.9858,357.4829,347.40433
1588509253700,140.89253,351.42282,348.6742
1588509253892,151.80237,353.23822,355.01764
1588509254093,158.20801,352.675,5.8299294
1588509254293,156.01198,345.5327,15.055696
1588509254492,149.68185,350.3669,9.271648
1588509254693,145.89893,349.46823,6.1009665
1588509254893,147.5988,354.50235,7.0149565
1588509255093,145.39523,348.32263,20.537508
1588509255294,149.57664,345.7206,15.656785
1588509255494,156.31465,349.46945,20.533407
1588509255698,155.82019,345.712,17.62691
1588509255896,157.82335,348.33334,14.634058
1588509256099,160.22028,350.83145,21.955828
1588509256302,165.2947,350.6166,26.650265
1588509256504,168.38828,348.36234,20.135199
1588509256699,173.25824,359.6599,12.314119
1588509256900,175.51898,358.03348,28.739609
1588509257101,169.81273,354.3595,19.033258
1588509257301,153.98274,3.4837904,16.236975
1588509257501,152.22026,357.30832,11.376534
1588509257702,150.03888,358.881,15.988085
