1582627089450,87.92172,346.95035,14.870927
1582627089457,86.001915,347.03708,10.020711
1582627089468,89.071945,350.0056,6.0768886
1582627089480,95.87112,354.86743,4.2155066
1582627089487,102.60585,0.33402017,5.189952
1582627089497,107.047386,4.767682,7.9622684
1582627089507,108.44773,6.9899373,10.105132
1582627089517,110.00764,8.685014,11.176993
1582627089528,112.09998,10.359156,10.542889
1582627089537,114.70992,11.94099,9.208114
1582627089548,115.43051,12.362213,8.110654
1582627089561,115.193245,11.562444,6.6782904
1582627089568,115.33032,10.0657625,4.405926
1582627089579,115.050354,8.748629,2.050125
1582627089587,115.01145,8.260962,0.8586684
1582627089598,114.88717,7.8361554,359.90347
1582627089608,114.73028,7.6259727,359.19427
1582627089618,114.00079,6.75181,358.78433
1582627089629,112.38075,5.6328197,358.86646
1582627089638,110.196846,3.9823875,359.28058
1582627089648,107.72248,2.868771,0.64996594
1582627089661,104.9748,1.3895642,2.739367
1582627089668,102.36369,359.78323,6.0030475
1582627089679,100.286705,358.5444,9.476902
1582627089690,97.65045,356.36163,14.819817
1582627089699,95.030594,353.48352,19.515072
1582627089708,93.17969,350.5682,22.436314
1582627089717,91.05972,347.527,25.102226
1582627089728,90.36643,346.48386,24.263624
1582627089737,89.84978,347.0485,20.788767
1582627089747,89.87494,348.43564,16.569193
1582627089758,90.820915,350.08658,12.804024
1582627089767,92.81504,352.0358,8.908006
1582627089779,93.66224,353.2488,6.62615
1582627089787,93.63821,353.3986,5.945312
1582627089797,93.90475,353.4067,4.3428125
1582627089807,93.85729,353.51932,2.7493691
1582627089817,93.47898,353.19757,0.46516663
1582627089828,91.17407,352.06143,356.53506
1582627089837,87.721,350.24646,352.6159
1582627089849,83.716156,348.84048,349.0973
1582627089860,86.75586,349.71283,349.6194
1582627089869,88.613525,350.23016,350.01404
1582627089879,92.13176,351.5276,353.91058
1582627089889,95.02897,352.97607,356.99094
1582627089898,97.29667,354.4461,358.36313
1582627089910,98.94544,355.30685,359.29367
1582627089918,97.78206,354.92575,0.65808713
1582627089929,95.62833,353.50854,1.2941234
1582627089938,93.029755,351.82635,359.37778
1582627089949,92.31754,351.9666,355.1882
1582627089960,93.52435,352.4145,351.87286
1582627089968,89.04854,350.61127,347.70828
1582627089978,87.68015,350.19547,345.2437
1582627089988,91.425255,351.53275,344.89426
1582627089999,99.16897,354.3126,349.04712
1582627090010,104.296616,357.9077,355.61246
1582627090017,106.36302,0.3231921,0.6435649
1582627090030,106.888245,1.2584367,4.708152
1582627090037,106.107124,0.98964876,6.82085
1582627090048,106.049904,359.96744,5.783665
1582627090060,107.34903,359.20612,0.7635877
1582627090067,110.902855,358.57626,353.45166
1582627090078,113.97369,358.13254,347.3668
1582627090087,116.646805,357.79745,344.4601
1582627090097,115.20203,357.73947,346.30893
1582627090109,109.8908,357.34583,352.5133
1582627090117,106.897224,357.2683,358.9092
1582627090128,105.158775,357.09772,3.965093
1582627090137,103.54343,356.4112,7.98494
1582627090149,101.1562,354.59808,11.264324
1582627090160,98.92078,351.92426,13.707164
1582627090168,95.21926,347.62057,15.275455
1582627090180,91.7765,343.43384,14.452904
1582627090190,88.08206,339.6571,13.111272
1582627090198,86.73232,337.35696,13.489867
1582627090209,80.00385,332.13498,9.777274
1582627090218,77.10046,328.46735,10.189271
1582627090228,73.58214,325.76193,8.288021
1582627090240,70.21101,323.84256,5.4385676
1582627090249,75.14135,322.70865,10.877924
1582627090260,81.41082,324.00357,16.73445
1582627090269,87.144325,329.61316,16.818357
1582627090278,92.38881,336.95798,12.226382
1582627090288,98.10903,342.19662,11.692281
1582627090298,102.77256,346.5308,11.531001
1582627090309,104.98993,348.46417,11.393051
1582627090318,107.27781,350.46286,10.331653
1582627090328,108.40528,351.87988,10.296324
1582627090337,109.033,352.41205,11.305073
1582627090347,108.64036,351.9941,12.765988
1582627090359,107.90936,350.79102,14.427587
1582627090368,106.48348,348.8925,15.846998
1582627090378,104.49161,346.41302,16.72306
1582627090387,102.46754,343.27863,17.120098
1582627090397,100.80216,340.60867,17.246027
1582627090409,99.373634,338.9943,16.684507
1582627090419,98.58301,338.75635,14.692621
1582627090427,98.83069,339.9209,10.466933
1582627090436,100.49106,342.63394,4.572415
1582627090449,106.28858,347.56158,359.35822
1582627090459,111.20104,350.95627,358.4092
1582627090469,115.68222,355.52142,359.70276
1582627090478,117.03633,358.5997,1.4138383
1582627090490,118.10574,1.8010093,4.9108796
1582627090498,117.12315,2.413912,7.499038
1582627090510,115.43276,1.7904338,9.688822
1582627090518,113.69668,359.62967,9.068161
1582627090528,112.09407,356.8113,7.0160546
1582627090540,109.011406,352.51852,1.3683008
1582627090548,107.19666,349.8349,354.52625
1582627090558,106.15702,348.47372,350.13336
1582627090568,106.70056,348.72903,348.17447
1582627090578,105.587074,348.82297,349.17477
1582627090589,104.140854,348.8627,351.33325
1582627090597,102.84425,348.67407,354.38406
1582627090608,101.60799,348.3285,356.62015
1582627090617,100.20745,347.75458,358.28125
1582627090629,98.88977,347.0681,359.06915
1582627090641,96.84189,346.05722,359.44208
1582627090647,93.83721,344.36774,359.88275
1582627090661,90.98044,342.64835,359.7825
1582627090667,87.74701,340.84515,358.8976
1582627090677,84.05685,339.04694,357.02228
1582627090690,80.72428,337.78748,355.54364
1582627090697,77.88142,336.33508,355.17184
1582627090707,75.852516,335.44785,355.26346
1582627090717,75.37551,335.1714,355.32257
1582627090727,75.12381,334.929,355.19128
1582627090739,75.65229,335.60934,354.66336
1582627090748,76.94848,337.3131,353.43478
1582627090759,80.861916,339.8028,353.51962
1582627090769,86.91563,343.3407,353.09814
1582627090778,90.77894,345.68228,353.2579
1582627090790,97.31083,349.24588,354.16565
1582627090798,99.601585,351.279,355.65463
1582627090808,102.83971,353.7009,356.75247
1582627090818,104.52898,355.30362,358.70694
1582627090828,104.007515,355.04196,0.0037473242
1582627090841,101.88577,353.90427,0.7536276
1582627090849,99.971565,352.70227,1.12789
1582627090860,100.075905,352.60184,0.67887163
1582627090868,101.04875,353.14313,358.64548
1582627090878,104.551186,354.39774,354.55093
1582627090888,104.866005,354.54907,351.58212
1582627090898,102.57831,353.0059,349.0539
1582627090909,99.59187,351.75378,349.54376
1582627090917,99.86304,352.11282,352.24695
1582627090928,103.2239,354.47443,356.20102
1582627090939,104.80205,356.47736,359.83176
1582627090948,105.00108,357.58038,2.2705412
1582627090957,105.638916,358.09985,2.1052284
1582627090967,108.304245,358.77975,358.53934
1582627090977,110.973656,358.8328,353.00632
1582627090988,115.27735,358.47537,347.01816
1582627090997,120.03026,358.72458,343.46906
1582627091007,123.43976,359.74716,342.0395
1582627091017,122.39896,0.66672236,342.7845
1582627091027,120.078766,0.6138281,344.6591
1582627091039,113.67748,359.50745,348.1621
1582627091048,108.14311,357.61072,351.04953
1582627091058,104.09922,355.8054,353.0711
1582627091071,99.39664,353.45175,355.6324
1582627091078,94.22209,349.85626,359.08
1582627091090,90.1991,347.14603,0.45837998
1582627091098,87.91878,344.80838,2.3952785
1582627091108,83.92284,341.96405,2.7209697
1582627091121,80.2718,337.56348,6.550534
1582627091127,77.043144,333.48224,7.936235
1582627091140,74.54449,330.54657,8.887753
1582627091149,73.53153,327.16687,11.893092
1582627091158,74.3036,322.79865,17.440672
1582627091170,78.91936,325.4462,20.695992
1582627091178,83.83627,329.50537,22.880512
1582627091190,87.96839,333.04504,24.89492
1582627091197,91.25566,336.58417,24.925076
1582627091208,92.380745,338.73102,23.151669
1582627091221,93.94826,340.65927,20.854336
1582627091228,96.25372,343.22424,19.360733
1582627091238,98.875206,345.94922,18.237377
1582627091247,101.286285,347.96173,18.1564
1582627091257,102.053116,348.86115,18.974302
1582627091268,102.34381,348.183,19.595573
1582627091277,101.15291,346.36154,20.35534
1582627091288,100.12958,344.6988,20.98511
1582627091297,99.65271,344.01773,21.449417
1582627091307,99.661934,344.08545,21.362505
1582627091320,100.45832,345.15594,20.003317
1582627091328,101.60568,346.8778,17.86889
1582627091338,103.16104,348.64908,13.695566
1582627091348,104.654526,350.3199,9.482754
1582627091358,107.79278,352.94824,4.943526
1582627091371,112.87823,356.87558,3.4344344
1582627091377,115.38342,359.42142,4.081193
1582627091389,117.75819,2.9684725,5.775018
1582627091399,118.28266,4.853044,7.0859723
1582627091408,118.322754,6.365783,8.04393
1582627091419,117.75585,6.6654387,8.538264
1582627091428,117.608894,6.204811,7.500261
1582627091439,117.92604,4.98539,5.3406115
1582627091449,117.250595,3.7774558,3.6391616
1582627091458,116.14646,2.1126697,1.6545405
1582627091469,114.538124,0.30804566,0.39384064
1582627091478,112.18982,358.62518,359.47284
1582627091488,109.27784,356.5223,359.13626
1582627091498,106.67727,354.70026,358.85538
1582627091507,102.7678,352.4088,358.52628
1582627091520,97.25578,349.41818,358.0245
1582627091528,91.21699,346.09357,357.3249
1582627091538,84.855705,342.76422,356.33786
1582627091547,77.37211,339.25995,355.57266
1582627091557,71.96493,336.77197,354.74115
1582627091569,68.70673,335.83704,353.53003
1582627091577,65.75076,335.42734,352.10718
1582627091587,64.81047,335.8272,351.05295
1582627091597,63.552498,335.23935,351.49423
1582627091607,64.36713,335.09488,352.44794
1582627091619,66.849976,336.4254,353.12534
1582627091627,70.49999,337.8036,354.1454
1582627091638,75.598434,339.77847,356.58685
1582627091650,80.41885,341.82648,359.31815
1582627091660,85.02026,344.78436,0.32002562
1582627091669,86.908104,346.4135,358.42453
1582627091678,89.43857,348.78763,355.0491
1582627091689,90.48534,349.84534,352.623
1582627091702,89.89903,349.50876,350.79636
1582627091708,88.07843,348.7437,349.5403
1582627091719,87.88125,348.3265,349.12906
1582627091729,88.7078,348.64545,349.9955
1582627091740,89.94918,349.0747,351.6856
1582627091749,91.80483,349.93796,352.88562
1582627091762,94.24892,350.93927,353.04715
1582627091772,96.47585,352.11615,352.06927
1582627091778,97.74434,352.99197,351.125
1582627091787,98.12182,352.94885,349.9937
1582627091802,96.60032,352.35754,350.39224
1582627091808,97.889084,352.93747,351.92767
1582627091819,102.44887,355.93088,355.04935
1582627091827,105.49304,359.11984,358.94757
1582627091837,106.963326,1.372145,2.903616
1582627091850,107.13739,2.4675019,6.2953744
1582627091857,107.42617,3.0095913,7.594046
1582627091868,108.32283,3.288325,5.659583
1582627091877,110.91839,3.2511399,0.19154997
1582627091887,113.713005,2.2460039,353.20096
1582627091897,116.11674,0.7739069,346.6334
1582627091907,118.59902,359.31146,341.5178
1582627091919,117.663994,357.85867,339.38168
1582627091927,111.13171,356.1519,340.115
1582627091938,102.981766,354.02002,342.686
1582627091950,93.518845,350.41745,347.7273
1582627091959,89.2686,348.08383,350.69443
1582627091970,85.356705,345.48703,353.3527
1582627091978,81.900925,342.91867,355.74908
1582627091988,80.482574,341.08362,358.09183
1582627091999,75.80596,338.1001,357.43384
1582627092008,76.68368,336.74924,1.2184595
1582627092018,78.37373,335.67792,5.923502
1582627092028,80.74603,335.8805,9.892629
1582627092039,84.37696,337.98373,12.866526
1582627092048,87.824425,339.94962,16.339914
1582627092057,90.16945,341.50476,19.53173
1582627092068,91.94612,343.9555,20.132643
1582627092078,92.62584,344.37973,19.995888
1582627092088,93.1751,344.21933,20.684706
1582627092100,92.62313,343.06595,19.60693
1582627092107,92.712425,342.86346,17.320814
1582627092117,92.22044,343.26297,13.535538
1582627092128,93.194,344.37976,10.343668
1582627092138,95.43523,346.1366,8.455725
1582627092150,98.64726,347.81723,9.041109
1582627092157,100.37619,348.84067,11.3718
1582627092167,100.97039,348.92996,15.007802
1582627092177,100.72639,348.13376,17.078224
1582627092188,99.2185,346.15515,18.052921
1582627092199,98.33757,344.49487,17.326199
1582627092207,96.57434,342.7786,16.267235
1582627092218,95.24118,341.37305,14.831786
1582627092231,93.43739,340.53665,12.244892
1582627092238,92.12217,340.92374,6.5249186
1582627092249,92.07273,342.62366,359.09338
1582627092258,95.76657,345.30353,357.08682
1582627092269,100.62383,348.5506,357.58286
1582627092279,108.50519,354.46655,359.0523
1582627092289,112.429276,358.5653,1.4156482
1582627092298,112.96854,0.3501512,4.4645495
1582627092308,111.850586,1.7405326,9.8102865
1582627092318,111.32798,1.8429788,11.980545
1582627092332,109.32589,359.0295,10.562127
1582627092338,108.03534,356.48624,7.1667056
1582627092349,106.19934,353.18045,0.88581985
1582627092358,105.35325,352.1631,357.33606
1582627092368,106.02525,352.73328,356.64545
1582627092381,106.81481,353.88754,358.09732
1582627092388,107.157394,354.86313,0.115598574
1582627092399,106.17435,355.30945,2.3506474
1582627092408,105.54367,355.71625,3.7674675
1582627092418,104.50765,355.97275,4.8500857
1582627092430,103.287415,355.70596,5.6776876
1582627092437,101.67379,355.17792,6.5508976
1582627092448,100.18655,354.43848,7.0946646
1582627092457,98.48293,353.7215,7.088928
1582627092467,96.7803,352.7204,5.740906
1582627092479,95.853546,352.33163,4.862012
1582627092487,95.71067,352.1707,4.0634165
1582627092498,95.435036,351.8435,4.2693143
1582627092507,92.679405,349.90768,5.0525823
1582627092517,89.301254,346.71475,4.1691604
1582627092531,82.01816,342.8985,359.33502
1582627092538,74.3109,339.13846,355.7663
1582627092549,66.762634,336.56146,352.2038
1582627092558,62.979507,336.48358,349.14114
1582627092568,65.856316,338.83853,347.66187
1582627092581,75.354744,342.5873,348.4725
1582627092587,83.560616,345.79657,349.5327
1582627092598,91.808235,349.71753,351.26385
1582627092609,99.96301,353.88293,354.8704
1582627092618,102.92628,356.0402,356.96625
1582627092630,106.0315,358.40765,358.35245
1582627092638,106.44514,358.9998,359.67236
1582627092649,105.20428,358.49564,1.2446946
1582627092659,103.748085,357.75522,2.3566477
1582627092669,103.01527,356.80472,2.9423552
1582627092682,103.52147,356.9183,2.019423
1582627092688,103.98281,357.11182,0.8349016
1582627092698,103.47186,356.54288,359.71362
1582627092708,103.26831,356.1494,358.56708
1582627092717,104.63508,356.99075,358.30652
1582627092731,105.54218,358.53174,0.5042886
1582627092737,105.353874,359.40045,4.9567604
1582627092747,104.653076,359.71777,8.847709
1582627092757,103.80219,359.50653,11.164401
1582627092767,103.67611,359.04575,11.592076
1582627092779,103.78583,358.27005,9.498745
1582627092787,105.417076,358.6214,4.3481636
1582627092797,106.42087,358.16043,359.98053
1582627092807,106.18187,357.2329,356.89328
1582627092817,106.90082,356.9644,354.6032
1582627092829,107.69054,356.98392,352.77075
1582627092838,107.4225,356.456,352.30896
1582627092848,104.413414,354.9754,352.37994
1582627092858,98.1105,351.8442,352.4228
1582627092869,92.03727,348.56543,352.27222
1582627092878,85.4065,345.22913,352.41907
1582627092889,76.72849,340.40897,352.70325
1582627092898,72.53073,337.4421,353.26022
1582627092908,68.3839,334.05206,354.87445
1582627092917,67.587555,331.21857,358.2487
1582627092930,70.79912,330.2288,3.0539978
1582627092940,74.96955,330.8402,7.5970745
1582627092948,77.47289,330.89487,11.321581
1582627092960,79.03379,331.1459,13.186862
1582627092970,77.20113,330.9629,10.015681
1582627092979,71.33615,329.8831,3.8745003
1582627092988,65.86806,328.6419,358.87683
1582627092997,69.810326,330.57452,0.15131453
1582627093009,80.24258,336.44455,2.9115138
1582627093017,92.81029,344.0657,9.706128
1582627093028,99.159004,349.1958,13.264744
1582627093037,103.04246,353.15726,15.288364
1582627093047,105.15372,354.8944,15.874721
1582627093059,105.51022,354.89072,16.126148
1582627093067,104.58949,353.61908,16.407637
1582627093079,102.85959,351.21616,17.46506
1582627093088,99.900116,347.32062,17.0788
1582627093098,97.266335,344.03757,15.813147
1582627093109,94.89203,342.07642,13.713717
1582627093116,94.15202,341.40796,13.351699
1582627093128,94.02143,341.10922,14.073198
1582627093138,93.829,341.33206,13.837841
1582627093149,93.81173,342.02695,12.1365
1582627093159,93.29337,342.7683,10.151723
1582627093168,95.40071,345.39688,6.127109
1582627093180,98.84923,348.2173,4.0372853
1582627093190,104.66323,352.4743,3.965706
1582627093200,107.478035,355.71213,7.0656867
1582627093209,109.02458,358.68707,10.6331625
1582627093218,109.96116,1.0164905,13.601227
1582627093228,110.73101,2.3953364,15.021819
1582627093239,111.065544,2.5322108,15.213109
1582627093249,111.18833,1.8257418,13.37613
1582627093259,111.26632,0.7298858,9.584088
1582627093268,111.33099,359.21555,4.823353
1582627093279,111.69548,357.9783,0.88669604
1582627093288,111.24389,357.1189,358.5122
1582627093298,111.04679,356.63898,357.80508
1582627093310,109.061195,355.85263,358.0626
1582627093317,106.90949,355.3618,0.36383244
1582627093327,105.347626,355.40152,3.3844454
1582627093338,103.06387,354.6183,5.923896
1582627093347,100.56577,353.26596,8.48616
1582627093359,98.779625,352.20575,10.336232
1582627093367,96.94641,350.99478,10.408836
1582627093378,95.19635,350.0381,9.329843
1582627093387,93.18194,348.7366,8.180301
1582627093397,90.54254,346.8954,6.8229656
1582627093410,88.6901,345.92276,4.6512628
1582627093418,87.3614,345.31345,2.2509253
1582627093429,86.34581,345.2023,0.057502642
1582627093441,86.344124,345.69208,358.0678
1582627093450,86.63936,346.07135,357.27872
1582627093458,86.87144,346.4579,357.2141
1582627093468,88.04374,347.32404,357.17566
1582627093478,88.84484,348.17355,356.55905
1582627093488,90.82902,349.20874,357.06442
1582627093498,92.98034,350.66827,357.3083
1582627093508,94.65843,351.8132,356.79962
1582627093519,96.05809,353.26315,355.71097
1582627093528,97.40588,353.82263,354.728
1582627093542,98.71594,354.19055,354.05475
1582627093548,99.11513,354.56842,354.1315
1582627093558,99.310196,354.68567,354.07
1582627093568,99.88023,355.43582,353.58054
1582627093578,102.03664,356.68787,353.08304
1582627093590,104.0119,357.6723,352.8099
1582627093597,104.4717,357.74008,353.66693
1582627093611,103.584526,357.74304,356.00665
1582627093617,103.6991,359.02515,359.62018
1582627093627,105.27753,1.2224697,3.8008616
1582627093637,105.240486,2.4776053,8.394459
1582627093647,104.555016,2.1608596,12.113633
1582627093660,104.23329,1.9636755,13.745621
1582627093668,105.06376,2.394798,12.001491
1582627093679,107.07789,3.0966473,8.177794
1582627093687,108.75263,2.8783362,3.2195306
1582627093699,111.02132,2.2837565,357.71017
1582627093708,113.95854,2.0030177,352.6566
1582627093718,114.4744,1.0024099,349.54453
1582627093728,111.72032,0.13751052,349.57034
1582627093741,106.98688,358.69128,352.03818
1582627093748,102.952354,357.10208,354.30746
1582627093760,95.73691,353.0859,357.89236
1582627093768,89.85987,349.28223,359.2621
1582627093778,85.34151,346.14868,359.58734
1582627093789,76.86088,340.28122,359.2309
1582627093798,69.31482,334.44037,358.881
1582627093809,61.7969,327.90524,358.83478
1582627093818,55.87204,320.31525,0.28651825
1582627093828,55.82731,314.46564,4.5350637
1582627093839,59.633724,310.37857,10.897224
1582627093848,64.481415,312.5557,14.313932
1582627093859,65.45682,315.98038,12.8515
1582627093868,68.21621,321.7256,10.578408
1582627093878,70.62132,329.22202,4.7387033
1582627093890,76.56283,335.55295,2.5174363
1582627093898,84.70552,341.40665,2.4454532
1582627093909,91.781845,346.4632,2.9270878
1582627093917,98.686584,351.2744,2.0120158
1582627093927,103.95105,355.29782,1.9378651
1582627093940,106.94054,357.81415,3.495548
1582627093947,108.01632,359.0203,6.499741
1582627093958,107.484375,359.46155,9.989202
1582627093967,106.91881,359.31985,13.089151
1582627093977,105.11407,357.89154,15.912773
1582627093988,102.40143,354.44714,17.739313
1582627093997,99.70036,350.81354,19.155306
1582627094008,97.585815,347.55032,18.755514
1582627094018,95.4603,345.4075,17.92921
1582627094029,94.81195,345.18994,15.327098
1582627094040,94.87117,346.1706,11.754871
1582627094048,95.69608,347.8253,6.7890115
1582627094059,99.955185,351.1422,1.6887323
1582627094068,103.53857,353.8383,0.37899157
1582627094078,107.76472,357.04123,1.4805264
1582627094089,110.394714,1.0068588,5.251104
1582627094098,111.7306,4.139472,8.965294
1582627094109,111.77195,5.730295,11.5552
1582627094119,111.53293,6.999488,14.080929
1582627094129,111.70775,7.363113,14.346525
1582627094141,111.71116,5.9029565,11.235029
1582627094149,111.985954,3.6789913,6.092897
1582627094159,111.571335,1.8464484,0.9060795
1582627094168,112.24738,0.941371,357.49393
1582627094180,111.962265,0.6705894,356.6806
1582627094189,110.15784,0.59197927,358.06885
1582627094198,107.33659,0.06944397,0.8196875
1582627094208,105.139046,359.23996,3.86662
1582627094217,102.90546,358.39514,6.7929993
1582627094227,101.28801,357.21362,8.549105
1582627094240,99.937874,355.79086,9.435699
1582627094248,97.3577,353.8157,9.285887
1582627094258,94.35208,351.20007,8.131187
1582627094267,90.98583,348.55978,6.683367
1582627094276,87.305725,345.72675,5.769713
1582627094289,83.36604,342.84348,5.8700953
1582627094296,80.76601,340.82492,5.9656653
1582627094307,79.9865,339.4595,7.40486
1582627094321,79.575195,338.7624,8.487462
1582627094329,79.29805,339.44107,6.685049
1582627094340,79.24345,341.18594,3.251607
1582627094348,79.09559,342.47855,359.86093
1582627094360,80.811066,344.7393,356.42773
1582627094371,84.50532,347.13742,354.8955
1582627094379,89.01963,349.3859,355.76
1582627094389,93.104355,351.58926,356.0638
1582627094398,96.42609,353.44186,355.62543
1582627094410,99.640274,355.25522,355.3833
1582627094419,101.629295,356.38412,355.8972
1582627094428,102.459015,357.16046,357.0998
1582627094439,103.101105,357.91718,358.29886
1582627094448,103.111305,358.03018,358.77112
1582627094458,102.43635,357.6739,359.02634
1582627094469,101.52441,357.20837,358.86853
1582627094477,102.782845,357.9878,357.13373
1582627094488,105.3725,359.13025,355.29578
1582627094497,106.668274,359.60913,353.8605
1582627094507,106.56056,359.66373,353.42136
1582627094520,106.166306,359.9031,355.44278
1582627094527,106.37956,1.1613169,358.56918
1582627094539,107.16782,2.989525,2.168202
1582627094547,107.45964,4.7083945,5.5122156
1582627094557,107.55755,5.5795736,7.7490273
1582627094569,107.65584,5.5393314,7.379519
1582627094577,109.95753,5.609625,1.5605961
1582627094589,114.60836,5.18678,353.2
1582627094598,117.29064,3.5477464,346.7296
1582627094608,117.85088,1.6445017,342.46448
1582627094619,114.59445,0.4432819,342.51575
1582627094629,109.54387,359.91873,346.27805
1582627094647,104.36849,359.07745,352.0761
1582627094652,99.74855,357.7522,357.4835
1582627094658,97.18713,356.21173,0.69230485
1582627094669,94.74383,353.93915,3.5827663
1582627094679,91.20291,350.6146,5.4679914
1582627094689,87.903564,347.7542,5.3627653
1582627094699,83.9691,344.73236,4.550131
1582627094709,79.34588,341.24313,3.4844592
1582627094719,75.65935,338.08377,3.2777407
1582627094728,71.163246,332.91437,4.0961294
1582627094739,68.14652,329.52954,4.8390484
1582627094750,66.47882,328.4608,4.571459
1582627094758,66.65647,329.70053,3.1000001
1582627094768,68.0163,331.68756,1.943344
1582627094777,68.015854,333.86087,358.9722
1582627094788,68.19504,335.7501,356.02518
1582627094798,70.80489,338.32953,354.92938
1582627094808,75.56063,341.1976,355.44678
1582627094819,85.345314,345.8797,359.85562
1582627094827,90.9664,349.22345,2.5542436
1582627094837,94.38602,351.93414,4.759012
1582627094850,97.105644,354.22803,6.5803857
1582627094859,98.46717,355.25894,8.220855
1582627094867,98.65358,355.5411,9.2142935
1582627094877,97.69061,354.44833,9.466174
1582627094887,95.60837,352.1467,9.507196
1582627094898,92.91203,349.49976,9.315536
1582627094908,91.2654,347.80673,9.110992
1582627094918,90.88258,347.22272,8.846652
1582627094929,92.05369,348.3302,7.9327173
1582627094939,92.94744,349.66397,7.1451254
1582627094949,94.09458,350.72055,5.903406
1582627094958,96.523476,353.02765,2.08664
1582627094969,99.82799,355.649,359.9665
1582627094978,103.38368,358.5398,0.21564054
1582627094989,106.11928,1.5656059,2.5779235
1582627094999,107.80032,4.71704,5.478843
1582627095008,109.34151,7.857954,8.128004
1582627095019,110.57963,10.002374,9.927662
1582627095029,111.27144,10.863514,9.88619
1582627095039,112.346016,10.521505,7.439448
1582627095049,113.58755,9.273335,3.5209496
1582627095057,113.90327,7.82935,0.18639508
1582627095069,113.65445,6.6067295,358.20352
1582627095077,113.47877,5.7263913,357.87225
1582627095088,111.53065,4.933845,358.9269
1582627095100,109.042694,3.7457774,0.69072706
1582627095109,106.141815,2.1914823,2.518691
1582627095119,103.50233,0.49187854,3.8209043
1582627095127,101.06396,358.74142,4.6885114
1582627095137,99.30774,357.0091,4.5327077
1582627095149,97.02387,355.07202,3.8489542
1582627095157,94.03866,353.07843,2.8865778
1582627095168,90.73383,350.7819,1.4187058
1582627095176,87.40408,348.93393,359.49463
1582627095187,84.641,347.46097,357.93732
1582627095199,81.8003,346.12372,356.39166
1582627095208,77.38467,343.93808,354.77798
1582627095219,72.457405,341.38373,354.1682
1582627095228,67.34162,338.94397,352.58292
1582627095238,59.43408,336.8624,348.29102
1582627095250,54.819855,336.78232,345.07254
1582627095258,54.96165,337.73102,343.6834
1582627095270,62.99276,340.84503,344.99664
1582627095279,72.05444,343.5151,348.25534
1582627095289,81.25992,347.36804,350.46194
1582627095299,87.05276,350.0944,352.0431
1582627095309,93.17478,353.4769,354.41888
1582627095318,96.32845,355.53668,356.4968
1582627095329,98.36695,356.81827,358.2601
1582627095338,98.05957,356.73224,358.93158
1582627095349,97.22371,355.77853,359.09097
1582627095358,95.53785,354.0925,358.7581
1582627095367,94.5743,353.21213,358.3466
1582627095378,94.929955,353.03552,357.652
1582627095387,96.7316,354.04962,355.89767
1582627095399,98.638016,355.08,354.2925
1582627095407,98.706955,354.9274,353.79153
1582627095417,98.740166,354.51462,354.73865
1582627095429,100.56162,355.90787,357.36774
1582627095437,103.05263,358.45016,0.96237236
1582627095449,104.43742,0.6654126,5.3320303
1582627095457,105.270226,2.2561696,8.29605
1582627095467,106.087555,3.6326416,9.597606
1582627095477,107.74326,4.8714695,8.652069
1582627095489,110.40717,5.899376,4.9144335
1582627095498,112.35904,4.574069,357.74066
1582627095509,113.16793,2.1476033,351.29605
1582627095519,115.78627,1.0711915,345.7775
1582627095530,116.96341,359.83295,341.86227
1582627095538,111.7468,358.3376,342.73245
1582627095550,105.27154,356.56958,346.11658
1582627095558,100.538216,354.93307,349.72934
1582627095568,93.91282,351.4831,355.0521
1582627095582,90.992226,348.96417,358.32407
1582627095588,88.80923,346.86676,0.07474035
1582627095599,86.01088,344.10837,1.6284976
1582627095610,82.70896,340.85788,2.419247
1582627095618,80.52869,338.36646,3.3929265
1582627095629,78.41093,335.4748,5.4218454
1582627095638,75.963,331.12677,8.231899
1582627095649,74.61545,328.04395,10.099229
1582627095657,72.43466,325.2524,10.63505
1582627095668,71.908806,324.98215,10.046539
1582627095679,72.68403,325.7224,9.81747
1582627095687,75.70177,328.47772,10.012516
1582627095698,80.52106,333.47012,9.416743
1582627095707,88.168045,340.38782,8.848796
1582627095717,95.30962,346.38077,8.841528
1582627095727,101.05878,350.93976,8.308709
1582627095737,104.32216,353.3852,7.334095
1582627095748,106.56787,355.26675,7.07946
1582627095757,107.05265,355.68008,8.42856
1582627095767,105.815216,354.96472,10.730308
1582627095777,104.36966,353.7923,12.2954855
1582627095787,102.087715,351.61105,13.053541
1582627095799,99.502396,348.89163,13.035209
1582627095808,96.73058,345.99377,13.142448
1582627095820,94.74556,343.93372,13.178221
1582627095830,94.05061,343.13943,13.413035
1582627095838,94.4654,344.31955,12.800473
1582627095850,96.37724,346.42468,11.612486
1582627095859,97.7452,348.42352,9.204049
1582627095868,99.82746,350.31674,5.3295865
1582627095880,103.11189,352.72934,1.4354004
1582627095889,106.58438,355.30313,359.57993
1582627095899,109.673584,358.04065,359.6085
1582627095908,111.60048,0.94784683,2.212397
1582627095919,112.333534,3.5992966,6.01947
1582627095929,111.915276,4.962093,8.967902
1582627095938,111.84801,5.4996715,10.927513
1582627095948,110.969734,4.4401903,9.781593
1582627095960,109.48837,1.9163878,6.212294
1582627095967,108.07327,358.9592,1.3340847
1582627095979,106.59527,356.75583,357.8452
1582627095987,104.76739,355.7115,356.9107
1582627095997,104.19624,355.41138,358.0405
1582627096009,102.53094,354.96024,359.74808
1582627096017,100.299736,354.11514,0.76079553
1582627096029,97.8854,352.76846,0.8505346
1582627096037,94.9132,351.06647,0.47048706
1582627096049,92.05035,349.2824,359.56668
1582627096060,88.12763,347.0531,358.3137
1582627096067,84.10024,344.71194,357.4764
1582627096078,79.705536,342.72964,356.67462
1582627096087,75.678345,340.91113,356.00677
1582627096098,72.93564,339.38577,355.47372
1582627096109,71.342026,338.5077,355.4063
1582627096118,70.554436,338.39343,354.50574
1582627096129,70.75949,339.0228,354.23767
1582627096139,70.62414,339.9121,353.4327
1582627096148,71.590546,340.56348,353.19458
1582627096160,73.54162,341.34488,353.67722
1582627096168,76.4235,341.96884,355.2857
1582627096180,77.791145,342.92163,355.20544
1582627096188,79.90416,344.57486,353.37842
1582627096198,80.993126,345.91153,351.22385
1582627096209,85.291824,347.9734,350.44373
1582627096219,91.589325,350.80557,350.8486
1582627096230,96.394135,353.65222,350.53177
1582627096239,101.39429,356.4183,350.80435
1582627096248,103.765,358.13443,351.7311
1582627096260,103.89659,358.39447,353.17584
1582627096268,103.018776,357.74722,354.15427
1582627096279,103.11589,357.73993,354.55313
1582627096287,104.05576,358.3623,353.80722
1582627096297,106.444145,359.57886,352.35217
1582627096308,109.2451,0.37353164,350.62296
1582627096317,108.296036,359.30136,349.65454
1582627096327,105.67635,356.99716,348.2793
1582627096338,102.46463,354.92795,347.62167
1582627096348,100.65608,354.16312,349.2109
1582627096358,102.79033,355.63242,352.614
1582627096367,105.95986,358.31613,355.8334
1582627096378,107.05275,0.124625996,359.95935
1582627096388,105.92894,0.58657557,4.358261
1582627096398,106.8674,1.3705686,4.7913785
1582627096409,108.13175,2.1432855,2.5111089
1582627096418,109.10059,1.4376686,358.43195
1582627096430,110.187454,0.49315843,353.71133
1582627096438,110.93092,359.8475,349.9446
1582627096449,110.7245,359.61655,348.67258
1582627096460,108.5564,359.04388,349.6655
1582627096468,105.545784,358.08496,352.94598
1582627096479,101.59052,356.2551,357.2993
1582627096488,98.40027,354.18655,1.4603472
1582627096498,96.42455,352.65662,4.4331784
1582627096511,94.16461,350.34763,8.091491
1582627096519,93.04454,348.62988,10.325628
1582627096530,91.84776,347.04852,12.1790285
1582627096539,91.32966,345.83932,13.302349
1582627096548,90.17012,344.40674,13.286279
1582627096559,89.66662,344.63962,10.855195
1582627096567,88.8603,344.67627,7.666669
1582627096577,86.9396,343.71246,4.7342973
1582627096588,83.67534,341.8507,2.1789315
1582627096597,79.701225,339.41443,0.11439257
1582627096610,76.32426,336.3774,0.69673806
1582627096617,76.75139,335.65823,2.5015175
1582627096627,82.41137,338.02252,5.967821
1582627096637,89.008575,343.25793,7.1709943
1582627096647,94.817696,347.7498,7.706843
1582627096659,99.09371,350.817,6.6450915
1582627096667,102.93862,353.3696,4.283639
1582627096677,105.50124,355.03186,2.3661928
1582627096690,106.48819,354.8628,0.7854319
1582627096699,104.46974,352.65335,1.2792222
1582627096709,101.02583,349.90103,1.6313308
1582627096718,94.71423,344.73297,0.83392775
1582627096728,90.15189,340.71487,1.4659846
1582627096739,88.89135,338.98898,3.9334872
1582627096748,90.23244,338.95676,8.015746
1582627096760,92.43652,340.31216,9.814487
1582627096770,94.963036,343.25156,9.861261
1582627096779,96.06521,345.33005,6.6946793
1582627096793,98.517334,348.02582,1.8343781
1582627096799,103.68473,351.52072,358.0454
1582627096809,108.778404,355.3757,357.1746
1582627096819,111.73919,358.56686,359.2521
1582627096828,112.83219,0.8117381,3.5210524
1582627096839,112.58392,2.790555,8.370703
1582627096847,112.64679,4.0812325,11.595965
1582627096860,112.651,4.519924,12.978115
1582627096867,113.07838,4.050007,11.569126
1582627096877,113.81234,3.027182,7.7587714
1582627096890,114.04182,1.8390129,4.176025
1582627096897,113.68855,0.3788283,1.392538
1582627096908,112.36474,359.0562,0.19083728
1582627096917,110.10749,357.4534,0.34910887
1582627096927,106.747856,355.58313,1.6370933
1582627096940,103.04605,353.37744,3.6406753
1582627096947,99.36151,350.61032,5.3866735
1582627096958,95.32655,347.32446,7.5499206
1582627096967,91.285385,343.24655,8.542754
1582627096977,87.264244,339.5447,8.612064
1582627096989,82.97861,336.6758,7.7669864
1582627096998,80.25961,334.90067,6.50027
1582627097009,79.26685,334.44223,6.361955
1582627097018,79.8358,335.49545,6.0210667
1582627097028,81.34555,337.22275,5.757315
1582627097040,81.569496,337.93875,5.3411818
1582627097048,80.513985,337.891,4.3701034
1582627097059,78.783005,338.18524,1.2458742
1582627097068,78.20804,338.3149,0.059885785
1582627097078,79.44135,339.57486,359.43655
1582627097089,83.56728,342.32886,359.36166
1582627097098,86.12383,344.2576,359.84625
1582627097108,90.920265,347.86008,358.71857
1582627097119,94.232,350.2809,356.65295
1582627097128,95.915085,351.53766,355.39972
1582627097140,98.198875,352.85226,353.82678
1582627097147,99.64894,353.95886,353.4199
1582627097157,100.43726,354.6447,354.04257
1582627097167,100.50407,354.85767,354.52982
1582627097177,100.409706,354.7037,355.18796
1582627097190,100.01581,354.5422,355.7675
1582627097198,99.39574,354.22546,355.9739
1582627097208,100.11254,354.7291,355.11398
1582627097220,101.090576,355.58807,353.36728
1582627097227,101.31701,355.5474,351.56827
1582627097240,100.44357,355.11066,350.28046
1582627097249,101.40222,355.89328,350.00034
1582627097259,104.97089,358.49997,351.9006
1582627097266,106.23991,1.0298945,356.2581
1582627097278,106.84046,2.941464,0.39546248
1582627097289,108.12757,5.122813,3.399631
1582627097298,108.77747,5.808409,4.151023
1582627097313,109.200035,5.3717194,3.0129247
1582627097320,111.28659,5.0395384,358.6212
1582627097328,116.66692,5.4545913,351.45593
1582627097340,125.893196,6.045635,343.93753
1582627097349,134.92134,6.369103,338.7374
1582627097359,137.0952,5.463759,336.93323
1582627097370,132.12993,4.3449044,338.09814
1582627097379,119.27487,2.0373864,343.1268
1582627097390,109.545456,359.99042,348.97562
1582627097399,103.26499,358.0062,354.37915
1582627097409,100.225136,356.56262,358.2486
1582627097421,96.27854,354.47986,2.4678657
1582627097428,94.7259,353.083,4.131781
1582627097439,90.93622,350.13504,5.908227
1582627097448,88.19381,347.35773,6.180239
1582627097458,85.02007,344.5504,6.5888534
1582627097472,82.64822,341.7152,8.294469
1582627097479,82.39267,339.9302,11.623441
1582627097488,83.230286,339.46655,14.801086
1582627097497,85.13584,340.40118,16.06459
1582627097507,87.374245,343.21054,15.018799
1582627097519,91.2826,346.60422,16.272734
1582627097527,93.99427,349.2542,17.942139
1582627097540,96.11574,351.5694,17.78516
1582627097547,99.891716,354.88452,16.654692
1582627097557,103.279205,357.99457,16.912306
1582627097570,105.09894,359.0805,17.415316
1582627097578,105.601425,359.66937,16.942183
1582627097588,106.73018,359.86417,15.497308
1582627097599,107.34647,359.4774,13.613201
1582627097608,105.77389,357.35297,13.400252
1582627097620,103.747444,355.036,14.158028
1582627097628,99.682144,351.38876,16.445599
1582627097638,97.510185,349.06326,18.55921
1582627097649,96.21937,347.64554,20.051199
1582627097658,96.792854,347.96228,20.113173
1582627097672,98.15299,349.5827,19.263025
1582627097678,99.437454,350.93982,17.740093
1582627097688,100.26943,351.63757,14.690651
1582627097699,102.531494,353.17792,10.448281
1582627097708,105.75449,355.0936,7.4875693
1582627097719,108.71461,357.32574,7.5101967
1582627097728,111.325165,0.72002906,10.340436
1582627097738,112.96949,3.4107268,12.78795
1582627097747,113.37806,5.689792,14.943467
1582627097757,113.58414,6.9711547,16.313568
1582627097770,113.78172,7.047471,15.834091
1582627097777,114.95441,6.8820887,12.7529745
1582627097787,117.05398,6.4541636,8.75695
1582627097797,118.37401,6.1802025,5.843762
1582627097807,119.79983,6.13881,4.0591025
1582627097820,120.26486,6.0611644,3.0795536
1582627097827,119.3498,5.527172,3.4472718
1582627097838,117.62747,4.686251,4.6059074
1582627097848,114.82618,3.4581404,5.9928927
1582627097857,111.732254,1.5621755,7.591734
1582627097869,107.47326,358.8738,9.290044
1582627097879,104.416466,356.1516,10.242954
1582627097889,100.15288,352.69067,11.284937
1582627097901,97.382965,350.32623,12.7983
1582627097908,93.614555,346.95743,12.908794
1582627097919,90.22005,344.1717,14.021247
1582627097928,89.06499,343.7296,12.7250595
1582627097939,87.9781,343.51334,10.1393795
1582627097951,87.1835,343.89877,6.6773005
1582627097959,86.37434,344.23297,3.5363252
1582627097969,84.59584,344.58218,359.66553
1582627097978,83.30063,344.5829,357.99188
1582627097990,83.847595,345.2956,357.10413
1582627098000,85.42165,346.28772,356.9182
1582627098008,86.69075,346.833,358.22522
1582627098019,87.31406,347.32718,358.85202
1582627098028,88.70007,348.5888,358.02698
1582627098037,90.01815,349.8401,357.41516
1582627098050,90.91473,350.14325,356.64603
1582627098057,91.85809,350.88696,354.5586
1582627098069,95.89059,352.62912,352.60773
1582627098077,101.15344,354.87997,351.31622
1582627098088,104.96285,356.86148,352.1793
1582627098097,106.91879,358.39352,353.5288
1582627098107,108.30384,359.46335,354.84555
1582627098118,108.65488,0.051789835,356.74487
1582627098128,107.52313,0.238367,358.3244
1582627098137,108.26876,1.2184695,359.36285
1582627098149,109.2152,2.0711875,0.09326766
1582627098156,108.414276,1.7576301,0.89441144
1582627098167,108.82588,1.4764171,359.96588
1582627098179,111.97438,2.8664405,357.58673
1582627098189,112.18391,2.8464942,357.94562
1582627098201,110.73086,1.9951335,358.8763
1582627098208,113.71936,2.9335482,357.27817
1582627098219,123.059204,6.2457924,352.95435
1582627098229,131.19043,9.047564,349.7348
1582627098239,135.18303,10.765196,349.08957
1582627098248,132.05829,11.061112,351.71512
1582627098258,126.03894,10.441844,356.80807
1582627098269,120.02191,8.831813,1.8778402
1582627098279,114.90485,6.537562,6.8157034
1582627098289,111.16178,4.0996766,10.273588
1582627098300,108.11872,1.8689954,12.923787
1582627098309,106.26757,359.90378,14.5969095
1582627098318,103.028694,356.25983,15.38835
1582627098329,100.452805,353.1628,14.869655
1582627098337,96.444,349.23636,15.00116
1582627098350,91.20724,343.5777,16.277264
1582627098359,85.19696,337.5513,17.27302
1582627098367,80.95861,332.90256,17.819174
1582627098377,77.52664,329.0691,17.580158
1582627098387,76.81874,328.112,17.611017
1582627098399,79.44567,330.9814,16.862072
1582627098407,83.59061,334.71802,16.720007
1582627098417,87.69927,337.6359,17.516619
1582627098427,90.291214,339.8916,18.833689
1582627098437,93.238945,341.91315,20.88232
1582627098448,95.75669,343.7637,22.623688
1582627098456,97.905136,345.8724,24.44431
1582627098469,100.47535,348.78204,25.60892
1582627098480,101.89909,350.71732,25.717905
1582627098489,103.48141,352.83456,25.001167
1582627098500,104.38252,353.91913,24.368723
1582627098508,105.492226,354.95303,23.766897
1582627098519,106.03716,355.88596,23.465233
1582627098530,106.21571,355.694,23.213905
1582627098539,104.90228,354.1481,22.062555
1582627098550,103.963776,352.61627,20.235619
1582627098558,103.08517,351.85175,18.774324
1582627098567,103.41803,351.9466,17.02357
1582627098581,105.81744,354.22775,15.607942
1582627098589,108.14197,356.6192,13.704203
1582627098599,111.78338,359.74918,10.967168
1582627098608,113.83326,1.6328189,8.675439
1582627098619,116.58827,3.4233928,7.1367674
1582627098630,118.74281,5.773557,6.6065927
1582627098638,120.55212,8.348261,7.0714836
1582627098649,120.67756,10.709217,8.781312
1582627098657,119.60169,11.909112,10.624039
1582627098667,118.64153,11.583363,10.895785
1582627098680,119.04044,10.515084,8.357179
1582627098687,119.41684,9.007167,4.531357
1582627098699,119.07073,7.21025,1.0854123
1582627098707,118.29037,5.5797787,358.3451
1582627098720,117.45032,4.27302,356.73608
1582627098729,114.80232,2.793499,356.55963
1582627098737,111.48886,1.2764355,357.43085
1582627098748,107.2631,359.45367,358.9603
1582627098757,102.86931,357.58353,0.21278891
1582627098769,100.234726,355.81628,0.8221719
1582627098778,97.00209,353.95862,0.73689103
1582627098789,93.29189,351.64172,0.04149308
1582627098798,89.613014,349.69244,359.21133
1582627098808,85.73213,347.80316,358.239
1582627098818,81.86541,346.10104,356.63266
1582627098830,76.88651,344.42374,353.92194
1582627098837,73.56233,343.70093,351.49017
1582627098849,66.5242,342.64767,347.18954
1582627098859,60.89497,342.07065,344.0824
1582627098869,55.413315,341.61224,341.76962
1582627098880,52.8052,341.06613,340.97256
1582627098888,54.75248,340.83246,342.15918
1582627098899,61.323788,341.46014,345.33322
1582627098908,71.67855,345.01862,347.1126
1582627098918,81.696335,349.33188,347.18173
1582627098929,89.29265,352.22562,346.7334
1582627098937,93.64526,354.24902,346.5295
1582627098947,98.90562,356.3216,346.8337
1582627098959,102.865105,358.36478,348.8006
1582627098968,106.39381,0.38625368,350.676
1582627098979,108.85594,2.3042157,352.82825
1582627098988,108.69764,3.465884,355.69022
1582627098997,107.75881,3.706032,358.77704
1582627099007,106.9966,3.9670866,0.19257115
1582627099017,109.3681,5.3724866,359.75864
1582627099029,110.68991,6.0060267,358.41675
1582627099036,109.56507,4.7032237,356.88098
1582627099047,108.13731,3.0852165,355.42596
1582627099057,107.33594,2.3622315,355.76004
1582627099069,107.32539,3.615805,359.41168
1582627099079,107.9303,5.140619,2.4775004
1582627099088,107.562904,6.159023,5.8366003
1582627099100,106.285576,5.8332357,8.259615
1582627099109,105.91235,4.9502034,7.120986
1582627099119,106.63922,4.2276063,3.7636437
1582627099128,107.86359,3.313737,357.9827
1582627099138,108.612595,1.6882621,351.6893
1582627099149,110.53384,0.8895602,347.24066
1582627099159,109.95881,0.08219341,345.5342
1582627099168,107.81616,359.1111,345.52853
1582627099179,103.72488,357.75916,347.2271
1582627099189,98.942986,356.0275,350.93573
1582627099200,96.14072,354.78696,354.03134
1582627099211,92.43055,352.2729,358.5035
1582627099218,89.69234,349.88043,1.7139068
1582627099228,87.03801,347.31168,3.7499075
1582627099237,83.4933,344.63864,4.498397
1582627099247,80.2615,342.27203,3.7039795
1582627099260,75.908295,339.7093,1.8462149
1582627099268,73.20135,338.18457,0.6464749
1582627099279,72.784195,337.83316,0.27319255
1582627099287,73.93743,338.51788,0.96293193
1582627099297,76.42484,339.71036,1.7769209
1582627099309,79.39057,340.5898,4.456453
1582627099317,84.09486,342.03848,8.5221815
1582627099328,88.1641,343.70508,13.267658
1582627099337,91.66756,344.95776,18.596056
1582627099346,93.9169,345.98212,22.197487
1582627099359,95.28322,346.53995,24.01118
1582627099368,95.83943,345.71487,24.910604
1582627099378,95.718994,344.9411,23.895702
1582627099389,95.70727,344.22974,21.95642
1582627099400,96.09922,344.50366,20.07444
1582627099409,97.432594,345.47498,19.228617
1582627099418,98.44828,346.2656,19.404564
1582627099428,98.995544,346.37042,20.55138
1582627099438,98.77631,345.5333,21.444565
1582627099448,97.801315,344.31833,21.146948
1582627099458,97.43693,344.06366,18.177137
1582627099468,97.511406,344.15015,16.533756
1582627099479,98.44974,344.7843,16.082676
1582627099489,99.24446,345.4171,15.985344
1582627099498,100.30035,346.20755,17.023197
1582627099511,101.30898,347.26492,17.450272
1582627099517,103.25776,349.81055,15.757122
1582627099527,107.40338,353.9126,13.65117
1582627099538,111.24491,358.05338,12.104694
1582627099548,114.68803,1.63912,10.784946
1582627099560,117.432274,4.4506364,9.731582
1582627099568,119.61284,6.6402884,8.487685
1582627099578,121.725586,7.8650594,6.4512486
1582627099587,124.419945,8.9102955,3.0509312
1582627099598,128.07037,10.350988,359.4766
1582627099609,130.12701,11.373959,357.29257
1582627099617,129.82419,11.4046335,356.8423
1582627099627,128.18953,10.837268,357.3969
1582627099637,125.19453,9.511738,358.42752
1582627099648,121.9623,7.4962463,359.86353
1582627099660,116.195175,4.1008396,2.2433774
1582627099669,112.28069,1.1091526,3.9983056
1582627099680,108.40275,357.94363,4.69513
1582627099691,103.552635,353.95667,4.5500097
1582627099698,97.89435,349.3703,4.2801433
1582627099708,91.64844,344.8931,3.079678
1582627099718,85.41394,340.7556,2.050306
1582627099728,78.76383,337.00647,0.86860543
1582627099740,72.55185,334.11313,358.88147
1582627099748,65.36401,332.1588,355.3525
1582627099759,58.360775,331.22964,351.44437
1582627099768,48.73177,329.62888,347.01923
1582627099778,38.9763,328.26428,343.12952
1582627099790,36.22145,328.5722,341.7333
1582627099799,43.427887,330.46844,344.0049
1582627099809,56.05745,333.94708,348.20844
1582627099818,66.62451,337.54172,351.93158
1582627099827,73.310265,340.61392,353.04306
1582627099841,79.457535,343.5142,353.2846
1582627099847,82.624,345.49335,352.59702
1582627099858,85.737366,347.09552,351.29337
1582627099867,89.43007,348.91562,349.64426
1582627099877,91.96836,350.08328,349.6106
1582627099889,95.29218,351.39026,350.82385
1582627099897,97.86575,352.3683,353.08878
1582627099908,98.423904,353.08432,357.72333
1582627099917,98.72338,353.8255,2.2701402
1582627099927,100.32819,354.8901,4.911168
1582627099939,100.55535,355.31927,6.221268
1582627099948,100.33685,355.1411,5.4831166
1582627099959,101.26453,355.43347,2.7340777
1582627099968,101.60487,355.5448,359.19287
1582627099979,101.83647,354.9358,354.62753
1582627099991,102.82916,354.2391,350.23404
1582627099998,105.68818,354.80936,347.7986
1582627100008,107.83089,356.24844,348.5771
1582627100019,111.80731,0.26279417,353.53506
1582627100029,112.98112,2.906905,358.23422
1582627100039,111.773346,3.9692078,2.789836
1582627100048,110.82036,3.7434375,5.4740553
1582627100059,110.259796,2.5552473,4.3524
1582627100069,110.82823,1.3239297,0.06473546
1582627100078,111.43421,0.12196914,355.41388
1582627100090,110.91891,358.72226,351.95023
1582627100099,110.10574,357.74786,351.1549
1582627100108,108.84932,357.155,351.8561
1582627100118,105.55691,355.77838,354.10675
1582627100128,101.667725,353.50394,357.3032
1582627100140,97.008606,350.62933,0.5145012
1582627100148,92.64503,347.5011,2.3372977
1582627100159,88.9675,343.88202,4.5191684
1582627100168,86.54927,340.89645,6.3517504
1582627100177,84.67321,338.67447,7.8690424
1582627100189,83.58489,336.81882,9.429074
1582627100198,83.355484,335.15417,11.502312
1582627100207,83.558235,334.40103,13.710082
1582627100217,84.211876,333.7455,15.701022
1582627100227,85.26257,333.64343,17.072918
1582627100239,86.178185,334.82135,16.302929
1582627100248,87.33821,336.61267,14.68273
1582627100258,89.150276,338.4034,14.729818
1582627100269,92.47573,340.90326,15.983914
1582627100278,95.29832,343.9858,15.16629
1582627100290,97.14829,345.769,14.453013
1582627100298,100.15024,348.42792,12.843747
1582627100310,102.764175,350.565,11.871246
1582627100321,105.10856,352.34085,12.296719
1582627100328,106.42432,353.66943,13.012801
1582627100339,107.255005,354.11395,13.605901
1582627100350,106.36048,353.1623,14.334834
1582627100359,105.04062,351.69217,14.999049
1582627100370,104.2113,350.1959,15.869435
1582627100378,102.627174,348.0666,17.423454
1582627100388,102.36567,347.3877,18.365099
1582627100398,102.87831,348.26154,16.987267
1582627100407,104.34825,349.67242,15.137055
1582627100420,106.22269,351.28433,11.470604
1582627100427,108.00008,352.76498,8.1578865
1582627100438,109.994934,354.20947,6.0867677
1582627100447,111.60782,356.1704,5.258431
1582627100457,113.20899,358.2436,5.870862
1582627100468,113.022995,359.7473,8.533944
1582627100477,111.51159,0.6205633,13.455832
1582627100489,109.93052,0.4201495,17.730385
1582627100497,107.64064,358.81873,20.417353
1582627100507,105.964676,356.66125,21.166912
1582627100519,103.93517,354.16434,17.241737
1582627100527,104.091995,353.1576,9.585247
1582627100538,104.806,353.22794,3.5373461
1582627100548,106.73056,354.77136,0.3074748
1582627100559,110.48894,356.97452,358.197
1582627100571,110.3141,357.74838,358.9587
1582627100579,108.73589,357.6391,1.7351764
1582627100588,106.85492,357.32977,3.745268
1582627100599,105.64595,356.97952,5.2317834
1582627100608,103.68138,356.11588,6.120807
1582627100620,101.54407,355.03055,6.47651
1582627100629,99.64939,353.69275,5.9753313
1582627100638,97.267395,352.38522,4.60648
1582627100651,94.55475,350.98697,2.2029712
1582627100659,91.75151,349.57718,0.2746808
1582627100668,89.012794,348.08066,359.34192
1582627100679,84.04734,345.09586,358.70865
1582627100689,80.12515,343.20547,357.46143
1582627100698,77.44428,342.13635,355.84833
1582627100708,73.88521,340.78986,354.70023
1582627100720,70.96538,339.77353,353.5467
1582627100728,68.97975,339.21133,352.65402
1582627100738,69.665634,340.1061,351.61276
1582627100747,71.99764,341.78146,350.8614
1582627100758,77.13214,344.29987,352.18207
1582627100769,83.16854,347.09418,354.08804
1582627100777,88.58262,350.23227,355.2081
1582627100788,93.832016,352.98987,355.71252
1582627100797,96.158264,354.38583,356.1674
1582627100808,97.68952,355.42114,357.6465
1582627100820,99.219124,356.671,359.26266
1582627100826,100.04966,357.43478,0.5106946
1582627100839,100.437256,357.7599,1.4487731
1582627100848,99.70232,357.45053,2.0706298
1582627100858,99.070755,357.00943,2.4152234
1582627100870,98.807175,356.74292,2.7682827
1582627100878,99.240105,356.79932,2.449897
1582627100889,99.9046,356.7613,0.914149
1582627100898,98.43578,355.53772,358.6639
1582627100908,96.48381,353.92368,356.16922
1582627100919,93.86731,352.22302,352.54407
1582627100928,95.05469,352.7543,351.2959
1582627100940,100.96789,356.03552,354.4602
1582627100949,104.28269,359.35452,0.6191238
1582627100958,105.10155,1.2338105,4.9771256
1582627100970,105.148895,2.708731,9.551824
1582627100978,105.441444,2.9205492,10.58442
1582627100989,107.40099,3.7182713,7.55558
1582627100997,111.658066,4.407585,0.84317774
1582627101008,116.47027,4.211005,353.87674
1582627101020,121.26457,3.6283357,347.81104
1582627101028,125.14859,3.5094109,344.58688
1582627101039,124.23378,3.1879103,344.90115
1582627101050,116.85523,1.8684877,348.8056
1582627101058,108.25741,359.4645,354.78217
1582627101070,102.46936,356.59143,359.72998
1582627101077,97.22443,352.88412,3.4410443
1582627101087,92.12749,348.43924,6.3645983
1582627101097,87.62803,343.98138,7.629176
1582627101108,82.951485,339.79535,7.6021347
1582627101120,77.75134,335.37772,6.9389105
1582627101127,73.89379,331.11227,7.653716
1582627101139,70.41114,325.357,9.990409
1582627101150,71.91084,319.95163,17.270838
1582627101159,71.3336,316.81155,19.446123
1582627101169,69.675186,315.41812,18.48362
1582627101177,68.244194,316.17368,16.438948
1582627101189,67.993484,320.22073,12.880227
1582627101200,73.99003,328.98825,10.71029
1582627101208,82.3039,337.01315,10.043512
1582627101219,90.651855,343.74564,11.172782
1582627101228,96.13927,348.6066,11.263581
1582627101238,99.15238,351.20734,11.589454
1582627101249,102.0469,353.7505,11.697424
1582627101259,103.30152,355.1227,12.187365
1582627101272,103.49156,355.21423,13.685438
1582627101278,102.85917,354.3934,15.062256
1582627101288,101.20355,352.29483,17.275835
1582627101302,98.70941,349.58017,17.949408
1582627101307,96.886154,346.78296,18.340786
1582627101317,95.47601,345.0647,18.803108
1582627101327,94.29305,344.0836,18.229435
1582627101338,95.40358,345.40158,16.287605
1582627101348,97.52374,348.43185,12.515052
1582627101357,101.3198,351.99466,8.702555
1582627101367,105.09413,355.41513,7.234964
1582627101377,108.45716,358.53226,7.275621
1582627101387,111.35229,1.6738789,7.266702
1582627101399,113.84801,4.6243806,7.79391
1582627101407,114.72266,7.183642,10.294317
1582627101419,113.65831,8.732723,14.149641
1582627101427,112.52264,9.527285,16.948689
1582627101439,112.51825,9.376656,16.289534
1582627101449,113.83538,8.490036,12.388844
1582627101458,114.98931,5.69706,5.236741
1582627101469,114.94074,1.7846471,357.75977
1582627101479,114.92017,0.70645976,355.27
1582627101488,115.60949,0.88468,354.27145
1582627101498,113.31393,0.99506915,355.98618
1582627101508,109.061874,0.3517048,0.24408594
1582627101521,105.81547,359.43314,3.403373
1582627101528,102.88055,358.38147,5.5495887
1582627101538,101.0786,357.30228,6.6549616
1582627101549,98.392784,355.67834,7.264252
1582627101559,95.218994,353.61963,6.589124
1582627101570,92.81814,352.04407,5.380742
1582627101578,91.5213,351.13135,4.4539375
1582627101588,89.39939,349.86404,3.2338645
1582627101600,88.0785,349.15204,2.605749
1582627101608,86.66325,348.308,3.3792794
1582627101618,84.35819,347.04327,4.4317126
1582627101627,82.999626,345.81253,5.508925
1582627101637,81.087036,344.44287,5.361163
1582627101650,78.4684,342.84744,4.26716
1582627101657,74.79466,341.32773,2.2753122
1582627101667,71.3138,339.92554,359.95276
1582627101677,69.519936,339.35648,358.72714
1582627101687,66.847275,338.9373,355.8753
1582627101699,68.867836,339.79263,356.1172
1582627101707,73.2065,342.6067,356.0197
1582627101717,79.91925,346.28745,357.1131
1582627101730,86.51586,350.0438,359.07297
1582627101739,93.24047,354.35965,0.35406643
1582627101750,97.19024,357.25687,1.2266707
1582627101758,100.379036,359.29807,0.22587107
1582627101769,102.90514,0.72761935,358.84576
1582627101780,103.87132,1.3174521,358.03778
1582627101788,101.51314,0.05560561,359.16083
1582627101799,99.91762,358.9477,0.93669266
1582627101808,99.33699,358.6145,1.9618529
1582627101818,99.88065,358.97076,1.488397
1582627101830,101.21638,359.53464,358.3015
1582627101838,100.54754,358.82568,355.55997
1582627101849,97.204765,356.34534,352.3037
1582627101858,96.038574,355.99646,352.5019
1582627101868,96.34374,356.23248,354.53076
1582627101879,98.78589,358.58145,359.0756
1582627101888,100.47196,1.0759398,4.058908
1582627101899,101.69621,2.767141,6.9413967
1582627101908,102.887505,4.0037255,6.9466915
1582627101917,104.40885,4.563409,4.467035
1582627101930,106.08622,4.3514504,359.5042
1582627101938,109.01542,3.9619985,353.85663
1582627101949,111.582245,3.0583315,348.51514
1582627101957,113.76294,2.2378476,344.73288
1582627101967,112.47867,1.1231081,344.13797
1582627101980,105.96063,359.31247,346.75516
1582627101987,100.74147,357.38095,351.41843
1582627102000,95.44633,354.87305,356.29758
1582627102007,91.60035,351.90906,0.16539772
1582627102016,87.93506,348.49078,2.501125
1582627102030,82.732,343.90738,2.8321512
1582627102039,77.662346,340.008,1.7888438
1582627102048,71.16389,336.04538,359.4152
1582627102058,61.882362,329.7135,357.01282
1582627102068,54.490124,324.80823,354.95804
1582627102081,49.645393,319.76254,354.83588
1582627102090,49.651024,315.43085,358.0609
1582627102098,53.75584,311.8918,3.918327
1582627102108,58.49336,310.6908,9.440702
1582627102118,61.92066,312.80026,11.625607
1582627102131,67.766335,318.38187,12.969357
1582627102138,77.119,327.38297,15.396122
1582627102147,83.92493,333.99496,16.998417
1582627102160,90.37791,341.4161,15.583007
1582627102169,97.347145,348.6005,13.802668
1582627102179,101.54683,352.3122,11.7059145
1582627102187,104.43127,354.47897,9.376985
1582627102198,106.3934,355.53223,8.617093
1582627102207,105.77211,354.98526,9.079643
1582627102217,104.14211,353.25873,11.028078
1582627102229,102.430916,350.88303,13.270586
1582627102238,100.57421,348.5507,16.330164
1582627102249,99.16994,346.24585,17.97185
1582627102257,97.71547,345.32764,18.56184
1582627102267,97.31461,345.42358,17.916624
1582627102278,97.2988,345.86627,16.383905
1582627102287,96.35535,346.0403,13.542377
1582627102298,95.15988,346.1927,8.911878
1582627102306,94.2409,346.7479,4.508813
1582627102317,95.642876,348.53876,2.0787199
1582627102329,99.00239,351.69122,2.1088042
1582627102338,103.025665,355.2362,3.7903802
1582627102348,106.69361,359.15094,6.976877
1582627102361,106.94414,0.93011415,9.740784
1582627102368,107.37966,2.1846468,12.810955
1582627102379,107.11541,1.5761621,12.211799
1582627102389,106.644035,0.22703691,9.257289
1582627102398,105.91699,358.39914,5.7380323
1582627102410,105.91573,357.4409,2.2718337
1582627102418,107.948,358.19565,0.6327665
1582627102429,108.325424,358.63602,0.5807394
1582627102439,107.46129,358.34903,1.6742982
1582627102449,105.954605,357.81137,2.6437006
1582627102460,104.897255,357.85046,3.4659476
1582627102469,103.82395,357.7509,3.9116507
1582627102480,102.53157,357.5806,4.233466
1582627102488,101.34265,357.07935,4.3767543
1582627102497,99.17687,355.97662,4.4966826
1582627102510,96.79319,354.47754,4.1458325
1582627102517,94.390625,353.0557,3.8704274
1582627102528,91.84118,351.5357,3.9294984
1582627102537,89.98684,350.0073,4.0809565
1582627102548,87.93523,348.6721,3.4394486
1582627102558,86.62733,347.5861,2.6462216
1582627102567,83.96646,345.99515,1.5784708
1582627102579,80.83506,344.31354,359.0675
1582627102587,76.611176,342.7839,355.50867
1582627102597,72.57411,341.7878,352.01364
1582627102610,66.58101,340.6156,347.24747
1582627102618,63.838867,340.03445,345.89087
1582627102629,65.06961,341.03177,344.44482
1582627102640,67.7158,342.43497,344.54807
1582627102649,75.722855,345.14737,345.7769
1582627102660,85.269966,348.70514,347.84616
1582627102668,91.65711,351.57224,349.78094
1582627102680,98.10812,355.06277,352.5723
1582627102688,100.73783,357.06973,354.32956
1582627102699,101.363556,357.58707,356.0043
1582627102714,100.16627,356.85226,358.421
1582627102718,99.54825,355.945,359.69458
1582627102728,99.011635,355.52875,1.0262668
1582627102738,98.8342,355.80133,1.6352557
1582627102748,99.350136,355.94882,1.4689655
1582627102760,99.043396,355.06586,359.96066
1582627102768,98.36607,354.28104,358.5488
1582627102778,98.476204,354.05878,357.98846
1582627102787,99.5937,355.30777,0.9558295
1582627102798,101.320244,357.43585,5.2991996
1582627102810,102.503624,359.26675,8.579388
1582627102818,103.0737,0.07313377,11.451282
1582627102828,104.07465,0.9219634,11.721481
1582627102837,105.79361,2.097062,8.543958
1582627102848,109.73002,2.9806154,1.3257259
1582627102857,114.101326,2.4319806,352.3678
1582627102867,117.50155,0.82693374,345.5336
1582627102877,119.38765,359.94913,342.0381
1582627102887,117.03224,359.04587,341.57422
1582627102898,112.1337,357.94363,343.54544
1582627102909,105.99612,356.4063,347.19788
1582627102920,98.560036,353.35092,352.91025
1582627102928,93.85309,350.55865,356.05432
1582627102941,88.34156,346.18228,359.58246
1582627102948,85.30839,343.52396,0.86676794
1582627102960,81.33883,339.75934,1.6562146
1582627102969,76.876915,336.7574,0.1019538
1582627102978,73.16578,333.85568,0.11201141
1582627102990,68.45866,330.32675,359.5972
1582627103000,64.61658,328.2359,357.95093
1582627103008,62.733116,327.1846,356.4598
1582627103019,58.03523,325.64908,353.68744
1582627103030,54.88493,324.3294,352.08078
1582627103038,52.965054,323.7694,350.89294
1582627103048,54.237457,324.26968,351.18048
1582627103060,59.564304,327.62854,351.12805
1582627103068,72.12242,332.39053,355.34216
1582627103077,85.63917,338.71478,0.40222126
1582627103090,95.204124,344.90024,4.172296
1582627103097,100.000854,348.32166,8.617506
1582627103108,101.916435,349.4983,11.296556
1582627103118,102.60814,349.72986,12.303773
1582627103127,103.42193,349.74878,13.028605
1582627103140,101.655754,347.3942,14.552923
1582627103147,98.68994,343.19824,16.521482
1582627103159,96.531006,339.6224,18.592434
1582627103167,95.02351,337.45584,19.10607
1582627103177,95.81233,338.4174,18.417477
1582627103190,97.5543,340.7188,18.336071
1582627103197,98.852585,342.56113,18.624523
1582627103207,100.08952,343.96252,18.61846
1582627103218,100.006676,344.31314,18.020535
1582627103229,99.16329,344.22052,16.06812
1582627103239,99.28947,345.32123,12.250399
1582627103248,101.161476,347.45456,9.800593
1582627103258,105.74829,351.88577,7.914375
1582627103268,108.04825,354.6735,8.396751
1582627103279,110.33145,357.5521,10.438668
1582627103290,110.54087,359.17975,12.708665
1582627103298,110.75719,359.85318,13.732278
1582627103309,110.70783,359.6914,12.769204
1582627103319,110.87008,358.97705,9.405317
1582627103328,110.90385,358.32025,6.592624
1582627103339,111.66942,358.04965,3.3169754
1582627103348,112.724815,358.38107,1.8061765
1582627103359,112.80211,358.5671,1.241626
1582627103368,111.49026,357.8444,1.7882067
1582627103378,110.07906,357.15262,2.7843943
1582627103389,107.61169,356.14478,5.1658497
1582627103397,105.32858,355.04343,7.398385
1582627103407,102.48768,353.2079,7.782315
1582627103417,100.70365,352.07077,7.5506787
1582627103427,97.95851,350.03876,7.834362
1582627103440,95.32397,348.28177,7.193627
1582627103447,92.53453,346.8795,4.878106
1582627103457,88.78292,345.18036,3.3411777
1582627103467,85.80251,343.2704,2.3221571
1582627103477,83.170425,342.03497,1.1200188
1582627103489,80.185135,340.77124,358.74216
1582627103497,76.70596,339.57434,356.48215
1582627103509,72.49455,338.43314,354.08337
1582627103521,67.09278,337.17728,351.2464
1582627103529,64.28557,336.58405,349.62378
1582627103538,64.745,336.28442,350.4651
1582627103548,68.3482,337.43982,352.48126
1582627103558,78.99894,342.99475,353.35272
1582627103570,87.14003,347.2448,353.52975
1582627103578,90.335236,349.10382,355.34424
1582627103588,94.8105,351.63806,357.54556
1582627103598,98.52634,354.0715,356.9211
1582627103609,101.627235,356.06067,355.42776
1582627103621,101.35632,355.68375,355.09808
1582627103628,99.962456,354.56265,355.0117
1582627103640,98.08166,353.49374,354.7541
1582627103649,97.39658,353.22516,355.05554
1582627103658,98.45899,353.45712,355.9046
1582627103672,97.821205,353.2164,357.19525
1582627103678,95.64756,351.86792,357.78226
1582627103688,93.28444,350.05887,356.70935
1582627103697,91.371574,349.27307,354.76096
1582627103707,92.40821,350.16565,354.01657
1582627103718,95.58331,352.01413,356.6211
1582627103727,98.160324,354.00592,0.6420233
1582627103738,99.35912,355.48584,3.3039541
1582627103747,100.24583,356.1992,4.1292605
1582627103760,101.05197,356.0355,2.514182
1582627103769,100.164635,354.7943,357.63232
1582627103776,99.47329,352.81476,349.1602
1582627103788,100.34352,351.6293,340.68658
1582627103796,105.01414,351.83005,336.5759
1582627103808,110.33504,353.04678,337.9254
1582627103819,106.666374,353.23752,341.78802
1582627103828,103.14129,353.2909,348.80566
1582627103838,100.49832,353.05725,356.0952
1582627103848,99.04438,352.24896,3.6551368
1582627103859,97.50772,350.73572,9.091893
1582627103869,95.793945,348.65668,12.814908
1582627103878,94.24738,346.72864,14.457866
1582627103888,92.53642,344.56085,14.561758
1582627103898,89.19781,340.67432,13.725315
1582627103908,86.60077,337.91556,12.778793
1582627103920,82.86097,334.2888,11.669537
1582627103929,80.02584,331.4018,11.577326
1582627103938,80.26819,330.74716,12.500987
1582627103949,81.93053,331.56818,12.091894
1582627103957,85.621895,333.49164,13.468767
1582627103970,89.30322,335.55862,15.483167
1582627103978,93.43707,338.6176,16.218178
1582627103990,97.17796,341.77423,15.894431
1582627103997,100.16143,344.72107,13.843745
1582627104008,103.838875,347.72925,11.777441
1582627104020,106.63929,349.878,11.270829
1582627104027,108.53566,351.5127,11.969812
1582627104038,108.98529,352.2203,14.080899
1582627104047,108.08521,351.5407,16.467993
1582627104057,106.783646,350.04346,19.420343
1582627104069,104.80921,346.88867,23.591795
1582627104077,103.06074,343.59222,25.918245
1582627104087,101.82133,341.43738,25.947397
1582627104100,101.24638,340.61447,24.737572
1582627104109,100.77961,340.9333,22.521803
1582627104118,101.1757,341.78873,21.106298
1582627104128,102.14552,343.40796,18.39173
1582627104139,103.85796,345.53595,15.222179
1582627104152,106.296165,348.613,13.160091
1582627104159,109.89414,352.28223,12.49562
1582627104169,112.40064,355.62076,12.774408
1582627104179,115.07224,0.07267788,13.761623
1582627104189,116.40821,2.5373461,15.074266
1582627104200,116.45844,4.3038874,16.929094
1582627104209,116.831276,5.028089,17.409874
1582627104218,117.21128,4.540477,15.233301
1582627104228,117.017685,3.2660224,12.653358
1582627104240,116.945656,1.6196733,9.207716
1582627104251,117.68734,0.32624856,4.831127
1582627104258,118.69839,0.07430537,2.9611788
1582627104268,117.88935,359.9345,3.002744
1582627104277,116.256256,359.4929,4.151173
1582627104287,113.84292,358.965,5.6380105
1582627104301,111.70553,358.2475,6.767096
1582627104307,109.2954,356.7857,7.5097604
1582627104319,106.891235,355.32492,7.668989
1582627104327,104.50841,353.8022,7.2967124
1582627104337,102.40155,352.46677,6.30588
1582627104347,100.19617,350.99292,5.8089805
1582627104358,97.88789,349.5866,5.78158
1582627104369,95.645004,348.13263,5.6634636
1582627104376,93.3187,346.60806,4.9982185
1582627104386,89.52008,344.4864,3.857653
1582627104402,85.23882,341.93506,2.3857667
1582627104408,80.61081,339.13687,0.96877784
1582627104418,73.65593,335.0959,359.55566
1582627104428,65.12932,331.27377,356.3885
1582627104438,57.351425,329.52936,352.2494
1582627104450,54.885376,329.73288,349.74622
1582627104458,58.725555,332.62082,349.21588
1582627104469,66.81573,336.56552,348.95212
1582627104479,80.15433,342.40683,348.43756
1582627104489,89.89736,346.25458,349.62195
1582627104500,98.02418,349.85352,352.07455
1582627104510,103.55122,353.03864,354.41748
1582627104518,107.0391,355.42374,356.5326
1582627104528,107.80667,356.64902,358.26376
1582627104539,108.07456,357.7406,0.7809348
1582627104551,107.356636,357.38226,2.0232875
1582627104558,107.19755,357.25882,1.6886889
1582627104568,108.02046,357.38495,359.91104
1582627104577,108.5689,357.46475,357.76456
1582627104588,108.598175,356.625,355.3156
1582627104599,107.94039,355.7623,353.3358
1582627104607,108.11314,355.86542,353.8478
1582627104617,109.25629,357.4704,357.52475
1582627104628,110.75355,0.05737343,1.9163017
1582627104637,111.139175,1.7737573,5.6686864
1582627104649,110.55977,1.7055162,6.631706
1582627104657,111.75671,3.0083468,6.5404406
1582627104668,114.55052,3.2904527,1.8690635
1582627104678,119.01651,2.5605001,354.47797
1582627104687,122.98595,0.2821766,346.91983
1582627104699,129.13818,358.7707,340.70554
1582627104709,133.57045,358.44656,337.71472
1582627104718,130.24954,358.16165,338.28732
1582627104730,119.14847,356.8863,342.21838
1582627104739,109.29722,354.63733,346.99146
1582627104748,102.35974,352.47647,351.10104
1582627104759,95.5689,348.93448,356.3645
1582627104769,90.98085,345.6978,0.31905934
1582627104780,87.79669,343.00723,3.033408
1582627104788,85.19769,339.65674,6.4519997
1582627104800,84.21326,336.67184,10.958165
1582627104808,85.15494,335.145,16.021572
1582627104818,85.257355,334.04767,19.01266
1582627104830,86.49726,333.81494,21.34108
1582627104839,88.72681,334.21704,25.465899
1582627104848,86.662506,332.6757,22.878315
1582627104857,89.89854,336.88577,22.689991
1582627104868,89.19665,336.9498,19.763302
1582627104880,87.896,337.23227,15.348379
1582627104887,87.217094,337.85214,11.200172
1582627104899,89.39351,339.19073,10.253852
1582627104907,93.01734,341.95288,10.399532
1582627104917,98.05665,345.81424,10.227596
1582627104928,102.31749,349.49258,11.710469
1582627104939,103.968376,350.5164,13.326472
1582627104948,104.970215,351.49164,17.33997
1582627104957,104.69212,351.50113,19.892143
1582627104968,103.35278,349.2323,21.28891
1582627104979,100.86032,345.81253,21.10854
1582627104988,98.37463,342.9256,19.517387
1582627104999,96.58575,341.21545,17.248743
1582627105008,95.65696,340.3823,16.894407
1582627105018,94.53675,339.14337,17.48699
1582627105029,93.83632,338.2686,18.209272
1582627105038,93.491264,338.4869,16.53632
1582627105049,94.370544,340.52087,12.819151
1582627105058,96.43895,343.46027,9.530214
1582627105068,102.42377,348.54294,7.2053075
1582627105079,105.67253,351.8277,7.8735175
1582627105088,109.533585,356.00937,10.638704
1582627105098,111.64173,358.99075,13.043134
1582627105108,112.710075,0.63158554,14.334781
1582627105119,112.94127,1.4040405,14.788236
1582627105130,112.47674,359.92075,11.859898
1582627105137,113.100395,358.00815,6.656154
1582627105149,114.5372,356.82886,1.1039736
1582627105157,115.74632,355.99402,357.07712
1582627105168,116.615166,356.10916,356.08682
1582627105181,116.45418,357.0265,356.90363
1582627105188,115.51465,358.05057,359.78546
1582627105199,113.79442,358.4308,3.37405
1582627105207,112.771454,358.64557,6.2375135
1582627105217,110.956985,358.63538,8.871003
1582627105229,109.038864,358.2172,11.273655
1582627105237,106.922134,356.8533,12.849435
1582627105248,104.240074,354.55182,13.570569
1582627105256,101.301186,351.48523,12.502904
1582627105267,97.40467,347.62207,10.091801
1582627105279,91.125275,343.13055,6.85509
1582627105289,82.520454,338.36307,1.7513245
1582627105299,75.99059,334.74103,359.3007
1582627105310,66.38698,330.1058,356.5649
1582627105319,62.260815,327.29266,356.22638
1582627105328,62.49899,326.35178,357.28757
1582627105338,65.07999,328.11832,357.04727
1582627105348,70.85243,332.198,357.4266
1582627105361,79.73889,336.80408,358.47168
1582627105369,87.637024,341.47037,358.76492
1582627105379,93.90891,345.436,358.07544
1582627105390,99.12984,348.0819,357.49826
1582627105399,102.11636,349.7308,357.41312
1582627105411,106.33014,352.13687,356.47272
1582627105418,109.199905,353.83408,355.93832
1582627105428,110.04566,354.32294,356.35443
1582627105438,109.04272,353.88254,357.45343
1582627105448,108.16164,353.3072,358.20328
1582627105458,108.06357,353.3212,359.1879
1582627105468,108.62843,354.04712,359.5284
1582627105479,110.13811,355.18674,359.40842
1582627105488,110.75141,355.93155,358.98602
1582627105497,111.7741,356.34787,358.40485
1582627105508,111.331665,356.07516,357.5879
1582627105517,112.115265,356.9891,358.01218
1582627105529,111.71373,357.6419,0.26457262
1582627105537,111.08388,358.17685,3.2433085
1582627105547,111.458084,359.20993,5.355422
1582627105557,112.273254,0.213319,5.8475914
1582627105567,113.27376,0.20526601,4.9068627
1582627105581,114.55167,359.4497,359.36768
1582627105587,117.45028,358.24744,352.90964
1582627105599,123.18131,355.58197,343.1582
1582627105611,125.23099,353.70023,338.84863
1582627105618,122.20529,353.09018,339.21805
1582627105629,116.16895,353.34058,343.1608
1582627105638,107.854614,352.40417,349.9249
1582627105650,103.31181,351.90186,358.28268
1582627105659,100.93502,350.23608,3.8954396
1582627105668,97.80176,347.87622,8.566812
1582627105678,94.908356,345.24838,11.801804
1582627105688,92.03023,341.9071,13.386791
1582627105699,88.52789,337.94025,14.158299
1582627105708,85.5655,334.17288,15.42894
1582627105718,80.13854,327.87628,16.447586
1582627105728,76.6814,324.78043,15.736016
1582627105738,71.89576,322.83078,12.01045
1582627105747,70.69683,324.08847,9.065918
1582627105760,74.76192,327.81796,8.115244
1582627105767,80.14048,331.94058,8.458992
1582627105779,87.33366,336.22507,11.354814
1582627105787,93.53614,340.4942,13.889215
1582627105798,98.52417,344.21445,15.693335
1582627105809,102.0037,347.3327,16.47729
1582627105818,104.186195,349.81653,16.259398
1582627105828,106.27844,352.1249,15.39151
1582627105837,108.317535,353.6736,14.304165
1582627105847,109.275475,354.40363,14.499501
1582627105859,109.31142,353.91464,15.601852
1582627105867,108.094734,352.38986,18.198978
1582627105878,105.81061,349.38028,21.549072
1582627105888,103.62997,345.66174,24.375874
1582627105899,101.5785,341.7839,24.847658
1582627105908,100.30108,339.9204,24.324238
1582627105918,99.45696,338.95114,23.165745
1582627105928,99.791046,339.97437,20.537592
1582627105938,99.71497,341.02118,18.484966
1582627105947,100.385185,342.82068,13.911044
1582627105958,102.61431,345.27155,8.401203
1582627105969,107.84822,348.71732,3.9950006
1582627105978,112.24874,352.25546,4.213521
1582627105989,115.041084,356.07828,7.1886673
1582627105998,116.587875,359.68713,11.204438
1582627106009,116.59711,2.098904,14.714628
1582627106019,116.30342,4.0400825,19.180986
1582627106028,115.64871,3.7947502,20.138142
1582627106038,115.156784,1.867655,17.32807
1582627106048,115.55762,359.8133,11.523238
1582627106059,116.5352,357.8908,4.9027395
1582627106067,117.68393,356.38962,359.42206
1582627106078,118.79207,355.77692,356.26624
1582627106090,118.49561,354.9672,354.6414
1582627106097,116.13597,354.2389,355.0233
1582627106109,114.18286,353.86414,356.531
1582627106117,110.84251,353.012,358.61398
1582627106127,107.04725,351.78033,1.1512378
1582627106139,104.048325,350.40994,3.209069
1582627106147,101.76987,349.1425,4.5625224
1582627106159,99.605446,348.40927,5.086715
1582627106167,97.974205,347.65808,5.6881294
1582627106178,97.053314,347.38995,6.1774073
1582627106191,95.49415,346.82123,6.410825
1582627106199,95.20627,346.95795,5.6571555
1582627106209,93.85854,346.62454,3.2426283
1582627106218,91.35934,346.03317,0.85230833
1582627106228,88.217964,344.57895,359.28787
1582627106240,85.97417,343.5989,357.5359
1582627106248,85.18223,343.79266,355.9981
1582627106259,84.659,344.1701,354.32635
1582627106268,84.27331,344.15906,354.69708
1582627106279,85.88386,345.18286,354.82037
1582627106289,87.09771,345.97913,355.06924
1582627106298,90.051765,347.51248,353.3389
1582627106308,92.08895,348.76837,351.44937
1582627106318,95.72665,350.2166,349.4388
1582627106328,100.11108,351.7441,347.9408
1582627106342,102.921364,352.78168,347.4578
1582627106347,104.409004,353.44193,348.48087
1582627106358,102.68966,353.0928,350.32242
1582627106367,101.628456,352.96164,353.35944
1582627106377,103.06606,354.26904,355.76508
1582627106390,105.46753,355.91742,356.6457
1582627106397,106.9118,356.66205,356.09378
1582627106408,107.230934,356.391,354.4634
1582627106417,107.78669,356.39963,353.49307
1582627106427,108.91935,357.18777,354.6065
1582627106440,108.83958,358.24655,358.38297
1582627106448,109.07024,359.7206,3.0162098
1582627106458,109.442215,1.0180962,6.3957167
1582627106469,109.81474,1.7207366,7.8687286
1582627106479,110.47024,1.4544506,6.296282
1582627106490,112.5699,0.6092858,0.59834397
1582627106498,116.185585,359.30566,353.8906
1582627106508,121.77416,357.5432,345.65555
1582627106518,128.32059,356.03085,340.04346
1582627106529,124.89867,354.3332,339.808
1582627106539,117.06063,353.2566,342.61624
1582627106549,107.54728,352.04465,348.9224
1582627106558,103.48975,351.11603,353.2789
1582627106569,98.22242,348.84387,359.53433
1582627106581,94.74676,346.67468,2.743827
1582627106588,90.366035,343.02194,6.4383607
1582627106599,85.38967,337.69336,9.792568
1582627106608,81.37726,333.7588,10.666338
1582627106620,76.52598,328.68588,11.297403
1582627106627,71.62412,322.1866,12.66557
1582627106639,69.17165,318.33386,13.593474
1582627106649,67.77534,316.9862,13.231572
1582627106658,69.29895,317.76627,13.993569
1582627106667,70.472786,319.1839,13.5195875
1582627106677,71.715836,320.8997,12.688799
1582627106689,75.078094,323.7763,12.840223
1582627106698,79.5847,327.33002,13.013149
1582627106707,85.85007,332.0589,13.898809
1582627106717,92.72332,337.1228,16.616571
1582627106727,98.613335,342.0953,19.2189
1582627106739,103.0014,346.63516,21.140232
1582627106746,105.76922,350.2645,22.54969
1582627106757,108.10431,352.47693,23.455486
1582627106771,108.86124,353.25076,25.782488
1582627106779,107.88585,351.02606,29.828444
1582627106789,106.0903,346.91595,33.77777
1582627106799,105.19801,344.17184,35.11401
1582627106808,105.245804,343.71194,35.008575
1582627106820,105.89776,344.8763,33.47827
1582627106829,107.078285,346.72058,31.27487
1582627106838,108.40444,348.8959,27.957203
1582627106848,109.82352,350.58533,24.832512
1582627106859,111.976425,352.87354,20.494469
1582627106869,114.37009,355.1302,17.33052
1582627106878,116.64052,357.41635,15.56136
1582627106889,118.88519,0.30315742,15.263208
1582627106899,119.08428,1.8837119,16.537863
1582627106910,118.811356,2.6041698,17.606392
1582627106920,118.35379,2.7509007,17.122974
1582627106928,118.68784,2.5865464,14.735465
1582627106939,118.92929,1.4159088,11.24923
1582627106947,119.779785,0.3019661,7.1506977
1582627106958,121.52133,359.50247,3.2093954
1582627106970,121.98059,358.89026,0.7456358
1582627106977,121.4474,358.20184,359.5216
1582627106988,118.988396,357.4563,359.20508
1582627106998,116.33529,356.76245,359.7644
1582627107007,113.171234,355.91788,0.5692721
1582627107020,110.100876,355.15668,1.5682422
1582627107029,106.344925,353.7103,2.5983403
1582627107038,101.1946,351.79156,3.5700989
1582627107046,96.49883,349.57257,3.8260577
1582627107058,92.02635,347.3781,3.6808722
1582627107070,88.073326,345.31644,3.1658947
1582627107080,85.49248,344.09857,3.1559055
1582627107089,84.94408,343.73053,3.552046
1582627107098,84.90456,343.4046,4.7971015
1582627107108,85.295364,342.80655,7.071737
1582627107119,88.03382,343.6711,9.224558
1582627107129,81.05931,339.63562,4.6314745
1582627107138,73.63007,336.79587,359.2866
1582627107147,71.32021,336.40588,356.82797
1582627107158,74.57438,338.49432,355.12213
1582627107171,83.13482,343.15927,351.51013
1582627107178,91.402855,346.15607,351.61383
1582627107188,98.49373,349.16342,354.13147
1582627107198,103.11037,351.7778,354.56558
1582627107209,108.80187,354.72223,355.16205
1582627107220,112.2278,356.86606,354.6835
1582627107227,114.39492,358.41083,354.25174
1582627107238,113.66004,358.79376,354.74628
1582627107248,110.076126,357.57867,356.15295
1582627107259,106.11341,355.8322,357.6124
1582627107269,102.469894,353.9296,358.00327
1582627107277,100.22659,352.46872,356.4185
1582627107287,98.07829,351.203,353.32373
1582627107298,94.76699,349.48575,348.7421
1582627107307,90.07269,347.8391,344.50266
1582627107319,88.66775,347.25702,342.8528
1582627107327,93.09468,348.39908,345.66602
1582627107337,100.71416,351.70572,352.52963
1582627107347,105.53084,355.5183,359.01196
1582627107358,108.0666,358.1269,3.3071973
1582627107369,108.39163,358.97055,5.5244365
1582627107378,109.491104,358.76794,3.6395392
1582627107388,112.03981,358.17587,357.42474
1582627107400,114.37597,356.49432,350.25476
1582627107410,115.19072,354.65778,344.89786
1582627107420,113.339775,353.918,344.12582
1582627107428,110.66181,353.38013,345.4654
1582627107439,106.016655,352.72903,349.8561
1582627107449,101.45698,351.36365,355.56787
1582627107458,97.374916,349.32278,0.55033445
1582627107470,93.32065,345.8535,5.0761576
1582627107478,89.87217,342.67517,6.5197067
1582627107489,87.050766,340.36508,5.6556406
1582627107501,82.13259,338.2406,0.31390694
1582627107509,75.30561,336.69855,354.28766
1582627107518,66.58774,335.02023,348.8341
1582627107527,56.09838,333.4628,343.68802
1582627107538,44.40838,331.33704,340.4453
1582627107550,34.927227,328.45056,338.90878
1582627107557,33.33286,324.43045,340.66205
1582627107568,44.15036,321.02264,348.40698
1582627107578,65.90668,322.40854,3.1436892
1582627107587,86.708565,331.0989,15.54958
1582627107601,100.04905,341.3634,21.87914
1582627107607,107.09764,349.12018,26.046837
1582627107619,110.855865,353.67108,28.273798
1582627107627,112.92713,356.54712,30.152304
1582627107637,114.239006,358.37332,31.851946
1582627107647,114.64967,358.6649,33.507168
1582627107658,114.36484,357.58932,34.736744
1582627107668,113.96208,355.29147,36.43323
1582627107678,112.18207,350.6074,39.19058
1582627107688,111.5501,347.3363,40.021187
1582627107701,110.16218,343.2375,38.79809
1582627107709,109.759,342.2971,36.555996
1582627107719,110.28945,342.9657,34.239334
1582627107728,110.97619,344.61716,31.598934
1582627107739,112.4892,346.45886,29.925596
1582627107748,113.24167,348.03574,27.771587
1582627107758,114.59566,350.20404,24.367975
1582627107768,116.95596,353.04608,20.516712
1582627107779,119.71151,356.01474,16.985693
1582627107788,122.11329,358.44046,14.444865
1582627107798,123.65914,1.1065729,13.2116585
1582627107807,125.00466,3.5417855,13.825493
1582627107818,124.88615,4.5025525,14.424272
1582627107828,124.43337,4.5429373,14.59261
1582627107837,123.853935,3.2513642,13.8654785
1582627107849,123.19844,1.3010466,11.136333
1582627107857,123.876175,359.27243,6.3661404
1582627107867,125.86386,358.1314,0.71279687
1582627107877,127.961365,356.9331,356.33768
1582627107888,128.64124,356.13928,353.94272
1582627107900,127.35207,355.78918,353.838
1582627107907,124.97421,355.8179,355.2659
1582627107917,121.89539,355.7886,357.63785
1582627107927,118.97828,355.55902,0.51030225
1582627107937,115.02242,354.71637,3.8267245
1582627107950,111.79391,353.35358,6.7169356
1582627107958,108.68827,351.45404,8.497729
1582627107969,105.90828,349.2865,7.682335
1582627107982,102.34926,346.4502,5.940763
1582627107988,97.73751,343.35034,3.613701
1582627107999,93.07631,340.54572,2.4912465
1582627108008,84.33242,335.80234,0.5821526
1582627108019,77.91708,332.51184,358.80353
1582627108031,73.02024,330.57144,356.42557
1582627108038,70.778366,330.12445,355.55392
1582627108049,70.40078,329.42352,356.18726
1582627108058,71.50603,330.90134,355.8753
1582627108068,78.115555,334.86005,354.9509
1582627108081,86.03135,339.13846,354.4005
1582627108088,93.04821,342.5351,354.21118
1582627108099,101.762474,347.222,355.45
1582627108108,106.012566,349.9886,355.44284
1582627108117,109.93772,352.62082,356.41165
1582627108131,113.07411,354.9396,356.3801
1582627108138,116.09319,356.521,356.28214
1582627108148,115.851265,356.80493,356.10037
1582627108157,114.755714,356.2331,356.57465
1582627108167,113.50805,355.7133,357.3247
1582627108181,111.56787,354.95822,358.59973
1582627108187,111.23467,354.64105,359.2594
1582627108197,111.70972,354.50613,358.42484
1582627108207,111.63435,353.80615,356.2446
1582627108217,110.15198,352.34732,353.89166
1582627108230,110.10108,351.5496,351.8919
1582627108237,111.431206,352.13025,351.63416
1582627108249,112.10895,353.7384,355.37756
1582627108258,112.449425,354.77045,358.8245
1582627108269,112.45237,355.17294,0.71761113
1582627108281,111.34782,354.7143,0.95066553
1582627108288,112.469284,354.24954,357.90866
1582627108299,118.844826,354.09198,347.86737
1582627108308,134.27087,353.57483,337.72406
1582627108319,153.30754,352.911,331.45505
1582627108331,162.06448,353.58475,329.8175
1582627108339,151.70769,354.47058,332.4029
1582627108348,137.95451,355.01746,336.86972
1582627108359,122.05633,355.0393,346.19452
1582627108370,113.24995,353.9908,353.67285
1582627108379,108.02139,352.0473,0.121366926
1582627108388,102.69226,348.96863,5.4970136
1582627108398,98.752716,345.42276,9.173887
1582627108408,95.487114,341.64334,11.951601
1582627108418,91.92419,337.54648,13.929087
1582627108430,88.559715,333.5296,15.161191
1582627108438,85.80578,330.53937,15.259404
1582627108449,83.90178,328.54825,15.212796
1582627108458,82.63478,326.82452,15.61038
1582627108467,82.88251,326.02585,16.759907
1582627108479,84.71037,327.0902,17.748064
1582627108487,89.677956,330.57425,20.37444
1582627108498,94.79041,335.3514,22.336555
1582627108507,99.61818,340.33698,23.143284
1582627108516,103.23314,344.32797,23.807384
1582627108529,106.45402,347.58865,23.887505
1582627108538,108.58571,350.4506,23.403042
1582627108549,110.70683,352.4676,22.35419
1582627108562,112.35266,354.17047,22.533712
1582627108569,112.59108,354.4772,23.534887
1582627108579,112.572426,353.8983,24.779554
1582627108587,112.0445,352.49545,25.179834
1582627108599,110.58156,349.24054,24.966906
1582627108611,108.32147,346.0078,23.737345
1582627108618,106.894455,343.59354,22.759275
1582627108629,105.59135,341.96942,22.444798
1582627108638,104.78375,340.84366,22.5191
1582627108648,104.3392,340.58282,22.656794
1582627108661,104.04739,341.16788,20.78211
1582627108669,104.664154,343.1239,15.457326
1582627108681,107.70124,346.51416,10.641717
1582627108688,113.00605,351.0224,7.693346
1582627108697,118.272964,356.23676,7.725814
1582627108711,120.66267,0.16207062,9.119329
1582627108717,120.93052,2.944309,12.192245
1582627108729,120.18289,4.6248918,15.680803
1582627108738,119.72685,5.483843,17.339378
1582627108747,119.65037,5.160286,16.356709
1582627108759,119.58381,3.2869973,12.840116
1582627108767,120.086555,0.7495122,7.0564485
1582627108778,120.09687,358.20438,0.86876637
1582627108788,121.08966,356.7195,355.83698
1582627108797,123.44524,356.79004,352.20175
1582627108809,124.47001,356.75565,350.5937
1582627108817,120.86039,355.61258,351.49063
1582627108828,116.14737,354.25485,354.35712
1582627108839,111.63085,353.28876,359.17383
1582627108848,110.01327,353.57883,2.1415443
1582627108858,109.19155,354.02014,5.037878
1582627108868,108.091606,353.96512,6.689563
1582627108879,106.45658,353.03046,7.425404
1582627108888,103.97113,351.4828,7.280356
1582627108899,101.04413,349.1161,5.516083
1582627108909,96.9749,346.59644,3.9509532
1582627108918,93.04825,344.1268,3.396274
1582627108928,88.918,341.46286,3.468858
1582627108939,87.25698,340.3609,4.096963
1582627108949,87.155106,340.4262,4.2116156
1582627108958,86.79436,340.7333,4.4634542
1582627108968,85.1441,340.16553,2.4948657
1582627108979,83.93055,339.45377,2.2942555
1582627108988,83.791336,339.4272,0.9582117
1582627108998,82.759224,339.93097,358.43677
1582627109010,83.57321,340.71075,356.81522
1582627109017,84.549164,341.29257,356.7475
1582627109027,86.510185,342.81335,355.67886
1582627109038,90.29532,345.2767,354.29105
1582627109047,93.23019,347.09863,354.506
1582627109059,96.934944,348.94293,356.03732
1582627109067,99.369156,350.72266,357.35196
1582627109077,101.655266,352.07077,357.59763
1582627109087,101.83689,352.47626,358.0186
1582627109097,100.79021,351.59192,358.24136
1582627109109,98.329796,349.93784,357.65997
1582627109118,97.10125,348.8847,355.89966
1582627109128,97.695984,349.14255,353.40833
1582627109142,97.75144,349.41888,351.71912
1582627109148,98.35876,349.55518,350.49
1582627109159,99.39265,350.1659,349.54947
1582627109168,102.33762,351.58734,350.82523
1582627109179,105.84936,354.2933,353.5437
1582627109190,108.14376,356.6055,356.34793
1582627109198,110.75506,359.6484,0.34730655
1582627109209,110.9654,0.5715686,1.8919076
1582627109218,111.531784,0.42860013,1.1383779
1582627109228,112.437416,359.63303,358.1863
1582627109240,116.10887,358.5719,350.6384
1582627109248,118.92516,357.72424,346.34198
1582627109258,120.08804,356.764,343.77087
1582627109268,116.93317,355.4849,344.2574
1582627109279,109.01751,353.46704,348.8165
1582627109290,104.813034,352.06696,354.05505
1582627109298,102.55518,351.24323,358.34088
1582627109308,100.012596,349.93472,1.2100818
1582627109317,97.01207,347.6913,3.183172
1582627109327,93.533646,344.98468,5.030353
1582627109341,90.76116,342.47897,6.1890244
1582627109347,88.62047,339.85425,7.374418
1582627109360,86.229324,337.52988,9.462549
1582627109367,84.16724,335.27274,10.559657
1582627109380,83.43139,333.34863,12.827756
1582627109389,83.06602,332.12616,14.204947
1582627109397,84.28915,332.17648,15.351239
1582627109408,85.02105,332.93246,14.57604
1582627109416,87.54309,335.5115,13.966217
1582627109428,91.10089,338.67734,14.317022
1582627109440,95.45761,341.68268,16.423399
1582627109449,97.99656,343.79657,17.882534
1582627109458,100.19447,345.3667,18.155313
1582627109468,102.11331,346.9995,16.42784
1582627109478,102.59292,347.17593,14.026754
1582627109489,102.43606,346.36554,12.342458
1582627109498,100.653435,343.99146,11.566882
1582627109508,99.942986,342.6796,12.554668
1582627109520,100.05392,342.02484,15.751198
1582627109528,101.00598,341.95407,18.977255
1582627109540,101.227356,341.7643,20.66487
1582627109548,101.01088,341.2688,21.777824
1582627109559,101.23961,340.98953,22.668123
1582627109568,101.35238,340.90433,24.858881
1582627109579,101.64796,341.5913,24.668793
1582627109591,103.0752,344.06924,21.063421
1582627109597,105.77853,347.41718,16.511595
1582627109609,108.71375,350.2247,13.15968
1582627109617,111.31426,352.80908,11.996687
1582627109627,114.56868,355.55127,10.746652
1582627109638,116.94747,358.37848,9.907868
1582627109647,118.585075,0.69468296,11.015034
1582627109658,117.651375,1.5679545,14.403467
1582627109668,116.191696,1.0924349,16.986635
1582627109676,114.963684,0.28561413,18.221966
1582627109688,113.26487,358.16003,18.368622
1582627109697,111.42858,355.53464,17.038876
1582627109706,110.31069,353.71408,13.114005
1582627109716,113.080025,354.4407,7.435449
1582627109728,115.7576,356.1009,4.0557165
1582627109740,116.83327,356.78906,2.7639952
1582627109748,115.90913,356.76004,2.9989002
1582627109759,113.686714,356.31567,5.1424174
1582627109769,110.67473,355.29535,7.519509
1582627109779,108.08674,354.21298,9.6599455
1582627109789,107.47895,353.9733,9.157337
1582627109798,106.143105,353.46503,8.615328
1582627109809,103.90521,351.6862,7.209777
1582627109820,101.96786,350.02518,5.1683173
1582627109830,100.83358,349.4598,1.4563931
1582627109840,100.601616,349.53024,1.8993866
1582627109849,98.96458,348.38333,7.8420844
1582627109858,98.07395,347.49765,12.547999
1582627109870,96.0953,345.73837,11.132275
1582627109877,88.34737,329.31458,28.679316
1582627109889,78.2537,320.2014,22.635015
1582627109899,73.12525,315.88794,20.275745
1582627109907,66.003334,331.87085,354.72607
1582627109920,74.8418,338.8208,350.3457
1582627109927,76.79512,340.81625,347.42804
1582627109939,83.16325,343.37976,347.03357
1582627109947,91.18912,346.1584,349.21
1582627109957,95.76284,347.9175,352.78833
1582627109969,97.39556,349.05276,357.87598
1582627109977,99.2065,350.56738,2.018388
1582627109988,98.75932,350.18854,5.0491004
