1582626962060,21.686882,357.69598,40.58572
1582626962070,14.557336,0.0879929,35.70227
1582626962080,346.06952,1.8800943,23.266787
1582626962088,319.49072,3.630854,11.269508
1582626962101,304.6718,5.7623625,2.027382
1582626962109,296.4598,7.337218,354.6642
1582626962118,292.53195,7.7515073,349.80566
1582626962128,290.10773,7.973847,347.03873
1582626962138,287.7691,8.689637,345.6208
1582626962149,286.30432,9.106477,345.7364
1582626962157,284.52203,9.481866,346.74158
1582626962168,282.79086,9.704133,348.1319
1582626962178,281.71146,9.95352,349.5628
1582626962188,280.1673,10.121972,350.4105
1582626962200,279.5091,10.214075,348.78305
1582626962209,280.4783,9.153908,346.78506
1582626962218,281.04694,8.210061,344.39142
1582626962230,281.30658,7.343119,340.07028
1582626962238,281.72235,6.209106,335.66028
1582626962248,282.43134,4.3098087,331.11746
1582626962258,283.5566,358.49283,320.74594
1582626962270,283.47104,354.1201,313.8419
1582626962281,282.3875,349.08542,306.80106
1582626962288,281.8545,346.37842,305.7627
1582626962300,281.84482,346.1348,308.4085
1582626962308,282.28613,347.0292,312.7119
1582626962319,282.06232,352.20557,318.8976
1582626962333,281.24405,357.5112,325.80814
1582626962338,279.97784,0.46456477,329.7348
1582626962349,278.50125,3.5124376,332.92242
1582626962357,276.57635,6.792332,328.50674
1582626962367,276.67883,6.239896,322.39514
1582626962378,277.43518,2.7926352,315.88226
1582626962388,277.63007,0.33920115,315.12662
1582626962398,277.4633,2.1311338,321.81415
1582626962407,276.2092,5.2933106,330.73355
1582626962419,274.7936,7.55516,338.4265
1582626962430,272.40967,9.977198,345.269
1582626962437,270.29865,11.486497,352.2282
1582626962447,270.6057,11.194405,356.86862
1582626962458,276.26093,8.348918,357.82846
1582626962468,282.8938,4.543519,355.76093
1582626962478,288.60852,0.81673896,354.74158
1582626962487,293.89993,357.5154,355.33524
1582626962500,301.837,353.6801,358.5377
1582626962510,309.66443,351.14087,2.2215424
1582626962518,316.5936,349.3346,5.675519
1582626962529,325.30923,347.24338,10.265378
1582626962538,333.06232,345.49872,14.526952
1582626962548,340.02127,343.64014,17.965254
1582626962558,346.58325,342.34692,21.501661
1582626962568,349.51028,341.8438,23.029556
1582626962580,349.1646,342.41644,23.007881
1582626962587,348.61154,343.0391,22.990023
1582626962600,347.63248,344.7777,22.657974
1582626962609,349.41754,346.43814,23.713737
1582626962619,352.59592,347.67892,25.417736
1582626962630,353.7322,349.00174,26.236982
1582626962638,355.14713,350.39337,26.950615
1582626962649,0.7879117,352.35056,29.720987
1582626962658,3.9981525,353.9959,30.983965
1582626962667,7.4388804,354.02823,32.438362
1582626962679,4.31848,353.51492,30.992304
1582626962687,357.50888,354.1594,28.498192
1582626962697,351.6573,356.2131,26.536943
1582626962707,351.41638,359.43832,26.902622
1582626962717,9.38067,3.7193313,32.08918
1582626962729,44.106762,6.1656313,40.09622
1582626962737,36.379997,6.6481276,36.911133
1582626962747,304.16617,4.787026,15.067051
1582626962757,288.40485,5.1608706,359.98346
1582626962769,282.22488,7.201078,353.61688
1582626962779,279.85687,8.087342,352.68878
1582626962789,276.4909,10.067401,354.12878
1582626962799,274.14835,11.159225,358.0008
1582626962811,275.81284,10.134598,1.295752
1582626962818,278.3843,8.535071,0.8887674
1582626962829,289.3579,2.5919163,358.72296
1582626962839,297.17575,357.1931,357.30884
1582626962848,304.10785,352.22617,356.87213
1582626962859,308.94122,348.29288,356.74326
1582626962868,312.6027,343.81412,356.72818
1582626962880,314.75613,337.9491,355.12518
1582626962888,313.8643,333.35794,352.58908
1582626962898,313.9241,329.85095,351.47952
1582626962910,311.28394,328.08514,349.46793
1582626962918,308.43018,328.86502,348.59006
1582626962928,305.85233,328.76736,347.2444
1582626962938,300.33765,330.29492,343.37753
1582626962947,294.8457,331.0476,337.4704
1582626962960,290.08035,331.8928,332.58618
1582626962968,286.59018,332.97806,328.7129
1582626962978,284.75098,336.71936,330.36462
1582626962988,282.96875,344.10693,336.35727
1582626962997,277.83066,351.8743,335.98486
1582626963010,275.2742,355.63058,341.10632
1582626963017,271.7363,359.0006,340.33362
1582626963028,269.17834,1.1262071,339.2025
1582626963038,268.05316,2.153329,338.10263
1582626963047,266.59186,3.736187,336.77194
1582626963057,265.79813,4.752728,336.89587
1582626963067,265.15524,5.2721663,338.1889
1582626963078,263.89813,6.230144,337.9054
1582626963087,263.2981,7.3719974,336.559
1582626963099,262.8612,7.7898374,338.2578
1582626963109,261.97528,8.355164,341.25525
1582626963118,260.55295,8.622961,346.3568
1582626963128,258.44583,9.54557,350.40515
1582626963139,257.6874,9.196261,355.154
1582626963148,258.927,8.457342,357.18524
1582626963160,262.49072,7.703434,355.94272
1582626963168,265.8976,7.132033,352.90366
1582626963181,270.03046,5.572374,348.1891
1582626963189,272.62613,4.539143,345.06747
1582626963198,274.4355,3.7465653,342.31732
1582626963209,277.15894,1.6385412,339.9817
1582626963219,280.39948,358.64975,339.56378
1582626963228,283.70746,356.19327,341.69925
1582626963239,288.00458,353.5353,346.2816
1582626963248,294.55447,350.60846,351.8701
1582626963260,300.9749,348.54346,356.4369
1582626963268,306.0741,347.31036,359.73312
1582626963279,311.2456,346.01788,2.376233
1582626963287,314.56433,345.39304,4.4416213
1582626963299,319.28293,344.5526,7.317256
1582626963309,337.5175,338.7566,17.45944
1582626963317,318.5312,345.66473,7.8795633
1582626963327,340.34085,344.92078,21.846384
1582626963338,332.7802,341.33487,16.575016
1582626963347,323.7313,339.80267,9.474432
1582626963358,319.5992,340.00687,6.597114
1582626963367,317.81555,344.25958,7.9173512
1582626963377,316.20636,347.19162,9.493486
1582626963387,313.76593,348.40976,8.718055
1582626963400,311.73956,350.2076,9.047825
1582626963409,311.9468,349.54318,8.813248
1582626963419,311.61603,349.25034,8.280376
1582626963431,317.81378,348.45596,12.575435
1582626963438,323.3648,349.38214,16.620348
1582626963449,330.91364,349.6727,20.528944
1582626963458,330.25137,350.39688,20.245258
1582626963469,323.62683,350.76666,16.891783
1582626963481,321.73013,349.96838,14.566188
1582626963492,318.2252,348.94867,11.11421
1582626963498,315.97482,348.42014,8.855973
1582626963509,315.9152,347.5233,7.613938
1582626963518,309.26947,348.7061,2.672916
1582626963529,298.67673,354.12946,357.68784
1582626963541,293.18808,358.2915,356.6928
1582626963547,288.28326,2.2145135,356.64078
1582626963559,284.4535,4.456323,357.05676
1582626963568,281.49896,6.7148275,358.1778
1582626963579,277.27457,9.318133,0.13659021
1582626963590,275.63803,10.583163,2.7418175
1582626963597,272.37766,11.671875,3.1088805
1582626963608,272.70425,11.203823,0.88158834
1582626963617,276.34137,8.8793955,356.92404
1582626963628,278.59164,6.674612,352.33963
1582626963637,280.76462,4.7852426,348.63614
1582626963647,280.75818,3.702815,346.3563
1582626963658,281.0671,3.2884512,345.8763
1582626963667,281.4497,2.3129845,347.29895
1582626963677,282.5149,1.5495504,349.89603
1582626963687,283.76837,0.6136414,351.10904
1582626963698,283.59256,359.55734,347.9215
1582626963708,288.00455,355.92844,348.62286
1582626963719,292.57907,353.0767,352.80005
1582626963728,294.01334,352.51016,353.55725
1582626963740,329.17697,339.33865,12.244384
1582626963748,327.49084,341.0673,12.175178
1582626963759,304.30716,349.22647,1.8903018
1582626963768,293.1738,354.19022,356.90024
1582626963778,287.62213,356.279,350.5205
1582626963788,284.95166,356.36234,345.45276
1582626963799,286.03293,353.84125,342.32526
1582626963810,286.46716,352.8698,342.7929
1582626963818,285.5711,354.18472,344.67123
1582626963828,283.76038,355.0127,342.48117
1582626963838,280.01312,356.4074,334.08087
1582626963848,277.97836,356.86926,323.07745
1582626963858,278.25745,353.89844,322.5185
1582626963868,280.515,350.87378,327.43134
1582626963878,281.6195,351.5442,334.00775
1582626963889,279.09335,355.08926,336.42188
1582626963898,277.51932,356.90427,337.51443
1582626963908,275.4055,358.55493,337.72906
1582626963918,274.0248,0.11489936,338.01572
1582626963928,271.9714,1.839469,336.84198
1582626963938,272.70377,0.93837345,341.4563
1582626963947,270.92752,2.329245,337.11594
1582626963959,270.73145,2.176098,336.61084
1582626963967,270.4964,2.2878442,337.37958
1582626963977,270.50458,2.0232923,339.91064
1582626963988,270.4361,1.9499667,344.1588
1582626963998,263.8346,6.6390023,347.3235
1582626964009,256.43378,10.013748,353.64548
1582626964018,255.92947,9.19087,357.84717
1582626964028,256.92004,8.681105,359.01797
1582626964039,257.27777,9.502047,357.2389
1582626964048,260.38208,9.056211,355.38922
1582626964058,265.50623,7.0099993,351.99548
1582626964072,270.34006,4.864964,341.3759
1582626964078,273.45364,2.7122731,333.5023
1582626964089,276.36353,358.32285,324.67847
1582626964098,277.62598,355.4175,322.9984
1582626964108,278.98984,354.14752,323.85437
1582626964119,281.07468,352.77823,327.62402
1582626964128,283.90414,351.0012,333.2705
1582626964139,288.76538,347.89633,337.19254
1582626964148,292.94083,345.06638,339.17972
1582626964157,296.88626,341.94495,340.88123
1582626964168,300.77698,340.08115,343.02692
1582626964177,304.84354,339.73553,346.453
1582626964190,307.89307,341.2706,351.21063
1582626964197,311.9724,343.68704,356.656
1582626964207,315.68375,346.55444,1.6983266
1582626964217,342.33453,337.75742,13.324108
1582626964227,309.0456,353.53577,3.6060612
1582626964237,326.71878,354.3867,12.914454
1582626964248,15.504518,335.94244,31.186756
1582626964257,22.864239,333.81357,36.22883
1582626964267,19.008997,337.3931,32.740105
1582626964277,7.353024,338.55478,26.259283
1582626964288,356.03592,341.99042,20.121143
1582626964299,346.0589,345.90073,16.317783
1582626964309,347.5652,346.56488,17.077496
1582626964319,343.607,347.51407,15.875438
1582626964328,333.75336,347.64206,12.005599
1582626964338,320.1514,348.22025,5.4325314
1582626964352,312.1534,349.44183,0.90487146
1582626964358,304.0141,352.46887,357.1193
1582626964370,300.83636,354.9456,357.1223
1582626964380,299.0793,356.9464,357.50168
1582626964389,302.79868,356.7839,359.95413
1582626964398,309.1077,356.4718,3.1656892
1582626964409,318.90027,355.15994,6.5226345
1582626964420,325.55804,353.6523,8.130599
1582626964430,316.17212,354.6918,3.9438043
1582626964438,304.93973,357.9204,359.3895
1582626964448,297.18497,1.4803641,357.32718
1582626964458,294.33493,4.0693717,358.20618
1582626964469,290.8675,6.352586,359.9253
1582626964478,288.47055,8.2105255,1.2650584
1582626964487,280.67053,11.4916115,359.88083
1582626964497,277.81104,12.922378,357.88065
1582626964508,278.62268,12.21629,354.51755
1582626964521,278.88425,11.452208,350.61005
1582626964529,288.6917,4.0812993,355.0763
1582626964538,282.49713,6.9591627,351.0692
1582626964547,279.176,9.028386,349.54962
1582626964557,278.6558,8.62525,349.981
1582626964570,280.70493,6.6918364,352.33167
1582626964577,282.9318,5.1347733,353.6754
1582626964587,285.03128,3.6077948,353.70126
1582626964599,287.81186,1.0468067,353.42395
1582626964608,290.5507,358.92438,353.94385
1582626964622,297.36255,354.57654,357.0071
1582626964628,300.67212,352.2277,358.0863
1582626964638,303.42975,350.66806,359.33972
1582626964650,308.019,348.55478,2.5089533
1582626964658,307.42407,348.49515,3.4318156
1582626964668,304.9757,349.87296,3.5658174
1582626964678,298.54535,352.24304,359.77158
1582626964688,296.19113,352.3916,357.69263
1582626964701,293.47513,352.56372,354.67
1582626964708,291.58063,351.7838,350.86844
1582626964718,289.22464,350.67972,346.13647
1582626964729,287.1659,349.6002,341.60385
1582626964739,286.05908,348.07895,337.81967
1582626964748,286.32547,346.25488,337.76352
1582626964758,284.45343,348.26465,339.16193
1582626964768,282.14032,351.65155,342.74115
1582626964779,278.7933,354.86243,344.41745
1582626964787,275.3017,357.22565,343.19812
1582626964798,272.93323,358.47183,340.37674
1582626964807,271.90973,358.57404,337.61853
1582626964819,270.8289,358.97006,336.5816
1582626964828,269.651,359.69806,338.75504
1582626964837,269.03845,0.3201295,341.8525
1582626964849,267.88367,1.4853302,344.3595
1582626964857,267.16986,1.9469749,346.58957
1582626964869,267.72083,1.8876389,346.74847
1582626964878,268.9081,0.8932259,345.1784
1582626964889,272.0973,358.5199,343.4903
1582626964900,274.2996,356.97537,342.92566
1582626964909,273.8983,358.31784,344.97794
1582626964918,270.9499,1.0831044,349.23517
1582626964927,269.2574,2.7868714,353.46216
1582626964939,269.61838,3.2077832,355.47467
1582626964949,271.21255,2.6170998,353.94537
1582626964959,273.89816,1.412185,349.91486
1582626964968,275.50293,0.14823596,343.61856
1582626964978,276.84506,358.72354,338.54785
1582626964988,277.6126,356.9296,332.23816
1582626965000,278.37714,355.8776,330.1369
1582626965008,280.04587,354.4949,330.68317
1582626965018,281.22,354.0012,334.0742
1582626965028,282.84137,353.97958,338.80515
1582626965038,286.12604,352.72186,344.04605
1582626965048,290.66034,350.3584,347.62082
1582626965057,295.38898,347.74747,349.80087
1582626965067,298.11597,345.4495,349.36536
1582626965077,299.96613,343.24118,348.6393
1582626965087,301.5134,341.07013,349.14255
1582626965098,307.40002,339.53897,353.7656
1582626965107,318.9071,336.69864,2.3316162
1582626965118,342.11346,332.45294,16.368612
1582626965127,16.417614,317.5796,40.274704
1582626965137,337.44644,343.33163,18.320816
1582626965150,292.72537,359.9503,10.575352
1582626965157,315.2545,350.36182,12.278094
1582626965167,322.66428,348.05435,14.194398
1582626965177,316.56277,350.05643,13.173099
1582626965190,320.7072,349.303,14.929761
1582626965201,326.5876,347.41632,16.81932
1582626965209,324.36523,348.03046,15.997256
1582626965219,318.79807,348.3914,13.308845
1582626965228,308.83002,350.12015,9.3054495
1582626965239,305.129,351.40955,8.098557
1582626965248,305.33774,352.43988,8.96775
1582626965258,308.12567,353.56265,11.775811
1582626965268,312.78693,353.50275,13.355448
1582626965280,318.19232,351.98273,13.721877
1582626965288,319.6679,350.932,13.090409
1582626965298,319.66675,349.96695,11.979535
1582626965309,316.58734,350.2765,10.156629
1582626965318,313.59882,351.17654,8.621946
1582626965330,307.9779,352.6803,5.974873
1582626965338,299.27408,356.09375,1.8189727
1582626965349,293.15094,359.15555,359.97726
1582626965357,291.07562,1.1282972,0.14973816
1582626965368,285.92578,4.3511295,0.068869516
1582626965379,283.35388,6.164384,1.3220984
1582626965387,280.52286,7.5954785,1.0533094
1582626965399,279.14334,8.178628,359.0614
1582626965407,278.8968,7.6297283,356.0424
1582626965417,279.49988,6.483369,352.79886
1582626965427,281.15543,4.766422,351.33197
1582626965437,282.52844,3.0886762,351.91116
1582626965449,284.485,1.639706,353.93805
1582626965457,285.79953,0.6260041,356.1138
1582626965467,287.7311,359.58694,357.09882
1582626965480,289.13123,357.7343,356.16318
1582626965489,292.73303,354.10718,354.19443
1582626965499,295.479,350.7529,353.10428
1582626965509,296.73187,347.45773,350.86206
1582626965518,305.86688,341.71674,356.3267
1582626965529,312.80408,337.24097,0.25554746
1582626965539,291.91116,349.31177,349.3781
1582626965548,293.47598,347.37866,350.3837
1582626965558,295.23083,345.23972,351.32944
1582626965568,295.02304,343.37985,350.08963
1582626965580,293.03745,342.2632,346.8297
1582626965587,291.91257,341.08328,345.73264
1582626965598,291.9972,337.5277,342.93365
1582626965609,292.52234,332.04233,339.97845
1582626965619,289.93665,329.6763,334.89706
1582626965631,285.26978,329.9316,328.2558
1582626965638,280.95688,333.60117,324.37262
1582626965648,282.00342,336.34656,329.82043
1582626965658,282.40723,340.20053,336.83798
1582626965668,280.19974,344.76886,339.36258
1582626965680,275.04892,350.21133,338.15372
1582626965687,272.00885,354.14203,337.4033
1582626965698,268.96262,357.37296,336.63074
1582626965707,266.6955,359.2681,337.44168
1582626965717,265.54965,0.9255555,339.02905
1582626965729,264.84537,1.5577673,341.42514
1582626965737,263.93787,2.9066737,343.2288
1582626965747,261.91345,4.9772487,343.68887
1582626965757,262.09985,5.4058332,343.87448
1582626965767,263.50467,4.4102683,343.42792
1582626965778,265.15964,3.4800243,343.18378
1582626965788,264.97696,4.114028,344.52362
1582626965798,263.3388,5.749054,347.49316
1582626965811,261.1778,7.2431116,351.01895
1582626965819,271.61127,1.1247587,355.50894
1582626965830,259.41476,11.422166,348.8227
1582626965839,259.12488,14.102558,345.1128
1582626965849,272.6595,2.8207498,346.34833
1582626965860,274.23712,2.0373192,339.53995
1582626965869,273.98212,2.590497,328.75125
1582626965879,275.32687,0.32389078,326.11563
1582626965888,277.33945,357.71176,326.18427
1582626965899,278.39325,356.4734,328.67374
1582626965911,279.90594,355.62628,332.95773
1582626965919,282.8316,354.02686,338.71094
1582626965929,286.66876,353.85123,347.00085
1582626965938,293.44656,348.99887,346.97446
1582626965948,298.01886,346.6756,348.0087
1582626965958,301.21976,345.6622,348.74442
1582626965968,307.3722,341.09888,350.096
1582626965979,299.8292,348.947,349.97885
1582626965988,303.18195,347.4649,351.31613
1582626965998,320.08105,341.23267,0.11901258
1582626966007,332.39252,338.0063,7.242417
1582626966017,336.89664,338.32428,10.972276
1582626966031,342.9546,339.30206,15.015494
1582626966038,343.32352,341.838,16.453426
1582626966048,341.49142,345.49768,16.900543
1582626966057,342.4095,348.09726,18.497936
1582626966067,343.48306,350.66614,20.26383
1582626966078,339.46317,351.82895,19.56025
1582626966088,331.75055,352.4654,17.08985
1582626966099,324.75085,353.10464,14.514298
1582626966109,323.01764,354.04617,14.5601845
1582626966119,318.62195,355.5126,14.015795
1582626966129,320.31976,355.27002,14.63046
1582626966140,323.3693,354.6156,15.451364
1582626966150,323.01498,353.7367,14.689828
1582626966159,321.0827,351.99762,12.630509
1582626966169,320.65384,350.08038,10.925869
1582626966178,321.35138,348.77054,10.422271
1582626966188,321.96475,347.52795,10.337116
1582626966198,321.15906,347.57126,10.014498
1582626966210,315.60907,349.80792,8.633063
1582626966218,302.7794,355.4103,5.4965715
1582626966228,295.7746,358.67038,4.333409
1582626966238,289.78613,2.053866,4.774872
1582626966248,285.4297,4.565748,6.664934
1582626966259,279.13156,7.3958783,9.296536
1582626966268,275.0704,8.71133,12.316817
1582626966278,271.3404,9.670189,11.971121
1582626966287,270.1,9.816893,9.20999
1582626966298,270.49277,9.338216,3.968928
1582626966310,271.56787,8.592832,358.66504
1582626966317,271.71375,8.103414,354.20575
1582626966328,271.67938,7.4518766,351.85046
1582626966337,276.06012,3.190489,351.38284
1582626966347,273.05505,5.1859784,348.5075
1582626966359,273.11417,4.5629396,347.70862
1582626966367,274.88898,2.5667763,348.21173
1582626966379,275.62335,1.2082034,348.58484
1582626966389,276.20697,359.75583,348.01794
1582626966398,276.8264,358.31412,347.17517
1582626966409,277.513,356.08136,343.51776
1582626966418,278.15082,352.8512,338.15344
1582626966430,278.35764,349.04477,332.70575
1582626966439,283.14417,341.09952,335.4892
1582626966448,277.71002,339.6425,323.2696
1582626966459,271.48865,335.41754,307.6044
1582626966469,275.47678,329.0684,315.2753
1582626966480,280.61627,324.49466,323.9658
1582626966491,279.54004,314.31186,319.42413
1582626966498,265.07202,309.4106,300.43393
1582626966509,265.99496,308.94687,302.16037
1582626966519,267.17218,310.26562,304.56378
1582626966528,272.01303,314.3028,312.70135
1582626966538,275.1396,325.2746,322.01443
1582626966548,275.4677,333.10068,329.42398
1582626966559,274.26373,338.5087,332.48358
1582626966567,273.2901,342.1675,336.51108
1582626966579,271.82236,345.30692,339.4935
1582626966589,270.36075,348.86932,343.17618
1582626966598,269.18927,351.54025,346.57455
1582626966611,269.68262,352.0093,349.84973
1582626966618,268.034,354.4893,352.50958
1582626966627,266.60522,356.84317,350.6217
1582626966637,265.88632,358.3735,348.8365
1582626966647,266.10513,359.76083,347.80624
1582626966659,265.66467,1.6647341,348.7853
1582626966667,265.2338,3.2303293,351.40573
1582626966678,262.00806,6.733174,355.02866
1582626966689,255.87485,11.104221,359.5613
1582626966699,254.67635,11.608609,4.054945
1582626966709,255.89935,12.1357765,4.5221057
1582626966718,258.2938,12.495426,1.8388411
1582626966729,263.42276,10.861756,359.49948
1582626966740,269.394,8.095038,356.77866
1582626966747,272.37476,6.673126,351.12177
1582626966758,273.87503,5.576078,341.8629
1582626966768,274.85333,5.043801,332.269
1582626966779,274.399,5.305473,330.85782
1582626966789,273.52786,6.3775496,332.72446
1582626966799,273.72165,6.051473,337.46362
1582626966809,275.11578,3.933456,344.9729
1582626966819,281.9527,359.34497,358.17096
1582626966829,284.14188,359.954,5.796964
1582626966840,286.3988,1.2969942,12.1442175
1582626966847,297.77457,0.26197517,17.768084
1582626966858,317.1914,358.35043,22.271671
1582626966868,326.2333,357.15314,24.055801
1582626966879,334.36642,356.7423,25.827408
1582626966889,331.2943,357.69528,25.612131
1582626966899,321.411,358.4343,23.065397
1582626966908,314.78024,357.11295,19.512283
1582626966917,315.2066,353.8622,17.026192
1582626966929,319.00415,349.4183,16.314482
1582626966939,326.00412,345.51074,18.581474
1582626966947,337.81464,340.7145,22.886812
1582626966958,344.8646,337.54114,25.840979
1582626966967,336.34933,338.6484,21.412554
1582626966979,319.99014,343.162,14.433957
1582626966990,310.19138,346.919,10.92044
1582626966998,301.48926,349.78122,6.919641
1582626967008,296.5941,351.56372,4.4931903
1582626967018,299.06546,351.2945,6.508969
1582626967028,305.22372,349.7361,10.354235
1582626967040,315.5877,347.24008,14.663673
1582626967048,323.75522,345.09222,17.605997
1582626967059,329.86072,343.31985,19.474554
1582626967069,331.50494,342.66818,19.745092
1582626967079,329.04242,342.9771,18.456015
1582626967089,323.9966,343.90973,15.899607
1582626967099,311.20914,347.0374,10.150535
1582626967108,301.97583,350.7918,6.287474
1582626967118,293.03152,355.40247,4.1374393
1582626967128,286.53687,359.75143,4.8308277
1582626967140,283.3329,2.0526123,6.8785353
1582626967149,281.23376,3.5925746,9.415021
1582626967159,279.18567,4.9878592,12.034323
1582626967168,278.30734,5.6525283,14.2148285
1582626967178,278.98184,5.3659396,14.662576
1582626967189,280.3172,4.275149,12.812931
1582626967197,279.05377,4.1169825,8.248404
1582626967207,278.39807,3.6157537,1.7064047
1582626967217,279.80212,2.330324,356.56577
1582626967227,281.45212,0.36983487,354.58987
1582626967239,283.27197,358.20978,354.9998
1582626967247,287.51007,354.95367,356.8329
1582626967257,294.6717,350.02676,0.2519151
1582626967267,297.9546,346.61984,0.33826172
1582626967278,301.3423,342.9808,0.867279
1582626967289,304.77356,338.45392,0.7621689
1582626967299,323.95316,330.50275,13.975501
1582626967308,315.57745,334.20966,9.610166
1582626967321,298.43723,341.12085,358.45322
1582626967328,306.60867,338.33392,6.138978
1582626967339,315.07126,338.40253,14.795155
1582626967348,308.97345,343.53192,14.920102
1582626967359,301.5925,346.15085,12.315688
1582626967369,297.83597,346.144,8.931257
1582626967379,294.88486,343.97604,3.7964566
1582626967391,291.82892,340.51898,356.12415
1582626967398,289.65173,338.00232,350.56183
1582626967409,285.38904,337.9449,344.86462
1582626967419,283.71466,339.21228,343.47888
1582626967428,280.97278,343.34503,344.58463
1582626967438,277.15796,349.3876,346.96622
1582626967447,273.83276,353.32715,348.37463
1582626967459,271.5935,356.05566,349.11185
1582626967470,269.3908,358.03354,349.08844
1582626967478,268.95312,358.4313,350.0495
1582626967489,269.69324,358.2274,351.5961
1582626967497,269.3562,358.6093,352.29517
1582626967507,269.15326,359.32904,351.6647
1582626967519,269.67816,359.32578,350.01297
1582626967527,270.5348,358.68692,348.5747
1582626967538,270.83044,359.02942,348.10556
1582626967547,269.4028,1.4024216,350.74063
1582626967557,266.4041,4.6978426,355.0548
1582626967569,264.54633,6.1665053,359.18808
1582626967578,264.82968,6.2100616,1.891701
1582626967588,265.6073,6.054693,2.1633291
1582626967602,267.24533,5.813933,358.47922
1582626967608,269.2067,5.1918497,354.26935
1582626967620,271.77527,3.5639904,347.8023
1582626967628,273.0371,2.8257663,343.17065
1582626967638,273.56677,2.3281877,341.85773
1582626967648,274.29364,1.9087218,342.43848
1582626967659,275.37592,1.0769017,344.82553
1582626967669,276.35913,0.81191176,348.53275
1582626967678,278.6466,359.41464,352.52896
1582626967689,282.54504,357.47296,356.5618
1582626967699,287.69693,356.0172,2.8039572
1582626967708,292.8239,354.3791,5.712991
1582626967719,302.00354,350.9966,9.02186
1582626967728,309.0,348.84283,12.293293
1582626967738,324.39093,346.8064,20.252684
1582626967748,336.70642,346.40225,25.93859
1582626967758,345.62976,345.74585,29.52411
1582626967769,347.5523,345.10303,30.491184
1582626967777,335.6795,344.06747,24.847357
1582626967787,323.63208,341.26968,16.22645
1582626967798,316.6485,338.37305,8.850782
1582626967807,318.53333,336.65085,9.421307
1582626967818,324.73807,337.26633,14.839016
1582626967827,337.12723,340.15643,24.058725
1582626967837,350.33585,343.2515,31.754711
1582626967847,3.1249423,345.40503,37.250153
1582626967857,10.043395,347.37393,39.557423
1582626967869,9.7226,349.5574,38.490765
1582626967878,0.723633,352.92572,34.983776
1582626967889,351.72305,355.00375,31.978498
1582626967900,340.51508,356.38623,28.612358
1582626967908,334.3413,356.9373,26.811722
1582626967918,332.349,355.50818,24.898127
1582626967928,332.18958,353.78723,23.429594
1582626967938,332.70587,352.8448,22.429989
1582626967951,330.85632,352.14023,20.97884
1582626967958,328.4042,352.13126,19.572906
1582626967968,324.11917,352.89856,17.554451
1582626967978,315.45392,354.9342,14.639165
1582626967988,309.1375,357.1977,12.433965
1582626968000,300.10913,0.51629615,9.917294
1582626968008,296.08044,2.1830232,9.138942
1582626968019,291.98105,3.8735442,8.612511
1582626968028,289.31485,4.5604835,8.114695
1582626968038,286.07028,5.219184,6.7209616
1582626968048,283.82373,5.6435556,4.0097613
1582626968058,281.47882,5.688626,358.9352
1582626968073,279.7271,5.60286,352.7323
1582626968077,278.8882,5.326796,348.02875
1582626968087,279.1657,4.42679,345.44
1582626968098,278.3514,4.5304284,345.02576
1582626968107,278.75238,3.9175117,346.6718
1582626968118,280.82205,2.246957,350.5814
1582626968127,282.57407,0.789247,354.4273
1582626968137,286.1987,358.86636,357.66568
1582626968147,289.98465,356.25195,359.13956
1582626968157,293.09387,353.27792,358.59564
1582626968167,295.88498,350.3829,358.86966
1582626968178,297.27466,348.52704,359.25613
1582626968189,297.3423,347.70963,359.55615
1582626968200,294.72504,347.97952,357.37625
1582626968208,290.15015,348.14435,351.65073
1582626968218,286.05554,348.13934,345.0516
1582626968228,283.63864,345.72906,337.41235
1582626968239,282.78302,340.81055,330.85965
1582626968250,282.18866,336.54968,327.3632
1582626968259,280.78342,335.05414,324.41882
1582626968269,279.04578,336.76938,323.13464
1582626968279,278.55502,337.66663,324.38416
1582626968288,278.3865,338.98328,326.8677
1582626968300,277.67532,341.438,329.9264
1582626968308,276.68616,344.40668,331.6885
1582626968318,274.8861,348.0668,335.02737
1582626968328,272.49542,352.58463,340.03738
1582626968338,269.35754,357.13977,346.24393
1582626968349,267.55524,358.74664,350.2317
1582626968357,267.26312,359.23373,352.47382
1582626968369,267.5944,359.15222,353.72742
1582626968378,268.94785,358.69626,354.48975
1582626968388,270.11072,357.85983,354.02728
1582626968399,271.9477,356.59607,351.47742
1582626968408,273.62152,355.00668,346.63513
1582626968417,275.24698,352.4194,341.55347
1582626968427,276.3214,350.84244,338.5197
1582626968437,275.3168,353.1436,341.04196
1582626968448,271.25064,359.28598,347.45505
1582626968457,266.2607,4.1364136,353.485
1582626968468,263.53955,6.6174626,357.68457
1582626968479,263.9891,6.9576116,359.49033
1582626968488,266.08804,6.520601,358.46695
1582626968499,269.2014,5.365147,355.79092
1582626968508,273.0091,3.3648412,352.92828
1582626968519,276.68356,1.1049024,349.85196
1582626968533,279.22876,359.2908,347.87866
1582626968538,282.1853,357.37915,346.6796
1582626968548,284.6057,355.4717,346.73877
1582626968558,287.24982,353.54565,347.76862
1582626968568,290.31937,352.0489,349.14783
1582626968580,293.63754,350.05536,351.45422
1582626968587,297.46872,347.63184,353.7712
1582626968600,301.01163,344.56198,354.94452
1582626968609,303.81076,340.73196,354.35107
1582626968619,306.62897,335.39453,354.27762
1582626968631,314.32965,328.2286,358.3482
1582626968638,326.1225,322.01575,6.7809362
1582626968650,0.14547275,323.96933,34.044865
1582626968658,27.56819,333.24664,51.11082
1582626968667,40.158768,343.3818,54.04127
1582626968680,50.387257,350.24747,54.976803
1582626968688,52.443092,352.5458,53.67703
1582626968698,39.95042,352.02725,46.9849
1582626968707,5.860186,349.01608,36.46563
1582626968717,327.50647,345.1226,21.108562
1582626968731,312.01483,341.57986,8.458315
1582626968737,304.71796,340.1593,0.2383274
1582626968748,303.79092,340.8628,359.90485
1582626968757,311.34912,341.3595,6.9181767
1582626968767,325.9123,342.10828,16.859224
1582626968780,342.2979,343.72214,24.664762
1582626968788,357.4053,344.89084,30.075901
1582626968798,2.4496975,346.05884,31.915148
1582626968808,355.192,347.51883,29.395658
1582626968818,344.00018,348.97495,26.29947
1582626968831,332.5574,350.9945,23.173563
1582626968839,324.56082,352.67993,21.305086
1582626968848,312.2245,355.35434,18.313358
1582626968859,301.53882,357.95322,15.205789
1582626968868,292.45697,0.9848233,11.760758
1582626968879,286.50693,3.632291,9.271063
1582626968888,283.44595,5.1796193,8.326704
1582626968898,281.09915,6.51089,7.377892
1582626968909,278.8461,7.463801,6.4398293
1582626968918,278.8417,7.5861077,4.9916315
1582626968929,278.73486,7.171849,1.2191837
1582626968938,279.9438,5.5249853,355.1181
1582626968947,280.0771,4.329723,349.76105
1582626968958,279.6136,3.0379138,345.21442
1582626968967,279.32056,2.128234,341.77948
1582626968978,278.78528,1.5059364,338.6192
1582626968987,278.74942,1.1802888,336.96484
1582626968997,278.36673,0.76238525,337.60153
1582626969008,278.75372,359.8435,339.82352
1582626969017,279.7708,358.38916,343.1457
1582626969029,281.63605,356.36447,345.9443
1582626969037,283.97076,354.44983,347.3333
1582626969047,286.4702,351.64713,347.55978
1582626969057,286.7648,349.38974,344.9356
1582626969067,286.31705,348.18256,342.92307
1582626969078,286.2443,347.53854,343.26556
1582626969089,287.2177,346.3258,343.65402
1582626969099,289.978,343.17773,345.98376
1582626969110,291.31625,340.68103,346.26303
1582626969118,290.20575,338.93286,343.65936
1582626969129,288.64993,337.7066,341.23947
1582626969139,288.0686,335.77667,339.6062
1582626969149,291.45905,332.39322,344.0266
1582626969160,290.82803,333.8155,345.42084
1582626969168,289.5429,335.63223,346.1434
1582626969178,293.16293,338.01358,355.44684
1582626969189,277.50433,347.7859,337.96515
1582626969198,274.4378,352.7395,338.0379
1582626969210,271.77582,357.7437,345.6285
1582626969219,267.89508,2.4838374,349.3146
1582626969227,264.57245,6.0683155,351.9683
1582626969237,263.14615,6.943422,354.6253
1582626969248,263.16132,6.8321877,356.69162
1582626969260,263.38092,6.7928085,356.95044
1582626969267,264.00735,7.2747884,354.58282
1582626969279,264.7975,7.4625306,352.68787
1582626969287,265.86688,7.0554323,352.8514
1582626969297,266.10904,7.157349,354.914
1582626969307,264.9538,7.902911,359.32312
1582626969317,263.27905,8.925533,3.5332303
1582626969328,263.1474,8.650534,6.6648536
1582626969337,266.78186,7.3314295,7.6382084
1582626969347,271.09827,5.3831935,4.647717
1582626969360,274.812,3.2806938,357.73547
1582626969367,276.20038,1.6830602,347.43423
1582626969379,277.30737,359.44876,337.84415
1582626969389,278.20868,357.91916,335.8007
1582626969403,279.48456,356.64136,338.12845
1582626969409,278.05743,359.85803,338.35468
1582626969418,280.9016,356.46954,344.3337
1582626969428,285.37042,352.54684,350.50113
1582626969438,289.6891,350.08124,355.31906
1582626969448,296.5297,346.90994,0.36498904
1582626969460,306.06375,342.14,5.7784257
1582626969469,330.04315,339.34683,22.245012
1582626969479,337.99118,334.5929,25.249956
1582626969488,335.07904,330.29584,22.055746
1582626969499,329.13535,327.783,17.018448
1582626969508,343.64252,311.96146,25.446962
1582626969519,5.221757,328.56122,43.164978
1582626969528,356.05713,333.16458,37.41633
1582626969538,353.28482,332.85883,35.608734
1582626969547,351.646,334.2011,34.97193
1582626969559,343.41367,336.3021,30.425488
1582626969567,333.84167,336.01462,24.304482
1582626969577,328.35864,337.93942,21.162588
1582626969587,312.59116,347.744,15.571224
1582626969597,308.36295,355.79312,20.177233
1582626969609,307.23428,358.72256,22.674635
1582626969617,308.01846,359.8157,23.600792
1582626969630,309.66873,359.23853,22.893717
1582626969637,317.2968,356.80927,23.160202
1582626969647,321.09372,354.436,22.137398
1582626969658,327.17767,351.32382,21.662012
1582626969667,333.01477,348.6548,22.337551
1582626969679,336.8385,347.5814,23.429123
1582626969691,336.3893,348.229,22.82905
1582626969698,335.09943,349.3565,21.902256
1582626969709,329.20834,351.10254,18.779047
1582626969719,317.10855,354.26584,13.430537
1582626969728,309.32303,356.97977,10.469654
1582626969741,300.6392,1.0117236,8.614635
1582626969748,296.21008,2.8658597,7.5816364
1582626969758,294.24365,4.9889636,8.956228
1582626969768,296.6925,5.7269163,12.651496
1582626969778,292.2999,7.6956425,12.804168
1582626969790,290.81104,8.253192,13.543532
1582626969798,291.5571,7.607291,11.970227
1582626969809,291.09985,5.9725127,7.158828
1582626969819,290.62384,4.0768237,2.240101
1582626969828,289.5547,2.6235383,356.87866
1582626969842,288.77277,1.4891379,352.51392
1582626969848,287.9391,0.62302035,349.32007
1582626969860,288.29776,359.56378,347.81406
1582626969868,288.96567,358.30484,348.46426
1582626969877,290.96426,356.442,351.18988
1582626969890,295.57962,353.69867,355.32574
1582626969897,300.14545,350.8876,358.56265
1582626969908,304.21014,348.43842,0.93972504
1582626969918,306.71667,346.42624,1.718857
1582626969927,307.09296,344.8731,0.8235382
1582626969938,306.21417,343.59808,359.2728
1582626969948,305.65417,342.48798,357.6217
1582626969958,305.53653,341.76257,357.34137
1582626969967,306.09576,340.8161,358.7003
1582626969978,307.34686,341.1599,1.2711693
1582626969991,306.33865,342.40833,1.9298161
1582626969999,304.91315,343.08362,2.4103632
1582626970008,303.0714,343.31097,1.5287373
1582626970019,301.90417,343.24417,0.86651367
1582626970028,298.3385,343.2056,357.00107
1582626970039,295.92392,342.83884,354.80045
1582626970048,294.3678,343.24463,353.0558
1582626970058,289.84802,346.1361,349.90097
1582626970068,284.77356,350.7171,347.56036
1582626970078,282.2626,353.31537,347.51166
1582626970089,278.68564,357.41946,349.55746
1582626970099,276.06677,359.6428,351.30188
1582626970108,273.846,1.4934167,353.07703
1582626970118,272.74872,2.594755,354.1896
1582626970128,272.17252,2.6960988,354.0811
1582626970139,271.6297,3.095917,351.8788
1582626970148,271.31485,3.4317765,349.24112
1582626970157,271.61078,3.1996794,347.69354
1582626970168,273.13834,1.9151423,349.6862
1582626970177,273.6781,1.9672107,354.29288
1582626970188,271.49155,4.1320286,358.5994
1582626970197,269.78403,5.6924434,2.3816042
1582626970207,269.4923,6.38816,4.5151916
1582626970217,271.77484,5.8181496,5.1421046
1582626970227,274.7058,4.5222864,3.6617036
1582626970238,275.27692,4.374554,357.5032
1582626970247,275.86258,3.6051404,347.73953
1582626970258,277.0953,1.962232,338.37186
1582626970267,277.66388,0.6607377,333.62405
1582626970278,277.75214,0.85156214,333.48184
1582626970288,277.13928,2.722214,334.9619
1582626970299,282.2547,358.20825,348.3558
1582626970308,289.00595,354.95493,357.05292
1582626970320,297.33466,352.39166,3.2937343
1582626970328,301.81,351.0051,4.8930798
1582626970339,312.38623,346.65155,8.886006
1582626970349,321.11288,342.6778,11.79566
1582626970358,325.37262,339.85278,13.134404
1582626970371,329.25668,336.39017,14.000603
1582626970378,330.8515,334.08444,14.799907
1582626970390,335.74377,330.13507,17.322502
1582626970398,337.98376,327.45322,18.607725
1582626970408,337.45944,325.60352,17.698452
1582626970420,334.56244,325.19482,15.178381
1582626970428,331.99326,326.5604,13.622369
1582626970438,332.11353,329.94925,14.683375
1582626970448,331.27545,334.57996,16.126923
1582626970458,330.23926,339.1008,17.086853
1582626970467,325.51727,343.04495,15.898329
1582626970477,319.73013,345.88623,13.398362
1582626970489,316.6222,347.26233,12.201694
1582626970497,316.12384,347.48236,11.669435
1582626970508,316.00848,347.90033,11.246616
1582626970517,317.82938,348.13354,12.449097
1582626970527,320.62976,348.54266,14.418618
1582626970538,324.75824,348.24036,16.90607
1582626970547,331.30264,347.05588,19.54598
1582626970557,334.46375,345.7675,20.847895
1582626970567,335.9477,345.16895,21.075315
1582626970584,335.91864,345.8297,21.25955
1582626970590,333.0986,347.4841,20.232248
1582626970599,321.64185,351.35364,16.278269
1582626970609,310.7699,354.6792,12.0978775
1582626970619,304.45514,356.96396,9.106263
1582626970628,299.36166,359.37036,7.0961657
1582626970638,296.57333,1.6005694,7.1920347
1582626970648,295.0745,4.019985,10.303372
1582626970659,295.47015,5.8602166,14.462948
1582626970669,295.80573,6.9481544,17.728338
1582626970678,300.78168,6.029157,19.070322
1582626970690,306.42642,2.3447893,16.676718
1582626970699,304.3149,358.8016,10.849321
1582626970709,300.53638,355.88565,3.824765
1582626970720,296.75574,354.77957,358.21832
1582626970728,293.80408,355.3069,355.162
1582626970739,292.25662,355.82877,354.2928
1582626970748,292.52972,355.44635,355.33203
1582626970757,294.08255,354.6789,357.35037
1582626970770,295.08987,354.03012,358.73257
1582626970778,296.41476,353.3232,359.35358
1582626970788,296.7135,352.7622,359.23053
1582626970797,296.3542,352.70322,359.0242
1582626970808,296.8371,352.65616,359.9701
1582626970818,297.68304,352.90305,2.0244195
1582626970828,298.63635,353.37427,4.411448
1582626970838,299.78427,353.60724,7.2731867
1582626970847,301.2561,353.23553,9.313949
1582626970857,302.3935,352.20218,9.792386
1582626970868,303.4648,349.865,8.4800005
1582626970879,301.79666,346.42075,3.1612897
1582626970888,300.7263,344.00433,0.29596663
1582626970901,301.9446,340.23288,359.07782
1582626970909,305.12738,337.42633,1.2062826
1582626970919,307.68387,336.32404,4.0909905
1582626970930,307.07413,337.43826,5.0525823
1582626970938,303.24377,338.88193,3.711935
1582626970952,296.8022,340.22513,359.0163
1582626970960,296.04776,342.6431,2.1460557
1582626970970,290.83493,345.9773,0.41985905
1582626970978,286.3183,348.44577,358.6107
1582626970989,282.6742,351.39984,357.6461
1582626971000,278.9964,354.27835,356.5228
1582626971008,278.33667,354.9804,357.0696
1582626971020,278.068,355.32916,357.8269
1582626971029,278.14948,355.4632,358.63724
1582626971038,278.94287,355.47638,0.07327434
1582626971048,278.48672,356.06613,0.64970165
1582626971058,278.99484,356.39273,0.020707302
1582626971070,278.88498,355.94955,358.39706
1582626971077,279.5047,355.43015,356.48312
1582626971087,278.4591,356.03323,355.0155
1582626971098,276.6375,358.379,355.31842
1582626971108,274.85114,0.6391534,356.38394
1582626971118,273.74707,1.82504,356.71414
1582626971127,273.90088,1.9839758,357.26083
1582626971139,271.82312,4.3149514,352.85184
1582626971148,272.60965,4.4211435,347.9408
1582626971157,273.81665,2.9937103,343.45377
1582626971168,274.65878,1.8441861,342.2751
1582626971179,275.19592,1.3176223,343.86505
1582626971189,276.3235,0.35721764,347.38397
1582626971200,278.5694,358.33282,351.29572
1582626971208,282.9251,355.71896,357.42505
1582626971219,288.26367,352.88815,2.2847056
1582626971229,293.88013,349.97684,5.9407873
1582626971238,298.6877,347.67407,7.5817986
1582626971249,304.6551,343.26468,8.4581375
1582626971258,307.41373,339.25397,7.5002146
1582626971268,311.99792,334.5496,8.331088
1582626971279,317.46753,327.06342,9.546077
1582626971288,322.89096,321.34354,12.524864
1582626971299,326.1423,317.3454,14.3277645
1582626971308,329.63348,315.86688,17.113945
1582626971319,347.06354,317.761,33.240288
1582626971328,353.8922,322.63165,39.34516
1582626971338,354.65472,329.4285,40.559994
1582626971348,344.71027,337.64294,36.077847
1582626971358,331.901,343.28726,30.91721
1582626971367,326.65863,345.44812,29.12453
1582626971377,322.86237,346.11716,27.050753
1582626971387,318.30472,346.9854,24.489258
1582626971398,315.2411,348.24606,22.835804
1582626971407,316.469,348.7434,23.243935
1582626971418,319.19913,348.40427,24.799086
1582626971427,324.1816,347.7433,26.70209
1582626971437,329.36163,345.90082,27.97099
1582626971449,330.64703,344.67972,27.685867
1582626971457,327.27997,345.51138,25.793032
1582626971468,325.9291,345.9521,24.968124
1582626971478,327.43945,345.63846,25.440702
1582626971489,321.7304,347.92072,23.169846
1582626971499,325.2953,348.3302,25.209156
1582626971508,313.43408,352.86646,21.48621
1582626971518,306.78275,354.5354,18.5178
1582626971529,298.07544,357.8567,14.472662
1582626971538,291.5022,0.76846594,10.92974
1582626971548,290.4498,1.4375675,11.671199
1582626971558,290.5281,2.3453403,13.667746
1582626971568,289.28934,4.014073,16.957315
1582626971579,286.44437,5.809205,18.797256
1582626971587,284.1167,6.9011,19.794378
1582626971602,286.044,5.619828,19.875998
1582626971609,294.75644,1.8866127,19.993868
1582626971619,296.86783,359.85715,18.498589
1582626971630,296.1466,358.34302,14.799557
1582626971638,292.33676,357.44244,8.405332
1582626971649,289.02197,357.07678,1.4052906
