1582626976979,92.73347,349.9154,13.243362
1582626976989,93.29775,350.59702,14.67613
1582626976999,93.506256,350.79688,15.747404
1582626977009,93.190414,350.49817,16.903723
1582626977019,92.811165,350.34924,17.528048
1582626977028,91.80404,350.04224,17.095911
1582626977039,91.0266,349.68665,16.07987
1582626977048,90.471756,349.33353,14.81682
1582626977057,90.26174,349.59805,13.030831
1582626977069,92.104416,351.69675,11.279757
1582626977078,96.35959,355.45834,9.936802
1582626977089,101.088585,359.81772,10.261758
1582626977097,104.46102,3.2616053,11.230772
1582626977107,106.62755,5.780002,11.561987
1582626977120,108.197296,7.8385615,11.52481
1582626977127,109.118935,9.354501,11.382182
1582626977137,109.2549,10.23673,12.095518
1582626977147,107.901794,9.663455,13.1632185
1582626977158,105.94421,8.316322,13.106658
1582626977170,104.46646,6.5934567,12.121037
1582626977178,102.86182,4.709476,10.386442
1582626977188,101.040726,2.8560967,8.231267
1582626977198,99.19703,1.5823087,7.593961
1582626977208,97.10502,0.11237281,7.240225
1582626977220,95.24321,358.98145,8.130824
1582626977229,92.684105,356.93802,8.906734
1582626977238,90.60331,355.0748,8.979845
1582626977248,88.10682,353.52896,8.3024235
1582626977258,87.16272,352.81766,7.5425525
1582626977269,86.89983,352.87097,6.1250587
1582626977278,86.67246,353.0335,5.1312976
1582626977289,86.96694,353.63834,5.1787133
1582626977298,86.97359,353.78436,6.0686646
1582626977309,87.18301,354.07022,7.259305
1582626977319,88.02865,354.71188,7.4185305
1582626977328,89.212555,355.60968,7.34597
1582626977337,88.88169,355.46042,7.7313514
1582626977347,86.68467,353.77365,7.3658834
1582626977357,83.023,351.2247,5.7486367
1582626977369,79.03583,349.33264,1.6870956
1582626977378,74.31485,348.39603,356.4065
1582626977387,67.43617,347.43063,351.34534
1582626977397,62.538086,347.90952,347.2204
1582626977407,62.782524,348.82318,345.576
1582626977418,63.94676,349.36154,345.53125
1582626977427,65.41248,349.7471,346.2437
1582626977437,68.55006,350.3739,347.16995
1582626977447,73.18623,351.5298,348.42206
1582626977458,78.20366,352.99265,350.31735
1582626977468,83.47305,354.73837,352.3445
1582626977479,87.51508,356.20648,354.13684
1582626977488,89.067856,357.09464,354.6458
1582626977501,91.53013,358.4008,353.43146
1582626977508,94.26176,359.48868,350.94553
1582626977518,96.852974,0.275921,349.28012
1582626977528,98.42736,1.1054883,349.13766
1582626977539,103.202324,3.3377392,351.51135
1582626977551,106.97433,5.4646416,353.26074
1582626977559,109.97604,8.004243,355.59717
1582626977568,112.21228,9.206226,356.35724
1582626977578,113.40254,9.780226,356.9325
1582626977587,113.51414,9.634411,357.03787
1582626977599,112.99125,9.072208,357.2297
1582626977608,111.07059,7.84925,357.7603
1582626977618,105.1585,4.611626,359.27676
1582626977628,98.698135,0.7409289,0.86259156
1582626977638,92.132454,356.21298,2.7547448
1582626977648,85.6768,351.50784,4.459475
1582626977658,80.47806,347.04074,5.4008865
1582626977668,75.04214,342.7381,5.5277233
1582626977677,69.085754,337.98685,5.1157284
1582626977688,63.057312,332.95383,4.4508176
1582626977700,57.808453,327.92856,4.0049977
1582626977708,53.492058,323.69016,3.5913527
1582626977719,52.393,320.73694,4.5494504
1582626977727,54.85076,318.69516,8.06945
1582626977737,60.359455,317.68253,13.864326
1582626977748,67.3126,318.3076,20.078238
1582626977757,75.36209,320.96548,27.054682
1582626977767,79.82429,325.8443,28.286558
1582626977778,84.873634,329.4404,31.428278
1582626977789,87.62147,334.00793,30.001633
1582626977799,90.32456,339.16895,26.202917
1582626977808,93.88056,344.16083,23.89906
1582626977818,97.16414,348.82062,18.788582
1582626977829,100.56294,352.43292,14.615778
1582626977839,102.4601,353.78674,13.68461
1582626977850,102.85378,353.35046,15.455755
1582626977858,101.75092,352.1389,18.328796
1582626977868,101.51515,351.5988,20.641731
1582626977878,101.492195,351.15726,24.168522
1582626977888,101.43209,350.44556,26.970125
1582626977899,101.377945,349.29492,30.507961
1582626977909,100.91801,347.90927,31.368977
1582626977919,99.954185,346.8094,30.8839
1582626977928,98.201035,345.87204,26.864286
1582626977938,98.63887,348.10718,19.723215
1582626977948,103.00834,352.58585,12.9310465
1582626977958,107.15479,356.31296,9.807914
1582626977967,110.120094,359.34064,9.24232
1582626977977,111.36301,1.7195174,10.258687
1582626977987,111.54548,3.2379515,12.140175
1582626977999,111.79668,4.6176286,14.026755
1582626978007,112.35012,5.6570263,14.280024
1582626978017,111.92223,4.853407,13.060913
1582626978027,109.994125,2.5199826,9.995046
1582626978037,109.811615,0.60443175,5.4118347
1582626978047,109.76149,359.28195,0.8738232
1582626978057,110.001816,358.6658,357.74652
1582626978068,110.11575,358.56924,356.0229
1582626978080,109.28322,358.74054,356.09653
1582626978088,106.48894,358.20935,358.4969
1582626978099,103.06825,357.0628,2.3131661
1582626978108,100.018875,355.52795,4.9737625
1582626978119,97.231674,353.92795,6.1359262
1582626978128,93.938545,351.3577,5.619056
1582626978139,89.943665,348.75946,3.690029
1582626978149,85.42894,346.21353,1.6573473
1582626978158,76.14736,341.78766,357.81744
1582626978168,70.97997,339.50153,356.5148
1582626978180,67.810036,337.9151,356.2028
1582626978189,65.536865,337.74506,354.4019
1582626978199,65.53135,338.43463,353.78995
1582626978209,65.21817,338.41757,354.0701
1582626978218,61.103283,336.99002,352.6712
1582626978228,59.073536,336.5124,351.4918
1582626978238,57.996685,337.69736,348.30902
1582626978248,57.980923,340.2523,344.17532
1582626978258,64.42069,343.7559,341.1852
1582626978268,84.2621,348.33762,341.382
1582626978279,100.57294,352.40268,343.57462
1582626978288,106.750244,355.47308,347.78265
1582626978299,107.52969,357.32184,352.8092
1582626978308,106.34237,358.19736,357.55078
1582626978317,105.57192,358.7597,0.33307174
1582626978330,104.75643,358.69354,1.5230566
1582626978337,104.42727,358.23782,0.5538384
1582626978347,105.391754,357.9244,357.12582
1582626978358,107.00799,357.53098,352.12778
1582626978367,109.12039,357.23938,348.25073
1582626978378,111.75645,357.9288,347.14966
1582626978388,114.470894,0.37338397,350.30856
1582626978398,117.600464,3.9737651,354.1264
1582626978409,118.50854,6.3099604,357.30557
1582626978418,118.46339,6.94274,358.06168
1582626978431,117.911224,6.309452,357.7336
1582626978439,116.48317,4.3899264,356.55414
1582626978448,114.55849,2.387492,354.9751
1582626978458,110.97763,359.57053,353.08997
1582626978468,105.081406,356.503,352.48917
1582626978479,97.69966,353.1776,353.90863
1582626978489,94.01818,351.0766,355.4816
1582626978499,89.13841,347.95038,358.38837
1582626978508,84.523834,344.9955,0.41079983
1582626978518,80.09652,341.5427,1.8734562
1582626978530,74.60284,337.64383,1.5233495
1582626978538,67.48318,332.2166,1.1399335
1582626978548,56.96001,326.24625,358.14178
1582626978558,41.02433,320.25165,350.92548
1582626978567,30.608892,316.3791,345.90405
1582626978579,27.834967,314.9787,344.4907
1582626978587,35.202538,316.53995,348.2783
1582626978599,54.97668,322.56546,357.48032
1582626978607,74.894585,329.84677,7.4412513
1582626978617,85.73348,334.51968,15.057137
1582626978628,91.35775,336.00967,21.906395
1582626978637,95.14936,336.72824,28.481503
1582626978647,97.766594,337.94196,31.842642
1582626978656,99.94715,340.62292,30.675503
1582626978667,102.874825,344.04715,29.14262
1582626978679,105.17167,346.98145,29.348547
1582626978689,106.39125,347.88605,30.661444
1582626978698,107.2108,347.65717,32.526573
1582626978711,107.989426,347.38727,35.488953
1582626978718,108.698685,346.95633,36.768272
1582626978729,109.16176,347.0143,36.88185
1582626978738,109.84074,347.88467,35.161297
1582626978748,110.15475,349.3401,32.984127
1582626978760,110.54018,349.8148,32.045975
1582626978768,110.103,349.776,32.10794
1582626978779,109.985146,349.86945,32.35475
1582626978788,109.939545,350.4809,30.775982
1582626978798,111.751625,353.7538,26.245987
1582626978811,114.88233,357.86307,21.600063
1582626978819,117.93342,1.5477674,18.62811
1582626978829,120.28898,3.9084084,17.023115
1582626978838,120.92972,5.0885615,16.251963
1582626978848,121.54528,5.689836,14.987378
1582626978860,121.757904,5.5214705,13.006328
1582626978867,122.05903,4.974823,10.13992
1582626978877,123.213646,4.5377717,6.323013
1582626978887,124.35381,4.433433,3.325728
1582626978898,124.05579,4.1104407,1.6697139
1582626978907,123.06145,3.4839199,0.93499994
1582626978918,121.37797,2.9491146,1.0083367
1582626978928,118.81781,1.9528894,1.5166171
1582626978937,116.55482,0.97816867,2.1458793
1582626978947,114.070595,359.90158,2.612663
1582626978957,112.65255,359.5689,2.49061
1582626978967,111.60772,359.25635,1.6132872
1582626978978,113.114815,359.4408,357.91336
1582626978988,117.93132,359.7491,350.69843
1582626978998,131.38933,0.3346729,341.1731
1582626979011,149.61185,357.86768,332.88348
1582626979018,145.0063,353.96945,330.87262
1582626979030,26.149141,345.7839,330.07004
1582626979039,22.14872,340.59515,332.01096
1582626979048,16.34224,336.5573,332.25592
1582626979059,14.659276,332.64737,333.25317
1582626979069,15.569317,334.72202,333.52463
1582626979078,29.750227,340.83618,334.72055
1582626979089,53.943703,345.28513,336.8711
1582626979099,79.70943,349.03867,339.3078
1582626979109,92.25925,351.66013,341.4212
1582626979118,101.923775,354.4128,344.21994
1582626979129,105.02941,356.30463,347.7583
1582626979138,104.60555,356.94144,351.03015
1582626979149,103.31259,357.21667,353.6527
1582626979159,102.13236,357.34525,354.91586
1582626979167,102.57425,357.63138,354.05682
1582626979177,102.657684,357.35648,351.31027
1582626979187,102.19853,356.43875,346.53033
1582626979197,101.27193,355.23395,340.8632
1582626979209,98.40523,354.54263,339.0378
1582626979218,100.57359,355.83496,342.85468
1582626979230,105.88737,359.43863,349.8098
1582626979237,109.06236,2.363949,354.79715
1582626979247,110.133675,3.4705389,357.01425
1582626979262,111.04973,3.4904313,356.43817
1582626979267,112.42894,3.0750847,353.39163
1582626979279,112.83512,1.8966095,349.52042
1582626979290,112.23628,0.44372854,346.76233
1582626979302,108.62919,359.0696,346.06113
1582626979311,104.41126,358.06253,347.93167
1582626979319,99.81608,357.1198,351.30212
1582626979328,96.17021,356.06247,354.94406
1582626979339,92.35667,354.28125,357.98468
1582626979348,89.491,352.7104,359.31903
1582626979358,86.27761,350.4039,359.59534
1582626979368,82.57541,347.94873,359.29816
1582626979379,77.00066,345.215,357.34665
1582626979389,68.95516,341.73697,354.35303
1582626979399,54.99425,336.4347,350.456
1582626979409,36.53917,328.71744,345.6064
1582626979418,22.14509,324.3909,340.05365
1582626979429,22.90134,324.029,340.41153
1582626979439,53.820595,327.82687,355.7196
1582626979448,83.17376,337.19235,14.899751
1582626979458,95.634674,345.7829,25.43871
1582626979467,100.11926,349.9589,33.57034
1582626979478,102.72013,352.02426,36.884544
1582626979489,103.75629,353.2,36.740623
1582626979498,104.90618,354.44467,35.1972
1582626979508,106.425835,355.749,34.353943
1582626979517,108.30488,357.81378,34.579212
1582626979527,109.72653,359.46786,35.036797
1582626979539,110.29725,0.02901763,35.843082
1582626979547,110.598335,359.7751,37.16908
1582626979558,110.26506,359.04324,38.076218
1582626979567,110.22072,358.12656,37.688248
1582626979579,110.396484,357.43365,36.369953
1582626979589,110.26093,357.06598,35.83385
1582626979598,110.32708,357.3745,35.007305
1582626979609,111.12682,359.4363,32.341957
1582626979619,113.06229,1.1514755,27.871273
1582626979629,115.73497,2.7301126,22.042921
1582626979641,118.80587,4.614259,17.417185
1582626979649,121.75558,6.674595,13.810467
1582626979660,122.95074,7.90356,12.053043
1582626979697,124.711075,9.559805,10.055643
1582626979702,125.697395,10.08699,8.159888
1582626979708,126.71561,9.466718,5.2219825
1582626979712,127.38371,8.690432,1.3555173
1582626979716,127.68532,7.8945656,358.99258
1582626979723,125.79839,6.175469,357.49188
1582626979729,124.18441,5.0649095,357.0173
1582626979739,121.5361,4.113366,357.48102
1582626979747,118.428185,3.2847066,358.60187
1582626979757,115.07198,2.1121595,0.0044726976
1582626979768,112.02787,1.3302084,1.2244501
1582626979778,109.79065,0.86889267,2.5480757
1582626979789,108.24071,0.60356367,2.7472997
1582626979798,108.535545,0.9608645,1.2950069
1582626979811,110.56058,1.531355,357.8373
1582626979817,114.2286,2.1164293,352.8618
1582626979827,115.988235,0.6996165,347.887
1582626979839,114.14997,357.446,342.15204
1582626979847,103.35164,353.55106,337.44534
1582626979857,64.554596,348.4499,332.70648
1582626979868,9.77314,344.61514,328.3902
1582626979878,349.86182,342.9934,326.22702
1582626979890,355.02383,342.47934,326.59247
1582626979899,22.25156,344.61935,329.47086
1582626979908,55.842762,346.82376,332.7221
1582626979918,84.01537,349.95364,336.1899
1582626979928,93.822296,351.82178,338.92944
1582626979939,95.43588,352.98245,341.24295
1582626979949,98.64771,354.6741,344.95053
1582626979958,97.28534,354.85138,349.01993
1582626979968,96.84125,355.064,351.70544
1582626979979,97.40414,355.28098,353.3022
1582626979988,97.70719,355.43814,354.141
1582626979998,99.849754,356.5946,353.24603
1582626980008,103.03503,357.7015,349.739
1582626980021,105.25658,358.64978,348.59482
1582626980028,107.5553,0.66738224,351.6925
1582626980038,108.78487,3.7228565,358.63052
1582626980048,109.4623,6.9156904,5.060075
1582626980057,109.071754,8.216488,7.9233522
1582626980070,109.815834,8.477308,7.667398
1582626980077,110.91372,8.028259,4.968885
1582626980089,111.95953,6.925143,0.46942925
1582626980098,112.78132,4.6998167,355.29868
1582626980108,111.73818,2.22448,350.98077
1582626980117,106.12604,358.9676,349.5543
1582626980127,99.0844,355.79907,350.6788
1582626980138,92.88271,352.38712,353.15527
1582626980147,86.7804,348.7808,356.135
1582626980157,82.14509,345.29337,358.58685
1582626980168,78.583855,342.1454,359.76334
1582626980179,73.04466,338.4797,359.25186
1582626980188,68.43719,336.2221,357.48682
1582626980199,60.804222,333.33664,354.18738
1582626980208,54.883083,331.33286,351.46313
1582626980220,51.189194,330.1059,350.06635
1582626980228,49.03266,328.50952,350.16406
1582626980238,54.98334,325.91278,357.1996
1582626980248,66.117744,325.6662,8.630987
1582626980257,78.39277,329.61728,20.364273
1582626980269,89.88269,339.23364,30.770111
1582626980278,93.052895,345.2741,27.946066
1582626980288,95.09166,349.4203,19.521378
1582626980298,96.902794,351.35492,14.18382
1582626980309,96.54751,349.60513,13.569028
1582626980319,94.94368,347.53195,13.693341
1582626980328,92.586525,344.45193,13.912637
1582626980338,92.18882,343.34143,14.586893
1582626980348,92.82505,343.25558,16.012026
1582626980358,93.47595,343.26694,16.296906
1582626980370,93.36905,342.92242,16.795492
1582626980378,94.8694,344.08218,18.182955
1582626980390,96.79307,346.47122,19.118296
1582626980397,98.25444,348.30096,19.57406
1582626980407,99.65955,350.36392,18.162855
1582626980419,101.294685,352.59583,14.038981
1582626980427,103.76711,354.92862,9.108739
1582626980438,106.91605,357.46106,6.297433
1582626980447,108.978195,359.87366,6.047291
1582626980457,110.00093,2.2857873,7.8613462
1582626980469,110.628235,4.7762175,10.074413
1582626980478,111.59122,6.987019,11.555485
1582626980488,111.51351,7.3031044,11.304975
1582626980500,111.2449,5.1111465,7.5815372
1582626980508,111.09856,3.226432,3.3300395
1582626980521,110.988075,2.5011566,359.97705
1582626980529,111.682205,2.4873614,358.5102
1582626980539,111.51357,2.484195,358.4295
1582626980549,109.88358,1.9987426,359.74692
1582626980560,106.81285,0.9589251,1.4778422
1582626980569,105.0558,0.36466953,2.9896421
1582626980578,101.67891,359.38614,5.2641935
1582626980587,98.9867,358.12955,7.016878
1582626980602,96.422844,356.38428,9.137067
1582626980609,93.97441,354.5127,10.413219
1582626980619,92.13512,353.4499,10.839116
1582626980628,89.874664,352.00662,8.766218
1582626980638,87.60015,350.74365,4.6731772
1582626980648,85.76454,350.35342,1.8211162
1582626980657,82.142395,348.6436,357.917
1582626980670,73.23296,344.73032,352.81128
1582626980677,65.764755,340.75726,351.79822
1582626980687,60.887844,337.46695,351.74463
1582626980697,61.895565,337.45935,352.96237
1582626980707,56.80511,336.86386,349.24857
1582626980718,55.56776,337.12302,348.11426
1582626980727,56.542866,339.05884,346.0607
1582626980737,70.134315,345.56,346.54086
1582626980747,83.11584,351.30716,348.13754
1582626980757,92.19023,355.34604,350.9673
1582626980768,95.64402,357.52975,353.12054
1582626980778,95.55496,357.5559,354.87976
1582626980789,94.705864,357.05438,358.9458
1582626980800,93.529015,356.6071,1.4156768
1582626980808,92.41242,355.75757,2.2861595
1582626980819,92.26074,355.58484,0.053285547
1582626980829,89.63041,353.44305,356.43945
1582626980841,85.94105,351.5595,349.91022
1582626980849,84.541176,351.0097,346.8955
1582626980858,93.49537,355.40448,348.5941
1582626980868,100.84365,0.45652312,353.18927
1582626980878,106.00068,6.753096,1.1930361
1582626980889,107.0762,9.42078,5.0393662
1582626980898,107.22748,10.019577,6.304574
1582626980908,106.580536,7.9706445,3.2442443
1582626980919,110.7123,8.17176,356.12057
1582626980928,117.63774,8.952053,348.54388
1582626980937,111.98616,4.4318576,346.00943
1582626980949,106.65901,0.21192381,341.31763
1582626980957,88.47741,353.8761,337.82593
1582626980968,73.09335,347.57425,342.01758
1582626980977,68.45194,344.5579,343.13364
1582626980988,60.62398,341.18234,340.38486
1582626980999,51.040554,335.03632,339.53638
1582626981007,46.430595,330.15613,339.68695
1582626981017,47.08442,329.89313,339.59546
1582626981027,63.927143,334.2539,349.16455
1582626981037,78.72279,341.06525,358.41226
1582626981049,87.778755,347.11755,6.5654664
1582626981057,92.21945,351.76083,11.290522
1582626981067,95.158264,355.67325,10.890478
1582626981078,96.88394,357.3828,11.071503
1582626981089,96.54961,356.50848,11.75685
1582626981100,94.17654,352.27673,13.663291
1582626981108,99.96274,357.03613,354.5736
1582626981118,78.94733,333.98337,6.7450423
1582626981128,82.45187,329.57056,16.91068
1582626981139,86.133934,335.58673,14.785288
1582626981149,87.64388,341.21362,4.2597537
1582626981159,92.465004,347.20905,354.4721
1582626981168,92.16022,346.91647,350.67404
1582626981179,85.5304,342.9381,348.6194
1582626981188,79.99088,339.24445,348.71002
1582626981199,80.78226,338.5538,351.35764
1582626981208,85.60002,340.00128,357.14807
1582626981218,89.65383,341.7229,2.2382777
1582626981228,92.6347,344.12057,7.422465
1582626981237,94.51666,346.19138,9.24588
1582626981249,94.21425,346.76566,9.907331
1582626981257,93.45376,346.67252,8.90157
1582626981267,93.49817,347.9448,5.492532
1582626981277,95.694374,351.1865,1.3512392
1582626981288,100.04438,355.09274,357.7568
1582626981298,103.56415,358.46133,356.30414
1582626981307,105.88578,0.46432865,357.26947
1582626981317,105.945435,1.3367132,358.70197
1582626981327,106.82027,2.21921,359.16177
1582626981337,106.4207,2.1660347,359.095
1582626981348,106.88093,2.6540923,358.68564
1582626981357,107.17421,3.2356694,359.65524
1582626981368,107.45667,4.0902467,0.88194376
1582626981380,108.35802,5.4115915,1.4545437
1582626981390,108.14101,5.7133384,1.6405275
1582626981399,108.03462,5.509384,1.1573317
1582626981409,106.977196,4.6901054,0.37486613
1582626981418,105.196724,3.100784,359.35013
1582626981429,103.174774,1.5297201,357.96954
1582626981439,112.78403,3.8071697,344.24652
1582626981449,93.50007,354.8219,352.39807
1582626981458,82.10154,347.1205,353.91788
1582626981470,75.73255,344.239,350.9385
1582626981481,60.83861,340.0699,343.07556
1582626981489,65.436104,336.40073,352.4065
1582626981499,58.489643,331.70078,351.2477
1582626981509,53.478397,326.87442,351.63434
1582626981518,43.38037,323.19028,346.26678
1582626981530,36.39482,314.3821,345.60233
1582626981538,42.094143,307.85464,353.43747
1582626981548,42.90837,309.6212,353.31995
1582626981557,50.61948,320.0948,353.75317
1582626981567,58.257954,330.9187,351.3382
1582626981577,70.68153,339.52484,352.95486
1582626981588,82.27527,346.907,353.4431
1582626981598,91.96787,352.9553,351.88095
1582626981607,97.482086,356.5891,350.89404
1582626981617,100.16006,358.28214,350.31537
1582626981629,100.20386,358.8764,350.76126
1582626981638,98.718254,358.62302,352.14053
1582626981649,96.27419,357.79633,353.52704
1582626981657,94.98781,357.23126,354.27493
1582626981673,94.305305,356.77277,353.1945
1582626981679,91.0829,355.02905,351.09012
1582626981688,89.44993,354.09302,348.80032
1582626981698,92.11888,355.77866,349.0397
1582626981708,100.18723,1.0319942,353.61426
1582626981718,103.2809,4.1846824,357.46024
1582626981729,105.2492,6.673922,0.4079259
1582626981738,106.73765,7.5535975,359.89624
1582626981749,108.45818,7.547172,356.87985
1582626981758,107.832306,6.119259,354.252
1582626981768,106.9561,3.1264722,347.73557
1582626981779,108.43731,1.8803905,341.45468
1582626981789,109.42647,1.287481,338.0483
1582626981798,105.945854,0.06102994,337.69055
1582626981808,100.63747,358.9942,340.14468
1582626981825,93.8824,356.73215,346.66666
1582626981832,89.8298,354.6405,352.3179
1582626981839,86.98304,352.50558,356.1472
1582626981848,83.13036,349.606,358.34506
1582626981857,79.25111,349.10962,350.21793
1582626981868,73.83999,342.3357,357.88223
1582626981879,64.62613,336.1504,356.33826
1582626981887,56.090576,332.47824,352.26743
1582626981898,49.58382,325.8807,352.45233
1582626981907,50.651646,317.66064,359.4659
1582626981917,63.697506,313.96393,14.906797
1582626981928,75.99396,317.49747,27.808868
1582626981938,84.096016,333.52966,28.769987
1582626981948,88.54065,335.7549,34.569008
1582626981957,88.43271,338.82382,28.232744
1582626981967,92.54317,346.46738,24.80467
1582626981978,96.93328,352.6888,20.000126
1582626981988,100.27087,355.71994,16.572292
1582626981999,103.36122,358.1015,12.036699
1582626982010,105.603355,359.42764,8.64102
1582626982018,107.096825,359.46353,4.409119
1582626982029,107.215706,358.89154,1.7258216
1582626982038,105.00772,357.00568,2.5664315
1582626982048,101.55033,354.30795,5.5054426
1582626982061,97.42475,350.767,9.622653
1582626982068,95.60589,348.69003,11.665636
1582626982079,93.226166,345.81247,12.343348
1582626982090,92.15135,345.05734,11.069818
1582626982098,93.07806,346.89267,8.47414
1582626982110,96.31515,350.4302,5.743687
1582626982118,103.70931,356.9821,3.0643833
1582626982129,108.33189,1.228891,2.7099237
1582626982138,111.25812,4.539274,3.359666
1582626982148,111.75879,6.3398914,5.4987593
1582626982158,110.61065,6.6052146,7.994591
1582626982168,109.77298,6.321161,9.041696
1582626982178,110.03125,5.342766,6.8102713
1582626982188,112.29375,4.440333,359.92416
1582626982197,116.26521,3.869282,352.29272
1582626982210,120.98388,3.8769588,346.14835
1582626982217,122.870636,3.7960064,343.1314
1582626982228,124.247986,4.1584888,342.08792
1582626982237,121.76755,4.166465,342.9289
1582626982247,116.41357,3.7410073,346.3451
1582626982259,110.71872,2.9299583,351.40808
1582626982267,106.87283,2.2733479,355.5766
1582626982278,103.62129,0.9756288,357.79974
1582626982289,99.19668,357.77344,358.72498
1582626982298,95.16893,354.472,358.86346
1582626982310,90.5213,351.53506,358.22952
1582626982319,82.262314,346.29843,355.017
1582626982329,79.85048,344.55,356.49966
1582626982339,68.27976,340.68314,349.49158
1582626982348,58.293358,335.2662,347.7887
1582626982359,52.11004,330.329,348.01663
1582626982369,52.05542,329.01877,348.97305
1582626982378,49.14557,325.71466,349.33142
1582626982388,46.76408,322.9081,349.2916
1582626982399,33.49689,323.9003,339.37262
1582626982409,32.353836,325.69656,337.50586
1582626982418,42.06129,331.63168,339.09702
1582626982428,62.132393,341.3909,340.9225
1582626982437,88.94197,350.9536,347.08432
1582626982447,97.79823,355.7652,353.56674
1582626982459,101.935234,358.73862,357.13474
1582626982467,103.09327,0.046467092,358.40088
1582626982477,102.498886,359.32828,359.03726
1582626982487,100.01659,357.21567,359.27005
1582626982497,97.19863,355.01315,358.4303
1582626982509,95.27937,353.21643,356.96725
1582626982517,93.46582,352.14868,354.1194
1582626982527,91.181526,351.1478,349.69968
1582626982537,91.37104,351.62848,344.83224
1582626982547,99.923515,355.3009,343.28845
1582626982559,108.54211,0.73534137,347.21277
1582626982567,112.83026,5.266117,352.31934
1582626982579,113.77925,7.5463643,356.15222
1582626982587,115.62397,8.834278,356.1469
1582626982599,117.79899,8.224611,352.7727
1582626982610,118.84133,6.486684,349.46494
1582626982619,121.06158,4.077756,343.40073
1582626982629,123.469055,2.7082357,339.6144
1582626982640,123.97977,1.8231766,338.12802
1582626982649,115.37725,0.06826715,341.39667
1582626982658,108.59891,358.4979,345.6183
1582626982668,101.84628,356.5357,351.60223
1582626982678,97.64936,354.56635,356.96225
1582626982690,93.94511,352.11273,2.1858752
1582626982698,91.203636,348.99194,6.320804
1582626982708,88.20292,345.9661,8.730649
1582626982718,84.566505,341.5014,10.285827
1582626982728,78.80348,335.06677,10.148514
1582626982739,63.033684,326.2726,0.38151616
1582626982748,38.02065,321.84863,343.43652
1582626982758,3.4726074,323.37686,324.64337
1582626982767,12.618286,313.26068,331.05453
1582626982777,8.299293,315.83328,328.00604
1582626982789,33.95309,320.59613,341.24802
1582626982797,69.84842,329.3665,1.5026269
1582626982807,87.71279,340.20142,10.677181
1582626982818,97.313484,347.86765,19.983425
1582626982827,100.453514,351.0172,27.951784
1582626982839,103.2544,355.18063,26.995354
1582626982847,105.96984,358.58752,23.458458
1582626982858,108.3339,0.47713253,18.507807
1582626982867,110.03109,0.53439325,13.808366
1582626982879,110.43429,358.7815,9.64701
1582626982890,109.47204,356.30035,7.4798365
1582626982898,107.753006,354.3382,6.5202894
1582626982909,105.61693,352.19067,6.5942106
1582626982919,104.0301,350.6138,7.6353607
1582626982929,102.74392,349.89798,8.779365
1582626982940,103.505936,350.9685,8.408473
1582626982949,104.76126,353.1151,6.5922503
1582626982958,106.868385,355.57065,4.3663363
1582626982969,108.67822,357.68274,2.418805
1582626982978,111.91156,0.45929334,0.031357225
1582626982990,115.35961,3.099966,358.03583
1582626982998,116.375084,4.641809,358.13013
1582626983008,116.70086,6.20663,359.93527
1582626983019,116.5748,7.087071,0.7142094
1582626983028,117.58799,7.8334894,0.23994006
1582626983040,119.91028,8.3139715,357.3
1582626983047,121.91076,7.798146,353.51434
1582626983057,124.837296,7.5865326,349.91135
1582626983068,125.57643,7.4377766,348.4245
1582626983077,124.62182,7.7349253,349.5856
1582626983089,120.850075,7.295682,353.54596
1582626983097,116.41425,6.2956915,358.15045
1582626983107,113.52291,5.2491612,1.7133328
1582626983117,110.88455,3.9713495,3.965195
1582626983127,108.84098,2.2243123,5.1506796
1582626983139,106.166046,359.77393,5.583308
1582626983147,102.630554,356.44333,5.453001
1582626983157,98.41708,352.197,5.3902173
1582626983167,92.708405,347.45657,4.1862335
1582626983179,85.14253,341.59338,1.5644369
1582626983189,74.894295,338.4182,352.23633
1582626983198,57.267666,322.05606,355.68442
1582626983208,38.381287,318.06842,343.6346
1582626983220,25.131351,318.54013,334.7334
1582626983229,32.5083,316.4364,339.84314
1582626983238,37.193653,317.74493,342.3334
1582626983248,39.02052,321.7537,341.26947
1582626983259,44.92604,326.85843,341.4259
1582626983270,53.093338,333.37296,340.22983
1582626983278,64.42228,338.47174,340.97296
1582626983289,83.151184,345.21487,345.81824
1582626983298,93.01085,350.0652,349.51996
1582626983308,99.755356,354.45364,351.4974
1582626983320,103.81035,357.1764,350.6357
1582626983329,104.99285,357.95908,349.50375
1582626983338,104.61098,358.26144,349.24255
1582626983348,102.746635,357.20166,350.32297
1582626983357,101.61265,356.69547,350.46646
1582626983369,100.55882,355.9586,349.89462
1582626983377,97.54502,353.69388,349.10007
1582626983388,94.08752,351.43033,346.4368
1582626983397,93.249985,351.0267,345.19928
1582626983407,101.50048,355.50888,346.4925
1582626983420,109.139435,1.1468447,350.49243
1582626983427,109.81365,3.6372166,355.9666
1582626983437,110.44245,5.1697965,358.38068
1582626983447,111.45384,5.5645213,357.8132
1582626983457,111.45269,4.0982127,355.02502
1582626983467,110.930046,1.705581,349.72873
1582626983480,114.365944,0.31228882,341.55353
1582626983490,113.869865,358.32504,337.32492
1582626983498,113.39671,357.33533,334.66193
1582626983509,106.558365,355.8178,335.6275
1582626983518,97.14047,353.11917,340.03763
1582626983528,89.63923,350.28683,342.97186
1582626983538,84.06211,346.21072,351.37564
1582626983548,81.55049,343.61584,354.58072
1582626983559,80.49963,340.4829,0.20098627
1582626983570,76.79557,336.66037,1.6826533
1582626983578,74.6666,334.4061,2.4495378
1582626983587,74.148674,333.027,3.8585515
1582626983598,69.290504,330.91174,0.6816353
1582626983608,64.904785,329.2722,357.8705
1582626983619,63.537956,330.34833,355.60135
1582626983628,64.27467,332.14435,354.16312
1582626983638,66.80052,333.78326,354.86786
1582626983649,73.14906,336.2525,358.43002
1582626983658,83.74991,340.32092,7.991772
1582626983668,90.111145,344.29514,14.11221
1582626983677,95.762,350.122,15.655876
1582626983687,101.67567,356.28537,14.898507
1582626983700,104.638695,359.2579,14.719696
1582626983708,106.49194,0.6415344,14.622677
1582626983719,107.738075,1.217969,14.10605
1582626983727,109.528694,1.3458941,10.90595
1582626983737,106.94758,358.36243,12.254394
1582626983747,104.145424,354.92416,13.385959
1582626983757,103.60498,353.56757,12.377677
1582626983769,102.39428,352.16162,11.578582
1582626983778,101.510506,351.06616,11.743351
1582626983789,101.45144,351.5293,9.911672
1582626983798,102.28495,352.42056,7.980138
1582626983809,104.16276,354.80954,5.128337
1582626983819,107.13765,357.54092,3.1436594
1582626983829,110.08997,0.37676692,1.8529264
1582626983838,111.40128,2.7682474,2.2455957
1582626983851,111.16877,4.34313,4.8407784
1582626983859,110.28842,4.938086,7.8803625
1582626983869,109.28267,4.8386526,10.186359
1582626983878,107.96982,3.8509269,9.451423
1582626983889,109.1658,2.7079537,3.8523192
1582626983900,111.77298,1.7539244,355.6896
1582626983909,114.99227,1.108366,349.31808
1582626983919,119.86875,1.2961274,344.87064
1582626983928,121.55066,1.6863334,343.8993
1582626983937,120.49366,2.46031,345.84988
1582626983947,116.64712,2.8201997,349.9962
1582626983958,113.85206,2.7216203,353.69754
1582626983967,111.5113,2.47671,356.73337
1582626983978,109.27628,1.656725,358.7519
1582626983987,107.98153,0.65703845,359.33163
1582626983997,104.54846,357.84802,0.4368469
1582626984007,101.17055,354.91052,1.0818589
1582626984017,93.49805,348.33435,6.032921
1582626984028,89.38191,344.30392,7.441668
1582626984037,85.71411,340.50955,8.858274
1582626984047,77.84247,336.75488,1.7750145
1582626984057,69.59821,336.054,352.6605
1582626984068,55.176384,331.9583,346.30496
1582626984078,45.849045,327.87003,343.89822
1582626984088,44.11624,324.27988,345.62512
1582626984098,44.101486,320.45877,348.28226
1582626984108,42.36572,314.0357,351.1367
1582626984118,41.622116,309.85513,352.99796
1582626984128,42.80814,310.77594,353.28754
1582626984138,43.979908,315.2919,351.56992
1582626984151,50.18408,323.61734,350.1585
1582626984158,63.80424,335.4004,348.23666
1582626984168,76.22964,341.32043,349.06613
1582626984178,87.83826,346.61566,350.99908
1582626984188,96.3431,350.74243,351.6596
1582626984199,102.90326,354.87738,353.69037
1582626984209,102.87759,355.82098,356.76584
1582626984218,102.643936,356.58374,358.89188
1582626984228,103.22828,357.26743,359.60037
1582626984238,103.19429,357.173,358.8697
1582626984251,101.97583,356.09018,356.07376
1582626984260,100.65502,354.98178,352.94272
1582626984268,101.848366,355.76035,351.08316
1582626984277,106.341965,358.9208,352.56824
1582626984287,109.53185,2.4059663,355.95334
1582626984299,111.191864,4.484423,358.7699
1582626984307,111.88903,5.608764,359.40796
1582626984317,112.75722,5.3624516,357.4126
1582626984328,113.25989,3.0805373,353.29193
1582626984337,113.690575,0.20068777,347.027
1582626984349,112.22875,357.26926,341.86914
1582626984370,114.92106,356.39484,337.6707
1582626984376,112.29295,355.2287,337.08005
1582626984382,101.87589,353.0526,339.74417
1582626984388,92.03595,349.82712,344.2583
1582626984399,86.383705,347.02704,348.68835
1582626984409,80.25044,343.34372,351.74384
1582626984418,75.7059,339.9246,352.7671
1582626984431,68.60748,334.91995,353.29553
1582626984438,65.52525,328.73535,358.63547
1582626984450,69.813866,327.40768,4.867518
1582626984458,79.70406,330.5951,14.383217
1582626984469,88.35429,337.72733,20.325468
1582626984482,92.8087,341.7384,22.442427
1582626984493,95.60399,344.58417,21.910118
1582626984498,96.90258,345.68893,21.824211
1582626984516,98.702126,346.24228,25.97544
1582626984520,98.969154,343.5891,30.799349
1582626984534,100.18204,340.50076,38.58326
1582626984540,100.15152,339.676,37.12092
1582626984568,101.84657,343.91068,32.57108
1582626984576,104.30017,348.46353,31.99652
1582626984589,105.79905,350.97302,31.600195
1582626984603,106.62768,351.8236,29.397562
1582626984610,107.75655,352.5525,25.698294
1582626984621,107.97066,352.59967,24.22886
1582626984627,107.78672,351.99808,23.967087
1582626984639,107.46533,350.80103,23.374456
1582626984648,106.47693,348.60086,22.996296
1582626984654,105.292175,346.3017,23.791136
1582626984663,104.64475,345.10608,24.453094
1582626984668,104.93863,344.8811,23.514563
1582626984672,104.67435,345.69638,20.883726
1582626984681,105.94986,347.88535,16.370148
1582626984689,108.89493,351.33853,12.271382
1582626984698,112.21547,354.9099,9.825049
1582626984709,115.68812,358.6648,8.424985
1582626984718,117.21726,1.7400018,9.73909
1582626984729,116.60331,3.4334173,12.23926
1582626984741,114.629456,3.8865082,14.384069
1582626984760,112.42681,2.8581827,16.083702
1582626984799,111.05614,1.2615516,15.633478
1582626984807,109.87793,359.23615,12.442754
1582626984819,109.825165,357.42032,7.8315463
1582626984826,110.845085,356.83142,2.7678137
1582626984832,112.88321,356.88333,358.4501
1582626984841,116.39933,358.09586,355.5119
1582626984846,118.32882,359.19495,354.75946
1582626984853,118.86241,359.74326,355.1467
1582626984865,118.33034,0.28481683,356.0463
1582626984873,117.58645,0.17011714,356.55743
1582626984883,115.76761,359.77606,357.3319
1582626984889,113.04103,358.6487,357.68555
1582626984895,111.430756,355.75385,351.92734
1582626984901,103.21486,352.05212,354.1154
1582626984906,99.68299,349.90448,349.43112
1582626984911,82.91747,343.2154,349.9257
1582626984917,68.78472,333.0063,356.80573
1582626984929,61.13255,326.39215,358.52878
1582626984937,55.59939,324.7653,356.15903
1582626984947,45.843292,322.83566,350.93002
1582626984957,36.554214,320.00513,346.92322
1582626984967,32.866787,316.26584,346.90384
1582626984979,24.819294,316.5867,341.548
1582626984988,31.993351,319.98804,344.42014
1582626984999,45.436234,327.07022,347.60468
1582626985009,69.33597,337.15274,352.41956
1582626985019,89.24642,345.71277,357.71558
1582626985028,99.44556,351.91238,1.2023873
1582626985039,104.10428,355.8071,2.83572
1582626985049,106.08405,357.75455,2.3953583
1582626985058,106.5454,358.42917,1.1282102
1582626985068,107.05221,358.19287,358.28162
1582626985078,105.120476,357.507,356.6716
1582626985089,102.33304,355.9041,354.8972
1582626985099,100.660126,354.98547,353.34103
1582626985112,97.992256,353.74823,351.35968
1582626985119,94.0021,351.83853,348.9619
1582626985129,89.23189,349.80237,347.0251
1582626985138,88.27304,349.52942,347.72754
1582626985148,93.644615,352.03818,351.64233
1582626985157,99.176956,355.35898,356.94324
1582626985168,101.999275,357.72205,0.994652
1582626985178,103.84291,359.65564,2.3842216
1582626985187,106.66154,1.1324499,0.92307734
1582626985197,107.903984,1.3969553,357.94815
1582626985207,109.851814,0.83636224,353.72452
1582626985217,112.25949,0.17789511,348.23218
1582626985228,117.576744,0.25528133,343.18445
1582626985237,121.43993,359.32315,338.986
1582626985247,120.83666,358.36768,337.02985
1582626985257,115.101654,357.47345,338.33328
1582626985267,103.75936,355.8124,342.8753
1582626985278,97.63697,354.01184,349.18942
1582626985288,94.04219,352.74576,355.4789
1582626985298,92.47554,350.89453,1.7069844
1582626985309,90.219376,348.12637,7.304264
1582626985318,89.316826,346.6931,9.701245
1582626985329,88.034584,344.55646,10.98036
1582626985338,86.84448,342.8835,11.936464
1582626985349,87.59729,341.70734,15.240833
1582626985358,86.70792,339.83438,15.837657
1582626985368,91.43471,342.60413,21.771261
1582626985379,93.1822,344.41992,22.638844
1582626985388,93.43917,345.17728,22.016863
1582626985399,94.091446,346.60617,16.907507
1582626985409,96.71187,348.621,18.688717
1582626985418,99.96509,351.16525,20.737858
1582626985428,102.72144,354.17627,21.565313
1582626985437,106.38691,358.5491,20.143908
1582626985448,108.11569,0.2680916,18.901552
1582626985459,109.31753,0.82408935,18.082396
1582626985467,110.27837,0.5623698,18.047905
1582626985479,110.28846,359.99213,18.18246
1582626985487,109.9693,359.11566,18.62556
1582626985497,108.5033,357.22037,20.47647
1582626985509,106.89237,355.51498,22.63467
1582626985517,105.85324,354.1963,24.832964
1582626985527,105.43947,353.45047,25.354462
1582626985539,104.966576,353.1356,23.470732
1582626985547,104.970985,353.30838,19.428516
1582626985558,106.46858,355.079,13.6101675
1582626985567,110.34565,358.23267,9.431769
1582626985579,113.32086,1.385812,8.157474
1582626985587,114.09733,2.7019029,8.778639
1582626985600,115.020805,4.7434173,10.598634
1582626985610,115.687614,6.409066,11.722607
1582626985619,115.19257,6.4992323,12.026451
1582626985628,114.768555,5.7778277,10.732596
1582626985639,114.63934,4.2722073,7.744761
1582626985649,115.02407,2.974373,3.5916557
1582626985658,116.623566,1.2165883,357.4413
1582626985668,119.47084,1.1756177,353.64343
1582626985679,120.71802,0.9696535,351.23608
1582626985688,118.33777,0.5056952,351.89194
1582626985699,114.912125,0.09559591,354.32214
1582626985709,111.54537,359.63397,357.3184
1582626985718,108.77231,358.84518,359.0888
1582626985728,104.78582,357.3149,2.0831082
1582626985738,100.927284,355.0928,4.2549887
1582626985748,97.372635,352.9205,4.928882
1582626985760,94.22607,350.76578,4.41629
1582626985767,90.066216,348.25726,2.531488
1582626985777,83.858795,345.27582,358.93973
1582626985788,75.363625,341.5604,356.12396
1582626985798,65.3345,337.64923,352.24615
1582626985808,60.642567,334.94217,352.12274
1582626985817,63.718582,334.2945,356.11902
1582626985827,68.894875,336.00348,358.99243
1582626985837,73.1432,338.1767,0.48266882
1582626985847,76.93764,341.42398,358.69937
1582626985859,79.88245,344.3508,355.14124
1582626985867,82.95373,346.5224,351.74005
1582626985878,86.19603,348.66013,349.76108
1582626985889,92.22494,351.08215,349.83438
1582626985898,97.16567,353.24765,351.30032
1582626985909,99.43853,354.41086,353.2845
1582626985918,99.65173,354.66516,353.2225
1582626985928,100.80342,355.19205,350.28418
1582626985940,104.86069,356.554,348.17523
1582626985948,107.43702,358.85718,351.0055
1582626985958,106.542564,359.8277,357.70123
1582626985968,108.42207,0.36688992,355.5578
1582626985977,108.57149,359.8633,353.92587
1582626985992,111.737175,359.49707,348.2853
1582626985999,115.534195,359.3244,344.57855
1582626986009,120.82742,359.5266,341.0054
1582626986018,121.4706,0.5008744,342.79935
1582626986028,118.12402,3.8444536,353.01224
1582626986041,115.38769,6.3763194,1.4449877
1582626986048,114.07703,7.1647234,6.584312
1582626986059,113.28736,7.0001087,8.524796
1582626986067,112.424515,5.64055,9.52634
1582626986077,111.90016,3.3430734,6.2064557
1582626986092,113.68494,1.0042458,358.67606
