1582627064231,288.20935,359.1266,333.20773
1582627064238,289.11792,355.42062,333.19345
1582627064251,294.59473,346.89835,339.5556
1582627064261,299.43512,342.75986,346.00168
1582627064270,305.7722,340.742,354.44748
1582627064279,312.39908,341.09033,2.8435192
1582627064288,320.60535,342.07748,11.551506
1582627064298,324.44052,347.29474,17.563978
1582627064310,332.1263,345.59982,21.035349
1582627064318,337.13702,345.32962,23.584047
1582627064329,329.90698,346.7798,18.37707
1582627064337,334.8201,344.40097,20.340908
1582627064348,338.7354,342.8711,21.445724
1582627064359,333.73962,343.7474,16.287699
1582627064368,335.92935,343.30826,16.456116
1582627064379,343.12833,341.0887,20.580812
1582627064387,349.7036,340.06104,25.147568
1582627064397,352.63593,342.04953,26.68248
1582627064409,348.2847,349.09207,23.679861
1582627064419,345.10034,353.37323,21.425753
1582627064428,346.17328,354.3719,21.958843
1582627064438,345.9211,354.37396,21.813686
1582627064449,345.24527,358.26212,22.136793
1582627064460,350.73813,357.83713,25.231337
1582627064469,349.30164,357.55933,24.407873
1582627064478,336.1197,358.9317,18.514414
1582627064488,323.85022,358.7191,11.748225
1582627064498,312.81763,358.20502,3.7120717
1582627064509,302.79437,358.05896,353.25137
1582627064519,297.62546,357.4776,345.00803
1582627064528,293.38416,357.39575,338.0764
1582627064541,291.20612,357.1563,334.7519
1582627064548,289.26395,357.8202,334.29034
1582627064558,287.3598,359.9475,336.41272
1582627064569,284.90656,3.0061793,339.01205
1582627064578,283.21082,4.175063,340.92557
1582627064589,282.92877,4.8018208,343.29944
1582627064598,282.2978,5.392209,345.87366
1582627064608,282.9618,5.5079393,348.42365
1582627064618,283.35675,5.963181,350.04443
1582627064628,284.98804,5.7536416,352.21384
1582627064638,286.67798,5.3220778,353.1615
1582627064648,286.49506,5.7221255,352.32248
1582627064658,285.7798,6.3696313,349.504
1582627064669,284.74622,6.9336057,345.13364
1582627064677,284.1536,6.887577,339.484
1582627064691,284.55084,5.765095,332.88324
1582627064697,284.63773,4.982245,327.0122
1582627064708,284.0559,5.241806,322.77515
1582627064718,283.4626,6.4721136,321.02652
1582627064728,281.99683,8.371665,324.6337
1582627064740,280.08957,10.86614,326.92007
1582627064748,278.02234,13.515965,326.29996
1582627064761,277.0729,15.392592,324.54922
1582627064768,275.91797,16.47791,323.84906
1582627064778,274.71497,17.047321,325.02023
1582627064791,273.9313,17.351831,325.77356
1582627064798,273.0972,16.969942,326.49258
1582627064808,272.7469,15.857684,330.13043
1582627064819,273.43607,13.441301,336.86768
1582627064828,274.95166,11.0762615,342.72882
1582627064840,278.3846,8.130041,348.91623
1582627064848,284.62842,5.114694,352.7736
1582627064858,292.13174,1.366162,355.19922
1582627064869,300.97693,356.79517,356.77954
1582627064878,306.67426,354.1154,357.5556
1582627064891,311.81073,351.8182,358.50766
1582627064897,317.1243,349.11884,359.8146
1582627064909,322.61182,346.56433,1.4115096
1582627064918,325.18103,344.5021,1.2952765
1582627064930,331.82373,341.73322,4.155314
1582627064941,334.91077,340.72125,5.457382
1582627064947,335.72763,343.02393,5.883506
1582627064958,334.88034,346.1674,6.1444855
1582627064967,335.27225,348.28134,7.0028367
1582627064977,336.24304,349.87485,7.933286
1582627064989,338.00146,351.06186,9.23808
1582627064997,341.74805,351.6435,11.5318165
1582627065007,346.6004,351.94928,14.445229
1582627065019,355.49298,352.22543,19.152756
1582627065028,0.3219078,353.52124,21.849804
1582627065040,356.04953,357.5824,20.08768
1582627065048,9.176273,355.5145,25.856342
1582627065058,5.307845,357.77747,24.027163
1582627065068,351.581,0.80195284,18.85039
1582627065078,340.7506,1.3461078,15.660425
1582627065088,338.59448,1.5963686,15.450938
1582627065098,336.20688,4.6508164,16.604645
1582627065108,329.79272,9.425207,18.315153
1582627065118,277.15536,14.668924,10.168552
1582627065128,291.8703,7.656538,3.9294348
1582627065139,308.48956,354.95975,0.29267475
1582627065149,307.05392,350.2287,355.61453
1582627065159,301.85202,349.68857,351.42587
1582627065168,282.73508,1.1209289,340.26093
1582627065177,274.65356,7.730284,340.14038
1582627065189,270.8048,11.000529,341.4293
1582627065198,270.05325,11.27638,344.84485
1582627065207,271.57535,10.153932,349.34897
1582627065217,274.27728,8.983662,353.6419
1582627065228,279.21402,7.5342555,359.2729
1582627065238,290.2002,5.3087344,4.0950956
1582627065248,301.14288,3.0239763,6.30431
1582627065257,306.64655,0.95593345,5.269308
1582627065268,313.61966,357.4672,4.8262653
1582627065277,315.24203,353.92566,2.2584612
1582627065289,311.93713,353.06247,359.0228
1582627065297,309.2238,351.54276,355.5218
1582627065307,307.78882,350.47736,353.22095
1582627065320,306.8676,348.57553,351.3055
1582627065328,307.1057,347.72156,352.03534
1582627065338,305.52188,348.08594,351.62054
1582627065349,302.676,349.71335,352.17245
1582627065358,301.11893,349.85278,352.31348
1582627065370,297.236,350.90857,350.3659
1582627065378,293.54803,352.79935,349.02548
1582627065388,291.58215,353.67316,349.62668
1582627065398,288.7494,354.5219,348.93628
1582627065409,286.6527,355.18375,347.82196
1582627065420,285.05835,354.98825,346.7645
1582627065428,283.22748,354.95306,343.0702
1582627065441,279.93365,356.98987,339.9577
1582627065448,277.19177,359.34677,338.97745
1582627065458,275.4595,0.8543926,340.33707
1582627065470,276.88303,358.97964,344.298
1582627065478,279.29846,356.79956,346.09415
1582627065490,278.16772,356.89066,345.18158
1582627065497,276.69073,357.8955,342.5391
1582627065508,275.0795,358.51654,336.69687
1582627065519,274.42517,358.22604,328.3434
1582627065527,273.50897,359.60345,324.5354
1582627065538,270.93658,4.172378,327.58478
1582627065547,266.86475,9.79864,335.8889
1582627065559,261.14163,13.63446,345.25806
1582627065569,257.67896,15.050025,352.42294
1582627065577,256.97955,14.688748,356.90677
1582627065587,260.22043,12.800165,359.43503
1582627065598,267.7838,9.350042,359.85373
1582627065607,278.28168,4.386882,358.35693
1582627065619,290.3011,357.28485,356.27512
1582627065628,296.3383,352.88562,355.00793
1582627065638,301.27045,348.28845,353.97766
1582627065648,304.4532,345.06583,353.73782
1582627065660,307.49484,342.193,354.01
1582627065669,309.748,340.5256,354.68716
1582627065679,311.86603,337.87866,355.11255
1582627065688,313.34113,336.09158,355.84283
1582627065699,315.53485,334.66986,357.7561
1582627065709,314.81183,334.3356,357.2286
1582627065719,313.27686,333.70798,355.3955
1582627065728,314.21683,330.6556,355.07565
1582627065738,319.90952,324.60773,358.67453
1582627065748,326.27075,318.41577,3.0517428
1582627065758,325.23807,312.45844,0.8325062
1582627065768,331.1968,314.68253,7.533953
1582627065778,332.34866,319.45428,10.304152
1582627065788,328.3909,327.95197,10.021582
1582627065798,325.60938,335.06305,11.659307
1582627065807,325.00894,340.46524,14.033571
1582627065819,318.64423,345.44592,12.829655
1582627065827,310.17975,348.9363,10.0078745
1582627065837,307.61786,349.72452,8.163041
1582627065847,313.33173,347.6294,9.838682
1582627065857,323.2787,344.21298,12.691988
1582627065869,331.65628,341.59045,15.362381
1582627065877,336.54755,342.58026,17.33816
1582627065887,338.39267,345.73532,19.326332
1582627065897,337.7941,348.9482,20.30918
1582627065907,331.96658,352.09998,19.183018
1582627065920,318.9316,355.16333,15.88897
1582627065929,309.97595,357.54227,13.171117
1582627065940,302.83557,359.73956,11.250715
1582627065950,296.22812,2.2348182,9.30087
1582627065959,291.7855,4.2395444,8.295207
1582627065968,288.3324,6.255532,7.961213
1582627065979,287.0384,7.192056,6.97066
1582627065989,286.1277,7.386217,6.054795
1582627066000,286.8978,6.239506,4.7653775
1582627066009,286.06796,5.4071517,359.9575
1582627066019,284.33804,4.575019,352.61862
1582627066028,283.09732,3.5956643,344.26083
1582627066039,282.9475,1.8848946,336.5312
1582627066050,283.0434,0.09482573,332.16785
1582627066058,284.2662,356.8452,333.13358
1582627066071,283.58633,357.75342,334.92792
1582627066079,284.881,357.6415,341.36984
1582627066091,289.4732,355.59647,350.9083
1582627066100,295.55487,353.79858,357.8054
1582627066108,302.9619,351.63626,3.3844454
1582627066117,310.80417,349.08664,7.631427
1582627066127,313.66125,347.65253,8.690099
1582627066138,321.45322,344.96985,11.871974
1582627066150,309.40753,347.9272,6.065173
1582627066157,301.27707,345.93488,356.409
1582627066167,301.26456,341.7256,352.49966
1582627066177,300.3393,342.20688,352.81088
1582627066187,298.16058,346.21478,355.63287
1582627066197,295.93073,349.6198,358.36133
1582627066208,294.95212,350.53574,359.90363
1582627066218,297.02774,347.81754,0.16750418
1582627066228,296.68652,345.67212,357.5206
1582627066239,292.4831,344.85416,351.432
1582627066249,289.77606,346.07953,350.84882
1582627066259,284.93692,350.3389,351.2559
1582627066268,278.95316,355.58792,352.48096
1582627066278,274.01562,359.07516,354.93976
1582627066288,269.70078,2.041078,357.97128
1582627066299,268.38,2.5680518,357.29886
1582627066308,269.13824,1.5702893,353.65363
1582627066318,270.32315,0.3406539,346.22174
1582627066330,270.86542,359.16742,339.1874
1582627066338,271.386,357.73743,333.93344
1582627066348,272.44235,355.43097,333.25784
1582627066359,272.73837,355.358,337.99786
1582627066370,268.7175,359.79852,343.48093
1582627066378,264.22705,3.771718,348.0854
1582627066387,262.14655,4.754827,351.148
1582627066398,262.93488,4.3085394,351.47238
1582627066408,265.4404,2.968431,350.5223
1582627066418,268.29593,1.0389919,347.65607
1582627066427,271.4926,358.22226,343.76227
1582627066437,275.26706,353.96387,341.03348
1582627066448,280.85144,347.74527,342.60977
1582627066457,279.37262,348.39905,338.97836
1582627066467,278.32956,350.575,337.0421
1582627066477,279.64047,352.33704,343.75098
1582627066487,285.041,349.9415,350.69946
1582627066498,289.6818,349.13904,354.88025
1582627066509,294.82123,348.1858,358.56744
1582627066519,299.82336,346.18823,359.52158
1582627066529,305.6759,344.02414,1.294076
1582627066538,303.72995,341.33392,354.90674
1582627066548,300.3662,341.5075,349.78058
1582627066558,300.9036,340.6274,349.30298
1582627066569,303.72803,341.60257,352.71213
1582627066581,304.66937,342.59866,354.72812
1582627066587,303.4024,346.49393,356.94113
1582627066598,300.7684,352.35266,1.264329
1582627066608,303.67795,353.0359,5.217915
1582627066618,308.0266,353.55606,9.863979
1582627066630,312.0472,352.65607,11.963236
1582627066638,311.44104,353.01767,11.732707
1582627066649,313.34723,350.585,10.468456
1582627066658,309.852,351.84827,9.1332245
1582627066668,299.95712,356.31696,6.8998837
1582627066681,298.31253,357.33957,6.9192615
1582627066687,302.8136,356.74237,9.395628
1582627066698,309.41724,353.9731,10.40129
1582627066708,315.0884,352.00745,11.681503
1582627066717,319.4846,350.42572,12.326086
1582627066730,323.82764,349.1176,13.706616
1582627066737,321.88766,349.41934,12.806771
1582627066748,312.89096,351.72986,9.952594
1582627066757,300.82895,355.14062,6.074898
1582627066767,291.20575,358.46454,2.2969353
1582627066777,285.29965,1.1193678,359.29666
1582627066788,282.63165,2.4066572,358.19617
1582627066799,279.99692,3.8054368,358.31894
1582627066808,277.6431,5.366913,359.3696
1582627066818,273.09174,8.230724,358.59818
1582627066831,271.82062,9.350413,358.3417
1582627066839,271.43658,10.058331,357.0634
1582627066848,273.25897,8.863059,356.01492
1582627066858,273.2609,9.570524,353.65833
1582627066868,275.99924,7.920541,352.918
1582627066879,278.33743,6.364227,351.04733
1582627066888,282.36383,3.8267424,353.76834
1582627066898,288.02365,1.2145687,358.83527
1582627066909,293.664,359.50735,3.0477881
1582627066918,299.69302,357.39862,6.334871
1582627066929,304.65137,355.67578,8.472595
1582627066939,309.94666,353.66776,10.377541
1582627066948,310.6344,352.26266,10.019375
1582627066958,308.44055,350.69077,6.9678655
1582627066968,302.67538,350.15952,1.1263885
1582627066979,297.5057,349.61752,354.18268
1582627066988,295.0606,347.96054,349.55627
1582627066998,295.03784,346.24765,348.36148
1582627067007,294.0348,345.48346,346.47705
1582627067017,292.87158,345.37927,346.40842
1582627067029,292.59256,344.8746,347.07648
1582627067037,294.19354,342.95853,348.9896
1582627067048,295.34875,343.74365,353.64584
1582627067058,291.79285,346.91815,353.76312
1582627067068,287.0161,349.6629,352.10654
1582627067077,282.77472,351.3911,348.41187
1582627067087,279.1665,352.18466,343.14215
1582627067099,277.1125,352.05115,337.4425
1582627067109,277.61136,349.56165,336.4781
1582627067118,277.61176,349.4626,339.4011
1582627067130,275.5752,353.16174,344.74603
1582627067139,272.29138,356.0557,349.88562
1582627067149,269.88953,358.47543,353.22345
1582627067160,267.6989,359.99304,355.27948
1582627067168,267.3052,0.4063261,356.09006
1582627067179,268.98706,359.4985,356.2103
1582627067189,270.8533,358.55298,357.3413
1582627067198,271.55453,358.8923,359.61313
1582627067213,267.79004,1.8730193,3.0575562
1582627067223,264.94525,4.4192724,5.287369
1582627067228,263.96915,5.4420524,6.98353
1582627067238,266.4446,5.269724,8.012454
1582627067248,270.58688,3.8805532,7.48572
1582627067260,274.45908,2.2492988,5.0417237
1582627067268,278.06018,0.19010416,1.0286769
1582627067279,281.73978,357.1557,356.79727
1582627067287,284.06384,354.19266,351.3126
1582627067297,285.28552,351.51334,346.2798
1582627067310,286.0904,348.96002,342.87488
1582627067317,286.47043,347.52045,341.34625
1582627067328,287.18494,346.40033,341.40698
1582627067337,288.01636,345.04965,340.74323
1582627067347,288.11694,344.2077,340.20322
1582627067358,290.18533,343.31937,343.60358
1582627067367,293.86664,343.10254,350.03613
1582627067377,297.31372,344.1269,356.72177
1582627067387,300.09457,346.48257,2.863045
1582627067397,302.58044,347.75024,7.447956
1582627067410,306.50235,348.37247,10.99942
1582627067419,308.4372,348.45865,12.795217
1582627067429,308.6212,348.0188,12.285831
1582627067439,307.15286,346.86914,9.521875
1582627067449,308.6092,344.59225,8.338607
1582627067460,312.40823,341.513,8.28265
1582627067468,313.42737,339.8195,7.8080535
1582627067479,314.49866,339.6215,8.536376
1582627067488,313.99506,341.84076,10.519753
1582627067498,311.2616,345.087,11.392709
1582627067509,309.15878,346.84122,11.1225195
1582627067518,305.95404,348.28754,10.385225
1582627067528,305.88235,348.52435,10.591794
1582627067539,309.66205,346.7197,11.440047
1582627067549,315.2837,345.2293,13.51573
1582627067560,318.9302,343.41812,14.083217
1582627067568,321.7513,341.0281,13.735744
1582627067578,323.03964,339.34253,13.7210865
1582627067588,321.6522,339.9017,14.20574
1582627067597,315.86194,342.44485,12.673465
1582627067609,310.25507,344.41754,10.843769
1582627067617,305.18057,345.71902,8.941904
1582627067627,299.78204,347.21902,6.8784456
1582627067637,293.45578,349.96283,4.928432
1582627067647,286.9926,353.59344,3.8617663
1582627067658,281.6632,357.14206,3.9829412
1582627067667,276.8101,0.20842153,4.2016296
1582627067677,273.09387,2.567844,4.087626
1582627067687,270.48413,4.0121727,3.3286722
1582627067697,270.31552,4.606845,1.5945774
1582627067710,270.9807,4.3597565,359.78787
1582627067718,272.84735,3.371144,359.07483
1582627067729,275.95398,1.4451663,359.95755
1582627067740,281.41864,358.54175,2.8308377
1582627067748,286.3891,356.61856,4.552813
1582627067758,291.02576,354.80273,7.1623893
1582627067768,302.10764,351.03806,11.477259
1582627067778,306.49557,348.81186,12.213489
1582627067788,307.45737,347.22226,11.184421
1582627067798,307.3974,345.0498,9.378947
1582627067808,303.0158,344.64258,5.279605
1582627067818,306.52972,341.10706,5.506407
1582627067828,303.2787,340.31116,2.3142412
1582627067841,300.58307,340.21143,359.4152
1582627067848,298.62787,339.3212,357.27963
1582627067858,296.394,339.11337,355.04443
1582627067867,294.10635,339.61398,352.92233
1582627067878,292.75107,339.8366,352.15796
1582627067888,294.04492,338.80014,353.35733
1582627067899,295.62604,338.92838,356.58853
1582627067909,292.59628,340.41812,354.641
1582627067919,287.73505,343.05325,350.95395
1582627067928,284.17157,345.53903,348.46945
1582627067939,282.3703,346.66965,347.21948
1582627067947,280.42914,347.8908,347.18362
1582627067959,278.43872,349.64807,347.688
1582627067967,276.17297,351.89774,348.72867
1582627067977,274.14108,353.91498,351.09564
1582627067987,273.35583,355.3435,354.37015
1582627067997,272.96823,355.63187,357.2159
1582627068008,274.13843,354.90457,359.02823
1582627068018,274.69852,354.20947,359.7155
1582627068028,275.01367,354.19485,358.36844
1582627068040,275.98288,353.43805,355.3874
1582627068049,277.0016,351.33038,351.17584
1582627068059,277.02356,349.95923,345.23495
1582627068068,275.5941,350.14417,341.8848
1582627068080,273.05487,353.75833,341.916
1582627068090,269.46408,358.7198,344.90338
1582627068098,266.22986,2.8470917,349.1203
1582627068108,263.87067,4.977192,353.63574
1582627068118,263.34717,5.3391027,357.42236
1582627068128,265.92682,4.180692,359.53485
1582627068138,268.7824,2.7763245,0.3434654
1582627068149,272.38037,1.0702215,0.70733094
1582627068158,277.1201,358.6806,0.8778483
1582627068169,282.11707,356.05643,0.82710546
1582627068179,287.28943,353.75705,1.4465634
1582627068189,292.51562,351.02557,1.9626538
1582627068198,297.45776,348.42105,2.7470589
1582627068208,301.9768,345.9856,3.994541
1582627068217,307.59955,343.23688,5.4200644
1582627068228,313.09967,340.13525,7.4011164
1582627068240,318.19778,336.91806,9.197089
1582627068247,320.71283,334.31442,9.566876
1582627068258,327.9928,329.18042,12.821161
1582627068267,335.07864,323.37726,16.58654
1582627068277,340.9557,318.38617,20.31215
1582627068288,334.6681,317.46246,15.546274
1582627068299,358.70642,315.50073,35.33941
1582627068309,8.469412,321.09366,42.734398
1582627068318,0.26442966,328.43216,36.943047
1582627068329,333.2599,340.87122,24.553421
1582627068339,320.6866,346.85428,21.445234
1582627068349,313.0135,349.63367,19.009117
1582627068359,306.72186,351.92993,16.898432
1582627068370,299.35886,354.14328,13.185217
1582627068378,294.91367,355.85593,10.373131
1582627068388,291.8532,357.27423,8.170062
1582627068398,294.04047,356.5764,9.279806
1582627068408,302.88535,354.36584,12.815286
1582627068420,312.64774,351.90097,16.125652
1582627068428,329.3379,347.06644,21.356394
1582627068439,337.51837,344.13705,24.155851
1582627068449,337.88565,343.47986,24.410604
1582627068457,333.0042,344.52332,22.748142
1582627068470,324.569,346.41333,19.84992
1582627068477,316.82236,347.57034,16.326147
1582627068489,309.34976,348.66064,12.349484
1582627068497,302.17328,350.70892,8.584706
1582627068507,296.42175,353.67886,6.9398465
1582627068519,291.97614,357.1711,7.9475374
1582627068527,289.326,359.9691,11.099796
1582627068539,286.92572,2.1462665,14.19906
1582627068547,284.10864,3.5130825,15.083969
1582627068557,281.3702,4.037015,13.776804
1582627068569,280.54803,3.867099,11.0540495
1582627068577,279.63144,3.5749993,7.6623454
1582627068588,279.55734,3.2717884,3.852182
1582627068599,279.9699,2.3462138,359.869
1582627068608,281.67395,1.1496165,358.59067
1582627068620,283.1034,359.9913,358.50528
1582627068628,284.73923,358.47314,359.64392
1582627068639,288.68582,356.57782,1.754511
1582627068648,292.11816,354.89417,3.343559
1582627068660,294.85056,353.2677,4.4376125
1582627068669,296.5337,351.94543,4.273886
1582627068679,297.31458,350.1139,2.4810104
1582627068689,297.50113,348.03833,0.26203725
1582627068698,298.6651,345.84842,359.01077
1582627068708,301.63672,342.26013,358.74783
1582627068720,303.1411,340.19833,359.0084
1582627068728,303.83386,339.48355,359.8267
1582627068738,304.06015,340.01102,1.3650945
1582627068749,304.45486,340.1283,2.6346877
1582627068757,300.89886,340.78372,0.07034282
1582627068769,297.60562,341.01108,357.07315
1582627068777,296.2697,340.0749,355.25668
1582627068787,296.03506,341.13913,357.3446
1582627068798,291.91434,345.43945,357.91907
1582627068807,287.0809,350.09042,358.24112
1582627068818,283.34784,353.70782,359.46826
1582627068827,279.69888,356.66782,359.37784
1582627068837,277.97614,358.05005,359.58112
1582627068847,278.4609,358.0617,359.66898
1582627068857,279.58026,357.28473,359.86377
1582627068868,281.4688,355.93518,0.46787676
1582627068877,283.55228,354.68097,0.41260135
1582627068889,284.2843,353.6357,358.95297
1582627068897,284.30273,352.8246,356.21835
1582627068908,283.35266,352.24594,352.4878
1582627068920,282.42462,351.82983,347.9122
1582627068928,281.27664,352.09918,346.5662
1582627068938,279.1279,354.98462,348.23297
1582627068948,277.20953,358.09183,350.84988
1582627068958,273.64496,1.2258022,355.21005
1582627068968,271.412,3.113072,359.1321
1582627068979,270.33997,3.7939973,1.8412116
1582627068989,271.7276,2.876548,1.459363
1582627068999,273.91403,1.0734351,358.5184
1582627069008,276.24985,359.30026,354.6606
1582627069019,277.8232,357.1924,349.15158
1582627069028,278.04907,355.57037,344.7342
1582627069038,278.29123,354.8919,343.7445
1582627069050,279.67615,353.79303,346.15533
1582627069057,283.67004,351.54398,352.04428
1582627069068,287.85696,349.87457,356.81653
1582627069078,292.33838,348.31567,0.6146668
1582627069089,297.6352,345.52374,3.5536325
1582627069098,302.95514,343.0201,6.144183
1582627069107,308.04306,341.0604,8.131305
1582627069121,312.3951,338.98624,9.761793
1582627069128,318.70135,336.77374,13.119783
1582627069138,325.93958,334.56622,16.901958
1582627069147,329.5805,332.5127,18.49046
1582627069157,333.44092,330.52844,20.787746
1582627069168,335.569,329.90414,22.310528
1582627069177,331.9425,331.86832,20.802107
1582627069187,324.99603,335.99863,18.789124
1582627069199,317.2289,340.79474,17.150173
1582627069209,307.3106,345.18024,14.13821
1582627069219,301.61423,347.11737,12.342963
1582627069229,296.4075,348.11807,8.812917
1582627069238,294.6742,347.9911,6.1992583
1582627069249,295.65424,346.75662,4.8532352
1582627069259,296.94315,344.45718,3.0995798
1582627069269,300.32095,341.76776,3.5350792
1582627069278,305.20316,339.1297,5.214591
1582627069288,309.40054,337.00296,7.1824093
1582627069300,312.91226,335.43515,8.662561
1582627069308,313.15213,334.5044,8.666909
1582627069318,312.85742,333.92548,8.1631365
1582627069329,313.84018,334.10776,9.458502
1582627069342,312.1601,335.65143,9.945725
1582627069350,308.0234,337.17883,9.079719
1582627069358,300.35883,339.5089,5.576905
1582627069369,293.30978,341.98926,1.7227523
1582627069378,286.72083,345.2652,359.2699
1582627069388,282.19977,348.2805,359.44882
1582627069400,279.52026,350.26367,1.7802452
1582627069409,278.93393,351.1214,5.021343
1582627069418,279.99542,351.12244,8.184671
1582627069427,281.83215,350.45523,9.758846
1582627069437,282.39456,349.5132,8.988319
1582627069449,282.18164,348.42386,6.6150513
1582627069457,281.87332,347.2158,2.8272223
1582627069470,281.09332,345.87042,358.69458
1582627069480,280.9287,345.06894,356.57037
1582627069487,281.55252,344.4709,355.95825
1582627069499,284.38434,342.5839,357.0298
1582627069509,288.85718,340.28473,359.6845
1582627069519,293.86728,337.6982,2.0560174
1582627069528,297.4117,335.43262,2.9407964
1582627069538,301.19052,332.54166,3.0766957
1582627069552,301.26178,329.82797,0.49607936
1582627069558,298.42984,328.41455,356.3511
1582627069568,294.94415,327.92145,352.3898
1582627069578,292.69153,328.00253,350.50275
1582627069587,292.2235,328.45074,350.81824
1582627069598,294.65222,328.87106,354.32034
1582627069608,295.9555,329.88803,356.99905
1582627069618,296.31818,330.95477,359.15732
1582627069629,297.74078,331.92584,2.2175741
1582627069639,297.95767,333.3163,3.9533002
1582627069648,295.93048,334.33975,3.161969
1582627069658,292.16757,335.6008,0.6382216
1582627069668,288.02643,337.54764,358.05612
1582627069682,285.07623,339.3563,356.60257
1582627069687,284.40292,339.6303,356.25812
1582627069698,281.75098,340.77216,355.0348
1582627069708,278.93497,342.9372,354.08258
1582627069717,276.44736,344.82318,354.26755
1582627069727,274.48126,346.10764,354.01355
1582627069737,273.98358,346.50565,353.86676
1582627069748,274.09332,346.19705,353.16956
1582627069757,274.28848,345.6626,352.7156
1582627069767,274.6935,345.13205,352.29703
1582627069777,276.1363,344.15668,351.60617
1582627069787,277.25732,342.4382,349.942
1582627069801,277.14618,341.53378,347.23584
1582627069808,275.5783,343.37064,347.16748
1582627069819,273.64685,346.1056,349.22812
1582627069830,270.5141,350.09036,354.19733
1582627069839,269.02225,351.70026,358.51938
1582627069849,269.12222,352.00922,2.1051972
1582627069858,271.66672,350.97363,2.9384198
1582627069868,274.67773,348.83356,1.1939154
1582627069882,276.7213,345.49118,353.16653
1582627069888,275.43405,343.54993,345.23257
1582627069898,274.0747,343.1479,340.12088
1582627069909,272.9565,343.7376,337.9348
1582627069918,272.8483,344.163,338.5941
1582627069928,273.8844,343.71283,340.43176
1582627069939,276.10547,342.18442,344.11887
1582627069949,279.64108,340.55753,347.42447
1582627069958,284.0572,338.5044,350.8123
1582627069968,290.1418,336.36194,354.81552
1582627069980,296.80194,334.10443,358.98404
1582627069987,303.01855,332.24133,1.9008656
1582627070000,307.85065,330.56805,3.950288
1582627070007,312.6013,329.01602,6.0275283
1582627070017,317.8458,327.7702,8.549513
1582627070030,320.69528,326.83066,10.43371
1582627070037,324.5312,326.90656,13.257482
1582627070048,326.67847,328.03055,15.221192
1582627070057,324.04468,330.95782,15.027972
1582627070067,316.9812,335.30066,13.789589
1582627070079,307.06528,339.5867,10.55996
1582627070087,302.37302,341.8195,9.321968
1582627070099,298.50156,342.48898,6.7661495
1582627070109,297.41226,342.40106,4.627982
1582627070118,295.12842,342.49164,2.2185998
1582627070129,293.87628,342.67004,0.1635582
1582627070138,293.71854,342.2116,359.0371
1582627070148,295.39243,340.7223,359.02646
1582627070160,299.79202,338.37216,0.65080345
1582627070169,305.8443,336.10434,4.0537605
1582627070179,311.54047,334.55466,7.4290524
1582627070190,315.17667,334.095,9.933364
1582627070201,317.29984,334.74524,11.871602
1582627070208,317.79608,335.626,13.3054085
1582627070219,316.50168,336.46167,13.797309
1582627070232,313.33722,336.96634,12.64113
1582627070239,305.82285,337.52127,8.136951
1582627070249,299.46405,338.82306,4.499072
1582627070258,290.52747,343.32327,0.35006395
1582627070268,284.2146,347.5429,0.38738236
1582627070279,280.4682,350.4388,2.6735153
1582627070288,278.71823,352.0882,6.2833533
1582627070297,278.09314,352.63638,9.211235
1582627070307,276.8642,353.0869,9.783162
1582627070318,275.3282,353.1486,7.835832
1582627070329,275.40225,352.62024,4.7487044
1582627070337,275.1022,351.65256,0.9596499
1582627070347,276.2508,350.2984,357.8645
1582627070357,278.18076,348.92535,356.43494
1582627070367,280.12604,347.6939,356.95078
1582627070378,283.7438,346.07043,358.54498
1582627070387,287.78036,344.1529,0.91144294
1582627070398,293.4862,341.44754,2.7121775
1582627070410,299.34802,338.0141,4.0504956
1582627070418,303.5626,334.65622,4.2499213
1582627070429,305.27484,332.039,3.5190456
1582627070439,305.3861,329.50226,1.6793352
1582627070448,304.425,328.52948,0.28845876
1582627070459,302.45258,328.47156,358.64685
1582627070468,300.3212,328.70175,357.00003
1582627070479,297.81668,328.46436,354.71622
1582627070488,297.302,327.5944,353.64764
1582627070498,295.68585,326.44427,351.4252
1582627070508,294.8525,326.14233,350.5144
1582627070518,293.79724,327.1515,351.02362
1582627070528,293.55615,328.90714,353.3234
1582627070539,291.51483,331.93744,354.90494
1582627070548,287.54477,335.45364,355.01694
1582627070559,282.21716,339.14456,353.6058
1582627070567,278.4164,342.13632,352.1845
1582627070578,275.6505,344.44736,351.0043
1582627070587,273.37494,346.55457,350.76233
1582627070597,271.30524,348.32336,351.4179
1582627070609,271.06885,349.03433,352.31506
1582627070617,272.25464,348.2482,352.85327
1582627070627,274.6416,346.63663,353.28287
1582627070637,277.07162,344.80682,353.63098
1582627070647,278.44144,343.57227,353.75104
1582627070659,279.0586,343.05704,353.15625
1582627070668,279.5227,342.33395,352.50342
1582627070678,279.3663,341.7495,350.55225
1582627070688,277.40442,342.63034,347.4439
1582627070698,273.32373,346.49243,345.04395
1582627070709,270.84418,349.635,346.3894
1582627070719,267.6559,354.01596,351.0706
1582627070728,264.3871,356.7979,354.7413
1582627070739,262.17532,358.4409,356.9483
1582627070748,261.46185,359.249,357.9917
1582627070759,262.68445,359.34497,356.32367
1582627070768,263.649,358.96484,354.12854
1582627070778,265.20612,358.2054,350.65448
1582627070789,267.57416,356.71176,347.7329
1582627070798,270.18176,354.32956,345.86002
1582627070808,273.16068,352.12228,345.65155
1582627070818,277.1809,348.87115,347.134
1582627070828,280.81815,346.63312,349.05804
1582627070838,285.47977,343.73935,351.5149
1582627070848,290.728,340.7342,354.29523
1582627070859,295.02707,338.6516,355.6923
1582627070867,297.37164,337.187,356.11884
1582627070879,300.03058,335.89032,356.95782
1582627070887,302.44516,335.14774,358.21448
1582627070897,307.8058,333.567,1.4163544
1582627070908,313.12372,331.80615,4.7320848
1582627070917,317.65564,330.67746,7.289316
1582627070927,320.97086,330.6838,9.536422
1582627070937,320.77112,332.56992,10.534923
1582627070947,315.40356,336.24573,8.469198
1582627070959,309.59485,340.81342,6.7165866
1582627070968,304.6914,345.62982,6.4685125
1582627070977,301.87524,349.11365,7.946291
1582627070987,299.10083,351.5037,7.916365
1582627070998,295.55252,354.25607,8.36282
1582627071009,295.0418,355.45407,8.621122
1582627071018,296.99554,355.47562,9.132993
1582627071028,301.76202,353.63898,10.146649
1582627071042,310.66452,349.6896,11.571695
1582627071048,318.9986,345.98563,13.559606
1582627071058,325.0919,343.73633,15.665676
1582627071068,330.4598,342.99084,18.3368
1582627071079,330.46997,344.3429,18.968254
1582627071089,327.4486,345.63004,18.325893
1582627071098,318.50677,347.84363,15.097575
1582627071108,312.38855,349.43625,12.1997795
1582627071118,303.32913,352.11758,8.067312
1582627071128,297.51773,354.33344,6.243669
1582627071139,292.26993,357.3582,5.2831388
1582627071149,286.54703,0.03664749,3.9396408
1582627071158,285.41953,1.6256409,7.845973
1582627071168,283.0548,2.8774524,8.134231
1582627071178,281.49622,3.2988374,8.5005
1582627071190,280.61398,3.2964954,7.875519
1582627071198,279.8494,3.1996887,6.3663483
1582627071207,279.77682,2.5847154,3.7501175
1582627071217,279.9363,1.7404497,0.18160924
1582627071227,280.09805,1.1352355,356.02036
1582627071239,280.17944,359.83002,353.46906
1582627071247,281.03598,358.551,352.6491
1582627071257,282.65347,357.33075,353.3959
1582627071267,285.68066,355.74463,355.81012
1582627071277,289.75635,353.7845,359.2878
1582627071289,295.32678,351.61038,2.7136588
1582627071298,300.99878,348.6811,5.4504657
1582627071308,304.15256,346.4322,5.9000845
1582627071318,305.44168,344.8494,5.3179026
1582627071328,306.95856,342.25494,4.3307576
1582627071339,306.63977,339.99582,2.5416977
1582627071348,307.7144,336.86063,1.8742009
1582627071358,309.53464,335.23172,2.9391162
1582627071368,310.75623,333.9905,4.0452814
1582627071379,311.05527,334.979,5.3147755
1582627071388,305.58792,337.3045,2.5185144
1582627071398,302.0403,339.15036,0.6802018
1582627071409,296.64755,342.62418,358.62204
1582627071418,291.14825,346.84918,357.42218
1582627071429,286.96304,350.56705,357.79416
1582627071438,283.70325,352.98508,357.87027
1582627071448,278.64188,356.5541,356.72916
1582627071457,274.39853,359.16718,354.91394
1582627071467,272.70264,0.16167052,352.91754
1582627071477,273.51028,359.06488,351.40088
1582627071490,275.00858,357.28882,350.10126
1582627071498,276.2887,355.89655,349.44833
1582627071508,276.59195,355.26813,348.62512
1582627071518,275.45428,355.77676,347.02847
1582627071527,274.06055,356.8941,344.57916
1582627071538,272.77124,357.68344,341.8516
1582627071547,272.3496,357.61627,340.0332
1582627071557,271.27277,358.39746,340.6305
1582627071567,269.1409,0.96975005,345.2283
1582627071577,265.08438,4.1227503,350.47083
1582627071588,261.5842,6.3486414,354.4506
1582627071599,261.12976,6.694827,357.83237
1582627071609,262.27933,5.9734435,358.4802
1582627071620,264.96216,5.0392237,356.26364
1582627071628,267.96756,4.0605297,349.1684
1582627071638,270.33856,2.7181826,343.98096
1582627071649,272.08185,1.1165781,342.45853
1582627071658,274.21228,359.4167,343.9379
1582627071671,276.09195,358.2038,347.3855
1582627071678,278.6354,356.67667,351.3907
1582627071689,282.43015,354.7178,355.21222
1582627071698,287.38654,352.24203,358.42947
1582627071713,293.84775,349.11948,1.29896
1582627071718,301.83737,345.3407,3.7291698
1582627071728,309.146,341.23306,5.5288363
1582627071738,314.69022,337.26257,6.816292
1582627071747,320.60626,332.9244,8.948634
1582627071757,327.014,327.55948,11.603537
1582627071767,333.39825,321.7748,14.856901
1582627071777,339.70084,316.5068,19.065214
1582627071788,345.9164,311.7908,23.539429
1582627071798,348.7503,310.1688,26.53688
1582627071807,350.6636,311.44128,28.525295
1582627071819,348.0488,316.10333,26.883677
1582627071828,339.40765,323.13245,21.645338
1582627071838,329.01065,330.73148,16.36351
1582627071847,319.95526,337.95068,13.1915655
1582627071858,311.6688,344.02765,10.919457
1582627071867,303.41495,349.00244,9.186923
1582627071877,297.2072,352.558,6.9552927
1582627071887,293.7181,354.76706,6.1644797
1582627071898,294.34738,355.33746,7.845366
1582627071908,300.45346,354.02585,11.214397
1582627071921,316.09424,349.9618,16.70343
1582627071928,326.5413,346.78543,19.598192
1582627071938,330.19922,345.2158,20.445482
1582627071948,329.3181,345.4748,19.755207
1582627071959,322.3987,347.39386,17.241007
1582627071970,314.16473,349.44568,14.030498
1582627071978,307.75967,350.52237,10.712352
1582627071988,300.1957,352.01175,6.3761563
1582627071998,294.8795,354.2683,2.8490791
1582627072008,290.1195,356.95392,1.4125373
1582627072018,286.66162,359.24475,1.4181452
1582627072028,283.40152,1.8686684,2.5924597
1582627072038,281.2637,3.43403,3.2585135
1582627072048,279.54086,4.414224,3.0940917
1582627072058,279.13208,4.5473332,1.6190865
1582627072070,279.56042,4.252649,358.85507
1582627072077,278.99268,3.502791,355.3656
1582627072087,279.21533,2.8399165,353.02844
1582627072097,281.4911,0.8110258,352.119
1582627072107,283.86243,358.7755,353.19208
1582627072118,286.68292,357.17905,355.58667
1582627072127,289.2382,356.18768,358.75006
1582627072140,291.56982,355.5062,1.3697171
1582627072150,293.57605,354.7242,3.2479253
1582627072157,296.50546,353.5719,4.3429127
1582627072174,298.26242,352.2509,4.587762
1582627072179,300.36862,349.9884,4.30846
1582627072187,301.41403,347.315,3.089516
1582627072199,300.347,344.36575,359.39932
1582627072209,299.3708,342.46884,356.95294
1582627072218,300.13882,339.23508,355.40732
1582627072231,301.672,337.5033,357.52997
1582627072239,303.7329,337.53943,1.659404
1582627072254,304.4906,338.233,3.8782232
1582627072262,302.34216,340.6766,4.8271937
1582627072270,298.04248,343.58896,3.7024999
1582627072278,292.13437,347.8648,2.638386
1582627072289,286.36465,351.38953,0.0058767465
1582627072300,283.85046,351.8486,358.1512
1582627072309,282.16385,352.14462,355.67865
1582627072319,279.9197,352.9394,353.08405
1582627072328,278.14694,353.84113,352.25073
1582627072338,275.49362,355.8017,352.39386
1582627072348,273.35834,357.15466,352.82266
1582627072358,271.85382,357.81604,353.06323
1582627072369,271.32043,357.75204,353.45123
1582627072377,270.97577,357.31058,353.31808
1582627072387,270.11966,357.43356,352.18167
1582627072398,270.6043,356.58884,350.57983
1582627072407,271.70282,354.75735,348.37756
1582627072419,272.47922,353.81464,347.82083
1582627072427,271.0327,355.39478,348.17255
1582627072437,267.0937,358.87393,349.59238
1582627072449,263.2077,1.7017946,352.393
1582627072457,261.3451,2.6971643,356.07864
1582627072468,261.97842,2.1076062,359.58893
1582627072477,264.38257,0.655006,0.7355647
1582627072487,268.61035,358.5185,358.40796
1582627072500,271.94843,356.23914,353.0824
1582627072509,274.92654,352.75613,346.65057
1582627072518,277.08636,349.8955,343.86346
1582627072528,279.82913,347.26736,343.79584
1582627072539,282.82767,345.10077,345.5954
1582627072549,287.41196,342.2516,349.02313
1582627072558,295.45346,338.0283,353.87195
1582627072568,302.13257,334.20444,357.11224
1582627072578,307.27097,331.1098,359.04752
1582627072587,310.8736,327.64078,359.82797
1582627072599,313.1184,323.82697,358.711
1582627072608,313.33542,321.4229,357.477
1582627072619,316.0557,317.6348,357.89178
1582627072630,319.58972,314.4308,0.011929825
1582627072639,323.15848,312.005,2.619547
1582627072648,327.13168,311.9249,6.263264
1582627072659,329.16238,316.52167,9.74801
1582627072669,326.27832,324.6023,10.689383
1582627072677,320.41333,332.4652,10.888094
1582627072687,312.65527,338.8784,9.943046
1582627072699,305.2597,342.94266,8.522089
1582627072708,301.0938,344.60794,6.822158
1582627072718,297.84332,344.6473,3.966844
1582627072727,295.22522,343.96194,0.0047481996
1582627072737,295.01358,342.5914,357.4263
1582627072749,294.83826,341.50955,356.09164
1582627072757,297.29523,340.62225,357.7413
1582627072768,300.39957,340.11002,1.2960324
1582627072777,305.1712,339.45425,4.959857
1582627072787,309.71548,338.8282,7.938328
1582627072799,314.52927,338.1908,10.425256
1582627072808,316.44193,337.7828,11.274199
1582627072819,316.76593,336.84897,11.289973
1582627072828,314.66373,337.02917,10.054388
1582627072839,309.1717,336.84427,6.0892863
1582627072849,305.05444,337.38995,3.588545
1582627072860,296.6643,341.85312,1.3884108
1582627072869,286.05508,347.77014,359.10028
1582627072879,278.3611,352.38943,357.86218
1582627072888,274.08374,354.77676,357.90244
1582627072899,272.00238,356.1709,359.9602
1582627072908,270.972,356.68896,2.9988298
1582627072921,269.84424,356.84814,5.9889364
1582627072928,269.66888,357.15646,6.839336
1582627072938,270.43198,356.84778,6.9351172
1582627072950,273.23468,355.58606,5.978509
1582627072958,276.9358,353.7687,4.0826836
1582627072967,281.04108,351.40143,1.8277674
1582627072978,283.8697,349.1046,359.81158
1582627072988,287.368,346.4215,358.31387
1582627072999,291.20654,343.10992,357.55936
1582627073008,294.69904,339.61514,356.67017
1582627073019,297.4068,335.66418,355.0476
1582627073027,300.5021,330.64215,353.64615
1582627073037,301.63153,325.7349,351.33957
1582627073049,301.59988,322.86258,349.58594
1582627073057,299.99982,321.75635,347.9014
1582627073067,298.74017,321.74298,347.5106
1582627073077,298.79105,322.80023,348.7545
1582627073087,298.78006,325.1831,351.371
1582627073099,297.22552,328.28564,352.73392
1582627073108,294.87946,331.64972,354.3267
1582627073119,292.79492,334.38547,355.7622
1582627073131,289.36533,336.47925,355.471
1582627073139,284.85104,338.51303,352.88107
1582627073148,281.2644,340.20078,350.23853
1582627073158,278.3739,341.96808,348.87238
1582627073167,276.90958,343.17514,349.35056
1582627073180,274.8275,345.3813,351.4021
1582627073189,273.37805,347.33878,353.99084
1582627073200,272.1179,347.75757,354.98376
1582627073210,272.46387,347.37686,353.8417
1582627073221,272.65836,346.64465,352.129
1582627073230,273.50903,345.45334,350.1568
1582627073241,274.34735,344.18588,348.52667
1582627073249,275.64136,343.0115,348.40607
1582627073258,276.6017,342.08456,348.06488
1582627073268,276.45486,341.28036,346.5316
1582627073280,275.42853,342.03586,344.5119
1582627073288,272.33865,344.52557,343.8957
1582627073299,270.329,347.55432,346.00745
1582627073308,268.51956,349.89304,350.09558
1582627073319,267.30795,351.45483,354.66617
1582627073329,267.88992,351.5087,358.40598
1582627073337,270.65405,350.0969,1.2920717
1582627073347,272.7237,348.80267,0.6920534
1582627073357,273.74792,347.76328,357.8716
1582627073367,272.95422,347.92505,354.4433
1582627073379,271.73444,348.87726,352.5212
1582627073386,271.36774,349.34827,352.63773
1582627073399,272.82294,348.28888,352.7135
1582627073408,274.4491,347.24234,352.81335
1582627073419,277.51196,345.21542,352.97836
1582627073431,282.61932,341.76166,353.43018
1582627073439,287.35864,338.33466,353.61923
1582627073448,290.4887,335.62582,352.83066
1582627073458,292.72842,332.79675,351.47137
1582627073468,294.50946,330.6787,350.49008
1582627073478,296.78928,329.05832,350.9554
1582627073489,298.94055,328.16113,352.24533
1582627073498,301.1679,327.38397,353.73752
1582627073509,304.8745,326.055,356.12164
1582627073519,314.16745,323.6658,2.8290346
1582627073528,324.01398,322.62808,9.850406
1582627073539,333.45914,323.184,16.711329
1582627073547,335.2952,329.59064,20.146425
1582627073559,329.38226,336.229,19.662144
1582627073569,321.59418,341.0096,18.578617
1582627073579,315.1911,343.8224,16.9948
1582627073588,311.44186,344.85428,15.104306
1582627073598,308.40997,345.06903,12.945176
1582627073608,305.44193,345.28882,10.803483
1582627073617,306.51855,344.79132,10.27183
1582627073630,308.8951,344.03363,10.392415
1582627073638,308.59576,343.60043,9.206853
1582627073647,309.3611,343.46756,8.813972
1582627073658,312.3188,342.61804,9.777351
1582627073667,315.7409,341.74463,11.295718
1582627073679,317.93033,341.2114,12.400955
1582627073688,315.57608,342.16708,11.36466
1582627073700,307.77997,346.20917,9.893681
1582627073709,300.01227,348.72577,6.7950554
1582627073718,293.20612,352.18042,5.6584496
1582627073730,285.2717,356.8338,5.0233164
1582627073738,281.13867,359.07544,4.745334
1582627073750,278.79523,0.38455683,5.2384515
1582627073760,278.74814,0.778716,5.794497
1582627073769,278.7063,0.700006,6.2983866
1582627073779,279.09348,0.28539735,6.1047378
1582627073789,279.36725,359.66656,4.5588775
1582627073798,279.10846,359.30392,2.5086498
1582627073811,278.0706,358.98224,358.7379
1582627073818,277.4076,359.02597,356.08942
1582627073828,277.17133,358.84186,354.49283
1582627073838,277.10233,358.7112,354.8531
1582627073848,277.95938,358.63098,356.3312
1582627073861,278.64633,358.48654,358.52914
1582627073868,280.8934,357.73373,1.0880514
1582627073878,284.28528,356.3101,3.5292394
1582627073888,287.17035,355.17722,4.44735
1582627073898,289.3568,353.7302,3.8077524
1582627073909,290.85205,352.0017,1.7608541
1582627073917,292.43417,349.71893,359.29755
1582627073928,292.7384,347.24182,356.15173
1582627073937,293.2734,344.8194,353.52475
1582627073948,294.52808,342.6346,353.33664
1582627073960,295.66364,341.54984,354.1454
1582627073967,296.8967,341.20834,355.90274
1582627073977,297.13907,340.68658,356.56842
1582627073987,295.4734,340.83145,355.19077
1582627073999,292.69672,341.27432,352.84708
1582627074009,290.96118,342.383,351.96997
1582627074019,285.85672,346.39203,349.9535
1582627074031,281.65274,350.3486,349.49652
1582627074039,279.31897,352.34476,350.81964
1582627074049,277.2481,354.2314,352.68744
1582627074061,275.61377,356.03464,354.63486
1582627074069,273.6686,357.92767,357.4259
1582627074080,272.7102,358.52435,358.7923
1582627074088,272.45526,358.30222,359.12927
1582627074099,272.989,357.99966,358.5802
1582627074109,273.51428,357.87042,357.41492
1582627074118,274.04947,358.10846,355.30933
1582627074128,274.07178,358.01443,353.0195
1582627074140,274.48877,357.24762,349.63058
1582627074148,274.7324,356.55554,346.47693
1582627074158,275.0393,356.3917,346.19666
1582627074168,274.38257,357.95633,349.6689
1582627074178,271.35727,1.3422862,354.32428
1582627074188,267.8178,4.037398,357.84488
1582627074199,265.73972,5.522198,359.61295
1582627074209,265.89557,5.905654,359.38797
1582627074217,268.01328,5.2277756,357.23923
1582627074227,270.92627,3.5396404,353.81662
1582627074237,274.2674,1.2892967,350.5889
1582627074248,277.02588,359.01294,347.76697
1582627074260,279.83914,356.20694,346.86395
1582627074272,283.6664,353.3443,347.47995
1582627074278,287.48907,350.62515,349.1701
1582627074287,292.4095,347.62445,351.70712
1582627074298,298.1764,343.93134,354.4995
1582627074310,303.14426,340.79218,356.30243
1582627074319,306.58423,337.14594,356.796
1582627074329,309.6862,333.5082,357.13287
1582627074341,313.59467,329.52438,358.59055
1582627074349,317.95267,326.5641,1.4882783
1582627074358,321.98434,326.6854,5.494558
1582627074369,323.38962,327.87564,7.5478663
1582627074378,321.15674,328.89395,6.286797
1582627074390,316.0834,329.2593,2.2682378
1582627074398,311.67078,330.4616,359.2806
1582627074408,311.51733,331.99966,0.52224684
1582627074418,314.1344,335.41107,5.568475
1582627074428,311.12228,340.96204,8.224478
1582627074441,305.89807,346.04404,9.555018
1582627074447,300.00314,349.7411,10.23352
1582627074459,294.9652,352.55515,10.629539
1582627074468,294.16843,353.56927,12.053954
1582627074477,298.58383,352.99188,13.993366
1582627074488,308.6202,350.32916,16.706633
1582627074497,324.17416,345.03995,19.321764
1582627074509,333.36542,339.57675,20.049686
1582627074517,335.2588,337.06454,19.98066
1582627074528,331.32416,338.39633,18.600567
1582627074537,326.2356,340.7687,17.666208
1582627074547,322.02533,342.6887,16.97292
1582627074558,317.7851,342.962,15.832121
1582627074568,315.08188,342.0006,14.13513
1582627074577,308.6535,341.32666,9.872905
1582627074587,300.3742,341.78052,4.273628
1582627074598,293.0758,344.30612,359.46094
1582627074608,286.89557,348.3385,358.41678
1582627074618,281.6689,353.0344,359.74048
1582627074628,274.83237,358.1753,0.6948867
1582627074640,271.5642,0.45788938,0.42923847
1582627074649,270.92166,1.1975422,359.52124
1582627074659,271.5277,1.1534733,358.32565
1582627074668,273.1909,0.58264554,357.52585
1582627074678,275.55786,359.3744,357.05954
1582627074690,278.36624,357.98,357.0091
1582627074699,280.39792,357.12473,357.58762
1582627074709,283.2577,356.03247,359.17493
1582627074718,287.67343,354.72125,1.0288241
1582627074728,290.4546,353.90686,2.0865738
1582627074742,293.41254,352.99765,3.3610153
1582627074749,296.15573,352.00098,4.0584974
1582627074757,298.7506,350.9113,4.084082
1582627074768,299.5371,350.3354,3.0459743
1582627074778,299.5651,349.46112,1.6573251
1582627074790,300.6067,348.1956,0.868414
1582627074798,301.40173,346.88123,0.5239992
1582627074809,300.46805,346.08777,359.1727
1582627074818,300.183,345.07434,358.12686
1582627074829,299.85486,344.24826,356.8222
1582627074840,297.7757,343.59637,354.3969
1582627074848,295.41534,343.26917,352.04672
1582627074858,292.06512,344.15588,349.0254
1582627074867,287.73175,346.81192,345.5071
1582627074877,284.43243,349.66226,343.63867
1582627074888,282.03333,352.11697,343.6588
1582627074898,279.54077,354.39886,343.01926
1582627074908,276.716,356.97656,341.3567
1582627074922,274.47964,359.36786,340.84113
1582627074929,273.79562,0.09399087,341.88684
1582627074940,273.61163,0.20450817,344.18134
1582627074949,273.78503,359.97015,346.51498
1582627074959,273.18375,0.090923116,350.63397
1582627074970,272.62503,0.7355831,352.48416
1582627074979,269.96075,2.9567308,352.58575
1582627074990,268.75208,4.3495665,351.09766
1582627075000,268.69214,4.8359227,349.30453
1582627075008,269.05222,4.5753794,347.8332
1582627075022,269.78226,3.9671836,348.744
1582627075028,269.18222,4.009806,355.3849
1582627075038,268.7478,4.553826,0.7805569
1582627075049,268.36218,5.0788836,5.700084
1582627075058,270.31284,5.0844564,7.2431774
1582627075067,272.93103,4.3855176,6.5772634
1582627075078,275.05756,3.8009782,2.5912085
1582627075089,277.35333,2.954045,356.7676
1582627075097,279.98404,1.1096007,351.6926
1582627075107,282.79462,358.89148,348.081
1582627075117,284.96204,356.7726,346.48257
1582627075127,286.9601,355.10623,346.21268
1582627075138,288.9354,353.4399,347.14938
1582627075147,292.28204,351.64392,349.30106
1582627075157,296.10013,349.4848,351.8666
1582627075169,300.15866,347.0993,354.0304
1582627075177,305.3509,344.3369,356.44183
1582627075189,310.31335,341.44925,358.82706
1582627075198,316.01123,337.48886,1.0029571
1582627075208,320.10324,333.03055,2.3050377
1582627075219,321.8854,329.09793,2.2210126
1582627075229,324.3979,323.15057,2.5729988
1582627075241,326.2283,319.37238,3.3345237
1582627075248,326.70322,318.29105,3.775649
1582627075259,326.18152,320.60678,4.6338153
1582627075269,326.21356,327.5971,7.6079874
1582627075279,322.50845,333.5285,7.6629863
1582627075288,316.97205,340.50623,7.575477
1582627075299,315.58514,343.67038,8.78281
1582627075309,312.70456,346.4289,9.167416
1582627075318,309.13977,348.6563,8.554203
1582627075329,305.04822,351.21326,8.16223
1582627075339,304.10437,352.11124,7.813733
1582627075347,304.80524,352.04297,7.8304815
1582627075357,306.96768,350.58072,7.4279084
1582627075369,310.84787,348.04962,7.2006783
1582627075377,315.1681,345.69208,8.241954
1582627075388,319.91467,344.77005,10.37873
1582627075397,325.14066,345.57172,13.599822
1582627075407,327.95316,347.2721,16.044218
1582627075419,327.29688,348.53223,16.749811
1582627075427,324.09705,349.04214,15.898869
1582627075437,319.00262,349.44104,13.885584
1582627075447,310.93088,350.69058,10.434396
1582627075457,303.75714,352.28677,7.3864994
1582627075468,296.79077,354.83203,4.3761835
1582627075477,290.25815,357.7312,2.1394038
1582627075487,286.7857,359.8003,0.98494935
1582627075501,284.85806,0.84608096,0.7932332
1582627075509,284.2732,1.1009778,0.55781764
1582627075519,284.48926,1.0980903,0.24202888
1582627075528,284.9776,0.8927215,0.026128469
1582627075539,286.13962,0.61134017,0.0038175008
1582627075552,287.57074,359.91443,0.69161475
1582627075559,291.30228,358.78964,2.297235
1582627075570,294.69412,357.78418,4.221011
1582627075579,299.82336,357.0067,7.0178733
1582627075589,302.76752,356.82086,8.649779
1582627075601,305.26764,357.15878,11.205788
1582627075608,307.4418,357.1424,12.419343
1582627075618,306.92746,357.00177,11.972701
1582627075628,302.85483,357.14746,9.1227665
1582627075638,300.55377,356.6035,6.983526
1582627075648,299.01062,355.84802,4.679873
1582627075658,296.67603,355.57303,2.0475056
1582627075668,294.31897,355.62042,359.56897
1582627075679,293.67673,354.96817,357.8141
1582627075688,292.13412,354.0753,354.96613
1582627075701,289.114,353.4693,348.73602
1582627075708,286.8294,352.165,342.58206
1582627075719,286.6243,349.14066,338.12744
1582627075728,285.71118,347.84528,334.88638
1582627075738,283.9712,347.69577,331.6859
1582627075749,281.9513,349.4244,330.55844
1582627075758,280.73654,350.651,330.8734
1582627075769,279.8113,351.70715,332.44815
1582627075778,279.36545,352.82495,335.65152
1582627075787,278.6895,354.5784,340.82556
1582627075799,279.12097,355.67856,346.56506
1582627075808,278.9636,356.30145,351.03876
1582627075821,279.00708,356.52744,353.41736
1582627075828,279.9758,356.3288,353.97513
1582627075837,280.11835,356.1558,352.9597
1582627075850,279.91074,356.1085,349.3978
1582627075860,280.65683,354.8765,346.22174
1582627075869,282.13416,352.71722,343.07355
1582627075878,283.2595,350.66693,341.80792
1582627075889,284.77112,349.4856,342.7072
1582627075900,283.68622,352.0617,344.78763
1582627075908,278.16724,358.489,348.76694
1582627075919,275.06042,1.9738779,351.75348
1582627075928,273.70407,3.2450736,354.46445
1582627075940,274.09848,3.2073717,356.59302
1582627075951,275.8495,2.5107691,357.11713
1582627075958,277.99765,1.7837352,356.3895
1582627075968,280.13315,0.93617487,354.81393
1582627075978,278.53265,2.1826453,348.88614
1582627075989,288.3229,355.88202,353.35464
1582627076001,297.94742,349.8198,356.2423
1582627076008,297.26038,348.33276,352.00302
1582627076018,298.90018,343.79968,348.0654
1582627076027,301.71115,338.73224,346.8513
1582627076037,303.5893,334.0505,346.1729
1582627076048,307.81107,329.2913,348.4429
1582627076058,313.1209,325.39508,352.19788
1582627076069,317.85678,323.09534,356.33563
1582627076077,323.91037,322.09595,1.953944
1582627076087,328.99088,321.9812,6.9753385
1582627076099,335.3031,324.01868,13.481492
1582627076108,337.364,327.01727,16.432974
1582627076118,339.79578,332.87366,20.130407
1582627076129,339.29456,336.7469,21.315897
1582627076139,337.79248,339.63174,22.145348
1582627076149,322.95682,342.72562,16.82803
1582627076159,307.23032,345.8597,10.271198
1582627076168,297.98465,347.9631,5.94618
1582627076178,292.14038,349.59543,1.9456437
1582627076189,289.62762,350.13345,359.84558
1582627076198,291.83945,349.0025,1.1208822
1582627076209,298.38818,345.65268,4.3534436
1582627076218,306.87042,341.67725,7.776358
1582627076231,314.99185,337.13367,10.307928
1582627076238,320.11838,334.19305,12.652284
1582627076249,324.3986,332.99158,15.232392
1582627076257,326.3292,334.04788,17.276855
1582627076268,325.29758,337.10062,18.368525
1582627076281,317.8351,340.19067,17.093153
1582627076288,308.39102,342.18735,13.9477005
1582627076298,299.11713,343.88306,9.011404
1582627076309,290.4288,346.78714,4.1689253
1582627076324,285.15222,349.90137,2.1366055
1582627076330,282.49277,352.5376,2.650306
1582627076338,279.68958,354.82794,3.8029857
1582627076348,278.90634,356.17392,4.734614
1582627076357,279.1211,356.74884,4.971336
1582627076367,279.59805,356.5088,3.918874
1582627076377,280.98944,355.66028,2.0891497
1582627076388,282.99615,354.07135,0.87100196
1582627076400,286.59665,352.20258,1.3236047
1582627076409,289.3925,351.02484,2.3186474
1582627076419,292.09613,349.83694,3.4083524
1582627076429,294.05753,348.81476,4.1952972
1582627076439,296.07138,347.5712,4.577819
1582627076448,297.31232,346.35486,4.1548862
1582627076458,298.28418,344.7872,3.2986996
1582627076468,297.94998,343.82727,1.842508
1582627076479,296.73804,343.29767,0.089624226
1582627076488,294.4853,343.39847,357.4059
1582627076500,291.84055,344.46924,355.9952
1582627076508,290.68903,345.38797,356.32587
1582627076518,290.4441,346.22888,357.64005
1582627076531,290.40533,347.0604,359.2309
1582627076540,291.36362,346.7908,359.96252
1582627076550,293.2464,345.47958,0.8438625
1582627076558,295.17584,343.5006,0.9601408
1582627076568,294.40045,341.7279,358.51288
1582627076581,294.31287,339.8145,356.2346
1582627076589,293.52783,338.54758,353.893
1582627076600,291.41373,339.3264,352.3632
1582627076607,289.5838,341.91998,353.71545
1582627076618,284.1513,346.61328,353.78033
1582627076629,279.22122,350.8116,352.96375
1582627076637,275.28436,354.09613,352.24155
1582627076649,273.34848,355.61295,351.6958
1582627076657,272.54175,355.77612,351.30093
1582627076667,273.46286,354.9146,351.41495
1582627076678,274.57632,353.96573,352.948
1582627076687,275.79013,353.2156,353.83502
1582627076698,275.6195,353.72095,353.76788
1582627076709,276.8366,352.9373,353.68896
1582627076718,278.21085,351.7454,353.04175
1582627076730,278.4628,351.65262,352.02536
1582627076738,275.88995,354.66623,352.71106
1582627076750,272.7251,357.59933,355.5503
1582627076760,270.35236,359.8419,358.01697
1582627076768,268.70663,0.97082067,359.00604
1582627076780,267.6773,2.089146,357.96652
1582627076788,266.59467,3.4828415,353.2649
1582627076799,266.52155,4.467408,346.2182
1582627076810,267.47882,4.4587507,340.5806
1582627076819,268.15723,4.000517,336.66577
1582627076830,268.28772,4.4233656,337.70303
1582627076838,268.10516,4.5909753,340.28052
1582627076850,268.83838,3.7723408,345.6591
1582627076858,270.89026,1.6813048,351.26215
1582627076868,275.45602,358.9367,355.84805
1582627076879,282.2154,355.41473,359.69107
1582627076888,292.02655,350.34357,2.5704565
1582627076899,303.008,344.51917,4.8544235
1582627076910,312.56284,338.07892,6.636865
1582627076918,318.96207,331.6494,7.1334715
1582627076930,320.2452,327.04498,5.8037686
1582627076937,319.69788,324.53012,4.5208564
1582627076948,320.80505,323.22348,5.360452
1582627076957,323.1006,323.81458,7.8531594
1582627076968,327.19302,325.4851,12.36484
1582627076979,328.87024,328.00098,15.218805
1582627076988,327.85828,331.15222,15.838169
1582627076998,324.17047,335.6599,15.563
1582627077009,319.5777,339.29688,14.443092
1582627077018,315.4614,343.04657,13.609662
1582627077028,312.22214,345.21582,12.995606
1582627077038,307.75262,348.09503,12.241838
1582627077049,304.6132,349.79236,11.2819395
1582627077058,304.53546,350.55286,11.685131
1582627077068,305.48053,350.42633,12.395102
1582627077078,306.6116,349.64056,11.977552
1582627077088,307.97513,348.45734,11.160721
1582627077098,309.63287,346.80478,10.879764
1582627077111,313.71753,345.0642,11.650503
1582627077118,314.93506,344.83716,12.495871
1582627077128,314.67532,345.21243,12.63627
1582627077139,313.71677,346.29572,12.339382
1582627077147,311.84027,347.84058,12.145003
1582627077160,307.62027,350.54468,11.19971
1582627077168,300.3139,354.4844,10.222545
1582627077178,293.1433,358.66885,9.722499
1582627077187,286.2131,2.5265818,9.657982
1582627077197,281.01257,5.836435,10.632436
1582627077210,276.35663,8.32446,12.418109
1582627077218,270.82642,10.545742,14.073146
1582627077228,266.91125,12.020933,14.922505
1582627077237,264.61627,12.870142,14.068883
1582627077247,265.70523,12.630533,11.399653
1582627077259,267.87726,11.563829,8.548153
1582627077267,270.46506,10.326686,5.149958
1582627077278,271.95203,9.126161,2.1549184
1582627077287,273.61786,7.6866164,0.8531587
1582627077303,274.82092,6.16398,1.1431556
1582627077308,276.1698,5.0511594,2.1122646
1582627077319,278.89026,3.1969786,4.2006674
1582627077329,281.68292,1.3866891,4.618459
1582627077338,284.2292,359.70926,3.729571
1582627077348,285.59662,358.04895,1.8304994
1582627077359,287.57928,355.09735,358.64648
1582627077368,290.39618,350.6635,355.89218
1582627077379,290.99823,347.26535,352.18076
1582627077389,288.0699,346.37387,346.83823
1582627077398,286.27905,345.62085,343.52594
1582627077408,286.89514,342.07632,341.6012
1582627077418,285.14706,336.6694,334.703
1582627077428,281.57867,328.56842,325.14737
1582627077440,279.11017,320.0992,320.1153
1582627077448,277.34015,318.349,318.5794
1582627077459,279.6757,323.9059,324.45023
1582627077468,282.83823,333.83252,336.2784
1582627077477,281.29254,343.62177,345.4107
1582627077487,277.72867,350.37906,351.94257
1582627077498,275.46777,353.9266,356.50525
1582627077510,274.2625,355.06604,358.67917
1582627077517,274.66458,355.05722,359.23413
1582627077527,275.24548,354.32184,357.90448
1582627077537,277.5348,352.47772,356.2415
1582627077548,280.82867,349.8289,355.19727
1582627077559,283.17487,347.905,354.8565
1582627077567,284.24384,347.36624,354.3561
1582627077577,284.10272,347.08188,353.099
1582627077587,284.65347,346.46878,351.77533
1582627077599,284.3523,345.93945,350.01562
1582627077609,283.5045,347.3846,349.73447
1582627077618,280.98935,350.98883,351.88242
1582627077629,276.84152,356.1282,356.5689
1582627077641,271.8874,0.91308296,2.7874558
1582627077649,265.8328,4.978664,8.061872
1582627077658,262.4019,7.3012075,10.016445
1582627077668,261.51752,9.043974,9.258089
1582627077678,263.66946,9.402047,6.6727185
1582627077693,266.54456,9.195565,3.5148842
1582627077697,269.06073,8.764992,1.1645324
1582627077711,271.7621,8.065595,357.84036
1582627077719,274.14386,6.9822664,355.90408
1582627077729,277.11548,5.0168333,354.66556
1582627077741,280.72714,2.3313682,353.94122
1582627077747,284.2737,359.22504,354.23245
1582627077758,288.31375,356.02692,354.94504
1582627077768,291.98273,353.0948,355.7259
1582627077779,296.13153,350.36285,357.02863
1582627077788,300.7832,347.36673,359.17993
1582627077799,306.1937,344.5733,2.0524817
1582627077810,309.96606,341.66876,3.4763575
1582627077817,313.49985,337.6817,4.119399
1582627077827,317.47552,333.63666,5.1164956
1582627077837,319.27744,329.63416,5.09861
1582627077847,318.05978,327.0335,2.910349
1582627077859,318.51538,326.4193,3.6237147
1582627077867,322.2538,326.95465,7.739191
1582627077877,324.04315,329.83527,11.128796
1582627077889,319.97278,334.7888,10.655777
1582627077898,311.41196,341.41977,8.289919
1582627077909,306.77423,344.7446,7.478825
1582627077920,303.10913,348.15112,7.714306
1582627077929,300.0727,349.80988,7.1086774
1582627077942,296.42288,351.99017,6.5459924
1582627077951,295.7361,352.9083,7.070125
1582627077961,299.41776,352.117,9.420172
1582627077971,303.96915,351.02768,11.661109
1582627077982,311.5635,348.78918,14.302066
1582627077994,314.08157,347.56635,14.884708
1582627078005,314.302,347.10883,14.453316
1582627078014,312.11374,347.44977,13.352999
1582627078025,306.99664,348.25983,10.8956785
1582627078039,299.992,349.3292,6.908798
1582627078050,291.51715,351.93878,2.423469
1582627078063,285.5543,355.3158,359.75235
1582627078074,281.37912,358.58606,0.7335067
1582627078081,278.17432,1.15842,3.1231132
1582627078088,275.63312,3.1208348,5.662066
1582627078094,272.80396,4.711015,7.6708694
1582627078099,271.67624,5.2009153,7.7976904
1582627078108,273.07648,4.634266,5.5772214
1582627078117,276.64496,2.8408983,1.7806852
1582627078127,278.45618,0.9687143,356.9655
1582627078141,278.7997,359.81207,352.50195
1582627078147,279.05695,359.3614,349.90378
1582627078159,279.08923,359.18607,349.96652
1582627078168,280.3056,358.88013,352.2573
1582627078178,282.6377,358.56418,356.0988
1582627078189,284.85086,358.0659,359.8092
1582627078198,286.31827,357.68948,2.3930268
1582627078211,287.78894,357.45883,4.1077647
1582627078219,290.82666,356.63828,4.566535
1582627078228,293.23355,355.60748,4.466425
1582627078238,295.6307,354.26688,4.3511705
1582627078250,298.56625,352.75046,4.8479834
1582627078262,301.34406,350.73138,5.1456966
1582627078274,305.3065,347.8204,4.914184
1582627078280,306.2762,344.79532,2.9123776
1582627078294,308.449,340.77716,1.6377397
1582627078312,312.82388,335.5877,2.945673
1582627078324,314.1165,334.08774,3.977901
1582627078338,312.06442,336.0722,4.110452
1582627078352,309.58945,337.1854,3.725309
1582627078364,306.47247,338.46094,2.6380258
1582627078376,304.49887,338.46567,2.0971942
1582627078383,300.88702,337.96283,358.34946
1582627078389,294.81543,339.89258,353.8932
1582627078395,289.6126,343.03802,351.8116
1582627078399,285.79877,346.37338,352.33008
1582627078403,281.71237,350.15,353.79385
1582627078408,277.7818,353.30865,355.6906
1582627078421,275.43845,354.83835,356.81897
1582627078434,275.00827,355.08755,357.69638
1582627078446,275.00946,355.00858,358.2021
1582627078457,276.06494,354.1682,357.97644
1582627078473,277.33325,352.92194,356.2133
1582627078481,277.9785,351.4352,353.01913
1582627078487,278.3063,349.17404,348.40036
1582627078494,276.70206,348.55453,343.1136
1582627078501,274.54193,350.46423,343.28757
1582627078509,271.70618,354.2074,350.10098
1582627078522,268.7011,356.87177,356.74738
1582627078528,266.0638,358.1477,1.0506309
1582627078539,266.99826,357.46988,2.4786513
1582627078548,270.32568,355.40186,0.4868299
1582627078558,271.7307,353.7888,354.71005
1582627078570,272.45514,351.51575,343.1102
1582627078580,272.72687,349.78616,336.25577
1582627078587,272.29886,349.884,333.37857
1582627078600,272.64188,350.485,334.46292
1582627078609,273.80725,351.42062,339.64563
1582627078621,275.2187,352.49466,346.97018
1582627078630,276.87515,353.03174,352.93506
1582627078639,280.3827,353.5667,1.2218497
1582627078648,286.265,352.8556,6.9484677
1582627078660,293.2796,351.73718,11.091877
1582627078670,300.18384,350.4221,12.905142
1582627078677,304.54855,348.60748,12.940702
1582627078693,307.6988,346.0804,11.841997
1582627078697,307.99,344.05524,9.914863
1582627078707,308.22504,341.90433,7.587792
1582627078719,307.8678,340.17188,5.7276993
1582627078728,308.9954,338.4092,5.0779
1582627078738,311.3653,336.9711,5.503433
1582627078748,312.23834,335.95694,6.0780945
1582627078757,313.45862,337.01184,7.6335707
1582627078770,310.27652,339.50662,7.4530745
1582627078777,306.3821,342.00867,6.342562
1582627078790,301.19598,344.13342,4.3344874
1582627078798,298.68036,346.39984,4.5117726
1582627078809,294.1157,349.26477,3.7127798
1582627078821,290.7365,350.80295,3.094737
1582627078829,290.6257,351.51236,3.591013
1582627078838,291.55002,350.74918,4.0876694
1582627078850,295.84198,348.10895,5.115674
1582627078858,301.62592,344.67358,6.8467026
1582627078869,305.58502,342.6139,7.648013
1582627078878,309.26703,340.84335,9.748418
1582627078890,311.42633,340.6987,11.4929495
1582627078901,313.42673,340.74008,13.177481
1582627078911,311.6327,341.46054,13.147958
1582627078918,307.9781,341.8431,11.587075
1582627078928,302.6368,342.37177,8.130674
1582627078939,298.32333,343.39053,5.6701345
1582627078948,292.20438,346.3182,4.7697096
1582627078958,288.88586,349.39804,6.535076
1582627078969,284.12363,352.8075,9.479986
1582627078978,277.9594,356.07434,11.054627
1582627078989,270.84644,358.82922,9.952835
1582627078997,267.1171,0.877954,7.663905
1582627079008,265.3529,1.6370134,5.928913
1582627079020,264.9816,1.9848256,3.4528148
1582627079027,265.90662,1.8777624,1.2909756
1582627079039,266.78683,1.3665558,359.9844
1582627079047,268.81525,0.109946564,359.3403
1582627079057,271.91208,358.14194,359.89703
1582627079069,276.16907,355.76785,0.9414914
1582627079077,281.62546,352.4563,2.411174
1582627079089,290.95657,347.34464,3.7181594
1582627079102,298.3396,342.5542,4.196641
1582627079113,301.92273,339.15768,3.7718349
1582627079123,303.43018,335.25522,1.1568655
1582627079132,304.27573,331.86584,359.21896
1582627079140,302.2359,331.10452,357.1931
1582627079150,299.2423,331.13882,354.82755
1582627079161,298.61523,331.60703,354.6752
1582627079175,298.27094,331.9005,355.60556
1582627079186,298.58768,331.51,356.17197
1582627079195,299.30634,330.36487,356.8097
1582627079201,299.92792,329.22037,357.5729
1582627079212,298.75473,329.6849,357.20355
1582627079221,298.84818,330.56512,358.9376
1582627079228,298.7185,332.58023,1.410649
1582627079239,295.96844,336.15808,3.2403007
1582627079253,289.71686,340.3693,2.4514554
1582627079258,283.83023,343.30453,0.040164243
1582627079275,281.1081,344.85657,358.8712
1582627079283,279.65216,345.3377,357.69034
1582627079287,277.89044,345.81384,355.75418
1582627079305,275.95685,346.3015,352.0607
1582627079308,274.2516,346.80386,347.90717
1582627079320,272.95987,346.7005,346.29007
1582627079330,273.04077,346.5627,346.6105
1582627079338,272.71045,347.0285,347.7719
1582627079351,271.64032,348.33188,349.72754
1582627079362,271.0541,349.29004,351.16412
1582627079379,270.6021,349.83566,352.01575
1582627079386,269.46036,350.8819,351.65793
1582627079391,267.3929,353.0113,352.14627
1582627079401,264.3883,356.5243,353.8081
1582627079410,261.20706,359.47028,356.9424
1582627079422,259.9043,0.738285,359.78738
1582627079431,259.20676,1.1376203,3.8947916
1582627079444,260.1776,0.7158397,4.6885657
1582627079453,263.7114,359.57214,2.4208643
1582627079461,268.08377,357.17685,358.90787
1582627079473,272.45114,354.25897,355.33
1582627079484,275.10846,351.85037,352.11636
1582627079492,277.323,349.9929,350.4796
1582627079504,278.9806,348.50995,350.40317
1582627079511,281.45746,346.68066,351.41687
1582627079522,285.196,344.54504,353.4025
1582627079531,288.68127,342.52313,355.2277
1582627079539,295.15115,338.59174,358.0258
1582627079548,299.93604,335.6784,359.96478
1582627079558,303.80707,332.0892,0.6336412
1582627079569,308.757,328.51456,2.2386136
1582627079578,313.43024,324.82617,4.135203
1582627079588,318.01535,321.45883,6.30635
1582627079601,322.10718,320.03818,8.763826
1582627079607,324.4331,319.46472,10.796662
1582627079620,326.13217,321.15598,12.815762
1582627079627,322.63657,325.5947,12.683278
1582627079637,316.0111,331.57645,11.107699
1582627079647,308.58566,336.7141,9.754354
1582627079656,302.01486,340.4898,7.8360243
1582627079667,296.12213,343.7639,5.6581984
1582627079677,291.84534,346.30164,4.9949164
1582627079689,289.23206,348.38333,4.649527
1582627079702,287.53387,349.5898,5.2093863
1582627079709,288.21793,349.6466,5.3361063
1582627079718,290.6587,348.40985,5.8728123
1582627079731,296.80228,344.74377,6.568891
1582627079738,305.01382,339.1694,7.36796
1582627079750,310.43695,334.14236,7.6588216
1582627079760,313.7395,330.2299,7.935382
1582627079769,313.88104,331.1671,9.160199
1582627079782,314.70874,333.50748,12.060494
1582627079790,315.54385,335.7965,15.048829
1582627079799,315.04694,337.54135,16.653038
1582627079810,314.50378,337.7926,16.561754
1582627079818,307.33127,338.68277,12.983562
1582627079830,297.29477,341.87863,7.685691
1582627079839,289.23816,346.3572,4.633636
1582627079848,283.53845,350.4545,4.980008
1582627079858,279.08624,353.86212,7.7737074
1582627079868,274.56287,356.768,10.914411
1582627079881,269.36304,359.42743,11.8164215
1582627079888,266.08853,0.8408221,10.971792
1582627079898,266.0204,1.1845297,8.36108
1582627079907,267.62067,0.7885036,4.4385333
1582627079917,268.1734,0.11198757,359.93146
1582627079927,269.8879,359.1166,356.5039
1582627079937,272.22397,357.75403,355.10638
1582627079947,274.0956,356.69296,355.12817
1582627079957,275.7374,355.59796,356.3301
1582627079967,278.328,354.3069,358.4549
1582627079979,281.49423,352.96606,0.46525124
1582627079989,284.79196,351.37274,1.7546952
1582627079998,287.95816,349.8681,1.4980116
1582627080008,291.1848,347.91046,1.8196973
1582627080020,294.8952,345.3797,2.253775
1582627080030,296.38007,344.22806,2.56091
1582627080038,297.51062,343.56503,2.8656495
1582627080049,297.66922,342.96545,2.6344965
1582627080064,298.16302,342.0703,2.3781445
1582627080080,298.67654,340.56137,1.937648
1582627080092,298.54407,338.4336,0.22549902
1582627080104,296.08182,336.65955,355.69662
1582627080114,295.17807,335.66632,354.59
1582627080119,296.65253,335.41418,356.86975
1582627080125,293.87418,338.26556,356.78275
1582627080130,289.33026,341.73386,355.60132
1582627080141,283.47174,346.26553,353.34262
1582627080149,280.77185,348.6964,353.25903
1582627080161,278.60156,350.5339,353.2745
1582627080167,276.69284,352.11102,353.05795
1582627080180,275.51392,353.33136,352.91278
1582627080188,274.77667,354.1655,353.04938
1582627080197,274.62042,354.4127,353.14334
1582627080207,275.36603,354.27283,353.38312
1582627080219,276.44812,353.73618,353.75388
1582627080229,277.51956,353.3699,353.20822
1582627080238,277.6369,353.3558,351.11826
1582627080247,278.30417,352.8395,348.32095
1582627080256,278.66837,351.8563,345.03314
1582627080267,278.3602,351.9112,341.83426
1582627080282,276.8473,354.18942,340.7299
1582627080288,273.75504,358.82007,343.82516
1582627080300,269.0298,4.2380834,351.2268
1582627080311,264.9771,7.0640507,357.20224
1582627080318,263.17746,8.341981,359.80533
1582627080330,262.1315,9.471674,0.40946415
1582627080338,263.8715,9.916758,357.39395
1582627080348,266.60934,9.228584,352.16833
1582627080364,271.2561,5.661189,344.56262
1582627080375,273.71088,3.4181793,337.49725
1582627080385,274.4662,2.129195,333.59784
1582627080398,275.54236,0.49697837,333.0974
1582627080405,277.45532,358.34064,336.97845
1582627080414,281.05914,355.21808,343.41165
1582627080421,285.81244,352.12158,348.97974
1582627080430,291.22284,349.23276,352.98178
1582627080438,301.0915,344.7945,358.85196
1582627080448,308.02325,341.9616,2.0001435
1582627080458,313.6019,339.50473,4.257307
1582627080469,318.7068,337.04645,6.493781
1582627080480,323.44162,334.78232,8.916596
1582627080487,326.96954,333.25986,10.768248
1582627080498,329.37442,331.7906,12.308693
1582627080511,333.887,331.34802,15.586079
1582627080517,335.3959,332.575,17.320631
1582627080531,333.91595,335.74893,17.747818
1582627080538,328.47104,339.84036,16.647245
1582627080547,322.69666,343.73947,15.546308
1582627080559,317.43042,347.41898,14.996519
1582627080567,310.36417,350.49127,13.15161
1582627080579,305.35223,352.94928,11.601833
1582627080592,303.08536,354.3727,11.548166
1582627080600,304.28284,354.45312,12.503429
1582627080610,307.6218,354.20377,14.25465
1582627080620,310.32642,353.73056,14.900542
1582627080631,313.22507,352.35794,15.384113
1582627080638,315.97467,349.98828,14.590316
1582627080649,315.59924,347.6639,12.028025
1582627080661,313.7767,345.69168,9.423024
1582627080671,314.4156,344.4845,8.773101
1582627080678,315.21033,344.18433,9.265115
1582627080689,315.38818,344.46033,9.626055
1582627080698,313.79813,344.94855,9.113605
1582627080709,309.0864,346.11276,6.241016
1582627080719,301.69873,348.5013,1.5186349
1582627080729,294.83655,352.07025,357.46066
1582627080741,290.7659,355.12177,356.6291
1582627080748,287.35303,358.77002,358.83044
1582627080761,286.29855,0.806451,2.6367393
1582627080770,285.0697,2.5296893,6.825015
1582627080783,282.61423,4.2739725,9.570397
1582627080788,281.22626,5.0888953,10.672362
1582627080798,282.0045,4.500324,10.04115
1582627080810,283.43454,3.155422,7.6523867
1582627080817,284.49615,1.7618252,3.5791557
1582627080827,283.9855,0.8443333,359.37054
1582627080837,283.40698,0.17877303,356.0164
1582627080847,283.11816,0.017133817,354.69574
1582627080859,283.4015,359.93616,355.427
1582627080867,284.62836,359.77048,357.53265
1582627080878,286.75952,359.37262,0.22896829
1582627080891,288.70618,359.04886,3.2987843
1582627080898,292.08295,358.42245,5.2968817
1582627080912,298.9386,356.4348,8.536332
1582627080919,305.5407,353.96793,10.415152
1582627080928,310.7885,351.72195,11.405866
1582627080940,312.5217,349.7577,10.822304
1582627080948,311.29944,348.54263,9.105107
1582627080959,309.67883,347.545,7.424856
1582627080969,309.9177,344.9967,5.762751
1582627080980,309.84705,342.5743,4.592987
1582627080991,308.41016,341.15878,2.9870896
1582627081001,306.48553,340.5997,1.3454584
1582627081008,305.3968,339.95398,0.66304386
1582627081019,304.7112,338.3989,359.40198
1582627081028,302.34558,337.76437,357.14127
1582627081040,300.09726,337.8971,355.34293
1582627081047,295.9629,340.34802,353.56464
1582627081060,291.03546,344.3728,353.21405
1582627081068,285.41577,348.6054,352.0504
1582627081078,281.73868,351.52905,351.3157
1582627081091,278.9652,353.24646,350.49573
1582627081098,277.6676,353.9787,350.08035
1582627081108,277.3521,354.32666,350.96414
1582627081118,276.98364,354.67188,352.3328
1582627081127,276.81982,355.23434,353.69525
1582627081138,275.78735,356.42163,354.7036
1582627081147,274.07678,357.82584,354.74808
1582627081158,274.1725,357.87668,353.7912
1582627081167,276.47064,355.89694,352.8626
1582627081180,280.1285,353.0519,353.34198
1582627081191,280.76602,353.19083,354.571
1582627081200,278.28995,355.88354,356.73267
1582627081209,277.00064,357.43756,0.022305556
1582627081220,277.16342,358.13824,3.1221373
1582627081228,277.24432,358.7079,3.9734848
1582627081240,273.42624,0.7245962,0.6769086
1582627081249,272.39093,1.8152666,353.88687
1582627081259,274.05627,0.436055,346.22287
1582627081268,275.0238,358.68063,339.8683
1582627081279,275.4313,357.67853,337.53726
1582627081291,276.33063,357.44748,339.61618
1582627081298,277.53906,357.0092,343.76242
1582627081308,280.21008,355.96005,350.53726
1582627081318,284.52475,354.48978,356.38388
1582627081328,289.75916,352.59875,359.93213
1582627081339,294.8384,350.24023,1.8128154
1582627081347,299.24115,347.38724,2.3367398
1582627081358,302.5533,345.08533,1.9943719
1582627081368,303.33752,343.165,0.72165006
1582627081377,303.37775,341.48135,359.1691
1582627081389,303.27313,339.1051,356.66946
1582627081397,302.82278,336.45102,353.7295
1582627081407,302.10776,332.8303,350.80673
1582627081417,303.53488,326.79663,349.23553
1582627081428,304.64713,319.58478,347.46063
1582627081441,305.77017,313.3154,346.86774
1582627081447,315.49515,309.54428,356.39203
1582627081459,328.5754,315.0018,11.141641
1582627081467,335.87756,327.71655,21.678185
1582627081476,325.71616,337.34048,19.91401
1582627081489,314.52563,345.37762,19.635569
1582627081498,310.8177,348.21777,20.35607
1582627081509,304.61237,349.90378,18.617607
1582627081519,297.61768,350.53857,14.707117
1582627081528,294.78183,350.0711,11.315568
1582627081540,296.87408,347.6701,9.707497
1582627081548,303.7713,343.32123,11.050373
1582627081559,312.84238,339.37613,14.538471
1582627081571,326.6706,334.6466,20.386263
1582627081578,333.36768,333.30566,23.947191
1582627081588,335.6963,333.53757,25.303408
1582627081598,333.52615,334.94452,24.50369
1582627081608,325.4273,336.80334,20.871603
1582627081621,311.26965,338.71747,13.092152
1582627081628,300.08078,341.43445,6.0417886
1582627081639,290.988,345.692,0.8640427
1582627081648,284.53564,350.5325,359.2844
1582627081659,281.02643,354.29688,1.5735303
1582627081670,277.7676,357.39844,5.8012524
1582627081680,274.58627,0.06722639,10.233657
1582627081688,271.2492,2.1783903,13.470085
1582627081697,269.90454,2.9408174,14.4535885
1582627081707,272.07153,1.9895829,12.814327
1582627081719,274.45142,0.4124359,9.208752
1582627081727,276.69043,358.76468,4.9889817
1582627081738,278.12585,357.1581,1.195354
1582627081749,279.54578,355.76947,359.31543
1582627081759,281.0573,354.1459,359.5871
1582627081770,284.44742,352.026,1.8676618
1582627081776,288.963,349.7746,4.4956894
1582627081789,296.00266,346.615,7.2785664
1582627081799,300.1352,344.20645,7.946244
1582627081809,303.28735,341.30856,7.637084
1582627081820,303.42188,338.32468,5.005468
1582627081834,302.2084,336.6698,2.4381874
1582627081850,301.76962,336.25537,1.5311999
1582627081857,302.7672,335.93698,2.894549
1582627081864,304.90674,335.07413,5.210106
1582627081870,307.20624,333.10907,6.6306252
1582627081879,310.06494,330.36356,7.940376
1582627081890,313.21817,326.30054,8.4525385
1582627081899,315.40845,322.01184,8.284966
1582627081910,315.89636,319.3204,7.8784814
1582627081920,315.60806,319.69116,8.221326
1582627081929,316.19214,323.13684,10.68046
1582627081938,311.22217,331.15356,11.8812
1582627081947,301.66043,338.92776,11.073061
1582627081957,292.8829,344.8308,9.976803
1582627081969,286.88226,348.03128,8.912084
1582627081977,282.87915,349.3659,5.9440823
1582627081988,281.19983,349.1568,2.2194488
1582627081997,277.30103,351.0333,358.43335
1582627082008,274.67657,352.22076,354.021
1582627082020,273.41052,352.8482,351.99814
1582627082027,272.62338,353.75125,351.77246
1582627082038,272.21057,354.40106,352.57043
1582627082047,271.83524,354.92017,353.23685
1582627082058,271.33795,355.91693,353.0628
1582627082069,270.69727,356.35965,351.99243
1582627082077,271.938,354.87717,351.16904
1582627082088,272.14508,354.03128,349.62198
1582627082101,271.5687,354.44736,348.6763
1582627082109,270.36038,355.56735,350.68677
1582627082119,268.14514,357.3981,353.098
1582627082128,265.37238,0.08881947,355.85208
1582627082142,261.2495,2.7492614,1.5265456
1582627082151,259.6152,4.2685046,4.6168013
1582627082159,260.68927,3.7864256,4.326129
1582627082168,263.91766,2.3966787,1.1690953
1582627082179,266.26318,1.6087062,355.6291
1582627082195,267.62524,1.1821101,350.6185
1582627082208,268.99036,0.6598941,347.98352
1582627082225,270.34564,359.2372,348.11774
1582627082244,272.7223,356.93558,350.01596
1582627082257,275.58936,353.87872,352.14374
1582627082265,280.0539,350.41846,353.51443
1582627082271,284.00647,347.12442,354.8073
1582627082276,287.94254,343.94305,355.75015
1582627082280,291.93948,340.92352,356.66318
1582627082287,295.81573,338.13715,357.97052
1582627082293,300.7932,335.43918,0.46239197
1582627082303,308.15457,331.98755,4.6756206
1582627082311,315.6319,329.068,9.523303
1582627082318,325.78967,326.26187,16.405518
1582627082327,321.5156,325.92905,13.345514
1582627082339,343.27386,325.90643,28.951498
1582627082348,348.62027,325.65668,32.487534
1582627082356,340.68286,328.36084,28.480309
1582627082369,325.73483,333.29202,21.728682
1582627082378,316.60474,336.5405,18.045305
1582627082391,310.17545,339.85602,15.928421
1582627082400,306.30637,341.82687,14.410591
1582627082415,302.62753,343.83566,12.973037
1582627082427,300.3759,345.00412,12.103039
1582627082438,297.62787,346.38147,11.4656315
1582627082450,298.66327,346.66522,12.617572
1582627082461,302.99527,346.0739,15.161735
1582627082467,309.32098,344.94077,18.466993
1582627082473,319.71146,343.03827,22.629398
1582627082478,329.8259,340.3943,25.912086
1582627082489,330.6604,339.7878,26.126415
1582627082501,330.54596,339.90118,25.587603
1582627082509,329.73062,339.69562,24.76048
1582627082518,326.18347,340.2942,23.345495
1582627082529,312.8319,343.13498,17.681776
1582627082538,299.95413,346.61014,10.642854
1582627082550,291.3626,350.01624,5.278425
1582627082557,286.54083,352.937,2.8973088
1582627082569,282.97113,355.97784,1.4921479
1582627082578,279.46893,359.0597,1.5609876
1582627082592,277.7588,1.3043216,4.6932335
1582627082603,276.8318,2.7793295,10.722795
1582627082611,275.9685,3.9910312,16.856731
1582627082618,277.6386,4.2511597,21.165705
1582627082633,280.73608,3.7139602,22.63559
1582627082638,284.90225,2.163211,20.726196
1582627082651,287.00845,359.71188,16.038092
1582627082659,286.2503,357.95682,9.074516
1582627082671,282.4634,358.0658,2.4248488
1582627082677,280.38132,358.74963,358.50415
1582627082691,279.42175,359.06744,357.53357
1582627082702,281.101,357.1533,357.90332
1582627082714,282.68665,355.28528,357.4049
1582627082724,283.85492,353.4027,356.75867
1582627082735,285.7397,351.12054,356.07043
1582627082747,286.83298,348.81827,355.3662
1582627082755,288.72314,346.18976,355.068
1582627082762,292.11066,342.31705,356.93332
1582627082773,311.682,333.25217,10.686271
1582627082785,314.97195,333.52948,15.012042
1582627082789,307.39316,338.4005,13.8927145
1582627082798,296.84152,343.6617,10.540878
1582627082808,291.35944,344.22214,5.3617897
1582627082818,285.82028,344.99136,359.47028
1582627082828,282.57672,346.0084,356.02087
1582627082839,279.8955,347.53735,353.25845
1582627082850,276.97858,350.53986,352.4685
1582627082857,280.48303,348.14545,357.01047
1582627082869,286.28275,345.382,3.421045
1582627082878,288.8395,345.13333,8.020777
