1582627126730,302.2385,357.54483,0.12147095
1582627126739,301.1782,358.2175,359.88986
1582627126753,299.59995,359.24786,359.01837
1582627126760,297.6909,0.6068517,358.43515
1582627126771,296.20715,2.15304,358.3032
1582627126785,294.7615,3.693841,359.3256
1582627126794,293.5204,5.437395,0.7433244
1582627126803,290.5215,7.559179,1.7108017
1582627126810,287.52994,9.313103,1.6668216
1582627126821,285.55887,10.434574,0.19143996
1582627126827,283.22952,11.824026,357.69647
1582627126838,282.02322,12.569726,354.81332
1582627126849,282.38452,12.121544,351.87976
1582627126858,283.5457,11.284706,348.5553
1582627126869,284.14664,9.958009,346.1628
1582627126880,285.68948,8.182739,345.75986
1582627126888,287.2461,6.531723,347.17273
1582627126899,289.23993,4.605384,349.88736
1582627126909,292.93762,1.5286266,353.33533
1582627126919,296.07922,358.3382,355.14456
1582627126935,298.76025,355.47668,355.57654
1582627126940,299.8878,352.7174,354.7017
1582627126952,300.6516,350.71075,353.3565
1582627126958,301.4313,348.16583,351.60007
1582627126968,301.89502,346.07797,350.35156
1582627126982,302.56607,344.15353,349.74133
1582627126988,303.23334,343.2066,350.4715
1582627126998,304.63406,343.12976,352.4158
1582627127008,306.7505,343.4928,355.96857
1582627127018,309.03534,344.48798,359.8544
1582627127027,311.4895,344.93582,3.4490638
1582627127038,313.55798,345.1502,6.0113897
1582627127049,314.39478,344.89615,7.1314955
1582627127057,315.13144,345.23557,7.806733
1582627127067,316.18646,345.2411,8.896754
1582627127078,316.48328,345.10736,9.431547
1582627127092,315.6778,345.6136,9.000489
1582627127101,313.59833,347.02466,8.067586
1582627127109,312.88333,347.96378,8.413807
1582627127117,313.1493,349.19006,9.6658945
1582627127130,312.62207,351.1138,10.937716
1582627127139,312.11783,353.119,12.668094
1582627127152,312.53128,353.80762,13.813158
1582627127168,315.48398,353.6498,15.575683
1582627127182,317.7064,352.59454,16.311567
1582627127196,319.7354,350.93738,16.572094
1582627127205,319.51324,349.5542,14.80944
1582627127219,316.13492,349.0322,11.6366415
1582627127227,312.3706,349.79657,8.572192
1582627127234,309.15686,351.4164,7.3566523
1582627127246,306.87866,354.19626,8.143926
1582627127248,304.78336,356.90225,9.7962055
1582627127253,300.68732,0.9174263,11.781033
1582627127258,296.38297,4.0827026,13.6110735
1582627127268,292.83917,6.0841255,15.1427
1582627127279,287.54013,8.305786,16.280483
1582627127287,283.84088,9.405947,15.542917
1582627127298,281.55957,9.881788,13.118487
1582627127307,281.96786,8.4176,10.00137
1582627127318,284.15152,5.940464,5.954635
1582627127331,283.06293,4.7949004,0.60804456
1582627127337,281.4816,4.7561374,357.63184
1582627127348,281.22534,4.2987957,358.60785
1582627127357,281.8742,3.4331942,1.5003356
1582627127367,283.17865,2.4276052,4.9784307
1582627127379,284.27972,1.6941565,7.656794
1582627127388,287.06912,0.8266337,10.106627
1582627127400,289.0688,0.020517338,11.233681
1582627127407,292.63574,358.2357,11.561476
1582627127417,295.3369,355.91064,10.407305
1582627127430,297.03195,353.5156,8.509967
1582627127439,302.02045,349.7231,8.492893
1582627127448,304.9643,347.28018,9.265698
1582627127458,306.8981,345.5202,9.650856
1582627127469,306.3165,344.8713,9.210081
1582627127479,304.33478,344.51044,7.90884
1582627127488,303.54306,343.84366,7.323408
1582627127499,300.06345,344.605,5.430032
1582627127511,295.53702,345.4064,1.8149666
1582627127520,291.89197,345.81778,358.47736
1582627127530,289.18127,345.74887,354.76202
1582627127538,287.6355,345.52887,352.4853
1582627127548,286.13672,344.8361,349.88046
1582627127558,284.96594,344.85422,348.24194
1582627127568,284.1893,345.14847,347.91824
1582627127579,283.86792,346.06622,349.35318
1582627127588,282.68677,347.82132,351.19998
1582627127598,281.5526,350.08667,353.99973
1582627127609,279.50406,352.60617,356.2545
1582627127617,278.18625,354.3179,358.27512
1582627127630,278.31824,354.85712,0.0028631045
1582627127638,278.12305,355.39804,0.13667005
1582627127648,277.17426,356.5712,359.19916
1582627127657,277.69,356.92538,358.8277
1582627127668,280.91605,355.76172,0.1280837
1582627127679,284.12643,354.6426,2.4377353
1582627127687,287.2398,354.17966,4.6951427
1582627127698,289.20822,354.34406,6.4101367
1582627127708,288.98553,355.21548,7.225799
1582627127717,288.56958,355.75174,6.8299174
1582627127730,287.24146,355.8268,3.844956
1582627127738,285.3885,356.09952,359.69443
1582627127748,282.22443,356.64847,351.89816
1582627127760,279.55383,358.16275,342.41272
1582627127768,278.50192,359.04855,339.3437
1582627127780,276.9399,1.3071666,339.79297
1582627127789,276.63162,2.3220165,344.157
1582627127798,276.8618,2.3678892,350.2432
1582627127810,277.38727,2.546008,355.04675
1582627127818,279.21762,2.0646513,1.0788293
1582627127828,282.80768,0.7172956,4.613803
1582627127838,288.5091,358.00287,7.1149774
1582627127848,295.77014,353.97403,6.8430815
1582627127860,302.431,348.8852,5.361508
1582627127869,307.64395,341.50546,2.8189485
1582627127878,311.06888,335.56967,1.3434327
1582627127890,314.41193,331.68597,2.6965125
1582627127897,316.1933,333.2704,5.6449018
1582627127910,316.59357,336.62424,8.688249
1582627127917,318.15335,339.26382,12.181567
1582627127928,319.01062,340.0246,13.987935
1582627127938,318.6231,340.623,15.136801
1582627127947,317.52417,341.31403,15.283279
1582627127958,316.6684,341.37012,15.186161
1582627127967,320.61612,338.5812,16.607254
1582627127978,328.25134,332.3426,19.47156
1582627127987,328.38156,327.13922,17.713684
1582627127997,323.45007,328.1036,14.5801525
1582627128009,319.47366,332.58273,14.187569
1582627128018,318.46704,338.5816,17.316803
1582627128028,313.11197,345.69525,19.298637
1582627128039,318.36237,349.07187,25.104782
1582627128049,310.79437,352.86456,24.257988
1582627128060,320.42352,352.94672,28.092615
1582627128068,329.25952,350.18594,29.00951
1582627128081,337.2596,346.33597,29.721958
1582627128088,339.86423,343.80615,29.653889
1582627128102,336.1911,342.2398,26.599798
1582627128110,328.96573,343.37164,22.632597
1582627128118,310.8926,349.32693,14.116403
1582627128129,305.8841,352.09976,12.190734
1582627128143,303.09152,353.89252,11.359518
1582627128151,298.10327,356.77502,8.94273
1582627128161,293.74088,359.9916,9.037153
1582627128167,293.74313,359.93536,8.9131975
1582627128178,296.54117,357.00024,7.5360527
1582627128190,302.6972,350.51282,5.928147
1582627128198,306.57416,345.06955,4.246137
1582627128209,308.29736,342.83875,3.8921192
1582627128217,301.85696,346.9171,1.4704739
1582627128228,291.62927,353.4554,358.45993
1582627128241,291.05405,354.38477,0.60202783
1582627128247,288.01337,356.51703,0.73510516
1582627128259,288.43994,356.87518,3.0896451
1582627128268,296.40475,353.14053,7.5692267
1582627128277,303.33252,348.7808,9.06612
1582627128288,289.0302,351.25815,352.51273
1582627128298,301.11472,344.59137,2.0146837
1582627128310,302.9644,343.67,3.0538363
1582627128320,314.9644,341.58112,11.768837
1582627128333,326.10303,341.0021,19.433367
1582627128343,323.00433,342.80832,18.956108
1582627128352,306.44803,347.89758,12.5903015
1582627128360,295.12836,351.09943,6.5168552
1582627128368,287.12625,352.95645,359.77213
1582627128378,282.97336,353.87448,352.4261
1582627128391,280.79977,354.0057,348.06924
1582627128399,278.31577,355.25308,345.32922
1582627128409,276.0495,357.7813,343.74673
1582627128418,273.16174,0.8558476,343.55075
1582627128429,270.21344,4.047297,346.69873
1582627128440,268.98633,5.4662766,348.63977
1582627128449,269.12125,5.2731833,352.0183
1582627128459,268.80576,5.4788384,353.16983
1582627128468,268.6752,6.328522,352.3572
1582627128477,269.70303,6.37327,350.08337
1582627128490,271.80325,5.006072,347.86957
1582627128497,273.93927,3.9678848,346.77115
1582627128509,275.28613,3.428316,347.234
1582627128517,275.87238,3.781005,349.01758
1582627128527,275.82074,4.639081,350.99753
1582627128539,276.09827,5.098059,352.62738
1582627128547,276.67386,5.2076044,353.28168
1582627128562,277.5597,5.073044,352.46225
1582627128567,278.5188,4.623831,350.56042
1582627128577,279.85626,3.9381642,350.3204
1582627128593,282.25372,2.6779532,352.78244
1582627128599,283.99582,2.1896443,356.04016
1582627128608,287.79166,1.1561303,359.6156
1582627128619,292.68582,359.26047,1.7824502
1582627128628,298.7258,356.0622,2.7644718
1582627128639,303.38037,353.11765,3.0049891
1582627128649,307.67395,350.35205,3.1676648
1582627128661,313.47644,345.44562,3.6100073
1582627128669,317.49173,340.46103,3.4543636
1582627128678,321.36322,333.9549,3.4092577
1582627128689,325.64624,328.09253,5.026687
1582627128698,332.88113,323.20715,10.206073
1582627128709,337.0511,323.6274,14.392578
1582627128719,343.763,331.309,21.949154
1582627128728,339.36227,336.73047,19.89402
1582627128740,321.77585,350.22894,13.698586
1582627128748,318.90512,354.01364,14.277775
1582627128760,317.0663,356.93747,14.443953
1582627128771,316.00552,359.28876,15.36065
1582627128780,319.72302,0.31130964,17.722692
1582627128789,330.72534,359.7158,22.033434
1582627128798,343.33383,358.40063,26.15168
1582627128807,354.332,356.00314,29.724716
1582627128818,355.23923,355.005,30.185556
1582627128827,351.80713,356.08337,29.070658
1582627128839,353.50687,357.28293,30.598598
1582627128847,0.18681285,356.87717,33.567856
1582627128859,355.77374,356.1311,32.44971
1582627128868,343.5154,355.34442,27.808327
1582627128877,318.42242,357.50208,17.31496
1582627128889,301.15897,0.2040071,7.653226
1582627128898,292.16772,2.7824175,1.1389874
1582627128908,289.0121,3.4969995,358.03714
1582627128919,289.10434,2.9653456,357.29587
1582627128928,287.52966,3.3643498,355.75015
1582627128940,285.82657,4.4697576,354.69785
1582627128948,284.74924,5.389855,354.47946
1582627128961,284.06723,6.5451045,355.04794
1582627128969,282.90616,7.8164907,356.40082
1582627128978,281.8777,8.867149,357.8472
1582627128990,280.7281,10.027965,359.2014
1582627128998,281.46503,9.703875,358.4912
1582627129009,283.66565,8.54964,357.02106
1582627129022,287.06796,5.8750906,354.03357
1582627129030,289.83817,3.2206397,351.85056
1582627129039,292.4069,0.15970781,350.21594
1582627129048,294.5058,357.4379,348.19916
1582627129058,295.6574,355.4202,346.41064
1582627129072,295.71454,354.14658,344.66705
1582627129078,294.72403,354.1434,342.22147
1582627129088,292.1638,355.24258,337.9803
1582627129097,290.15778,356.27902,333.5618
1582627129108,287.792,359.09848,329.38126
1582627129120,285.56992,3.3160715,327.09988
1582627129127,283.18588,8.307533,328.20096
1582627129139,280.7412,11.946863,332.6673
1582627129147,279.1392,12.9135895,339.10965
1582627129158,278.0855,13.336954,342.76776
1582627129167,276.57144,15.234859,341.3027
1582627129177,276.55588,15.815901,337.1785
1582627129187,278.2446,13.525039,334.34113
1582627129200,279.54388,10.656058,333.87448
1582627129208,279.44412,9.88842,334.0537
1582627129220,277.95282,12.172396,333.66138
1582627129228,275.00473,16.470917,335.0967
1582627129239,270.60837,18.466856,344.49042
1582627129249,269.36923,16.444344,354.55466
1582627129258,272.1884,13.243558,1.8649569
1582627129270,276.92892,10.623556,4.955632
1582627129280,287.68207,5.0908766,6.6420755
1582627129288,296.48102,0.75905675,6.6300306
1582627129298,307.34048,354.1179,7.087696
1582627129309,318.40665,345.89154,7.967514
1582627129319,325.1335,339.97665,8.676312
1582627129329,330.77512,336.29947,10.969945
1582627129339,334.46866,334.33215,12.637618
1582627129348,337.14606,332.97495,13.9266815
1582627129357,339.94217,334.3328,16.005247
1582627129369,340.3833,337.48743,17.123596
1582627129379,338.8133,341.90887,16.72276
1582627129388,336.94943,345.79807,16.207317
1582627129397,334.42383,348.67035,15.34283
1582627129407,330.07657,352.52643,13.883733
1582627129417,328.22263,356.06003,14.548588
1582627129427,334.7082,356.5243,18.681078
1582627129441,346.34512,358.24936,25.29187
1582627129451,8.330457,359.98257,34.44961
1582627129463,355.5563,4.0556555,30.203575
1582627129476,20.695961,356.56406,41.520256
1582627129486,18.424208,357.7369,39.957005
1582627129497,352.56876,4.9195075,30.503939
1582627129502,335.98438,4.2548785,25.998915
1582627129508,317.72418,2.8671193,18.704542
1582627129520,299.36908,1.2396245,3.4437912
1582627129528,293.73557,359.68933,353.15167
1582627129540,288.92328,0.8274758,346.47232
1582627129551,283.1937,5.3123326,345.13687
1582627129559,278.5647,9.138469,349.8293
1582627129572,276.93262,9.763295,356.9792
1582627129580,278.15076,8.760789,1.3248105
1582627129588,278.52032,8.530063,1.0775119
1582627129602,278.10193,8.7987175,359.28558
1582627129608,278.8837,8.551625,358.33322
1582627129621,280.90002,7.8015122,357.8791
1582627129629,283.302,6.9276924,356.9311
1582627129638,284.8691,6.1952696,355.14584
1582627129651,286.64813,4.9648237,353.90652
1582627129658,289.50876,3.4650266,354.19638
1582627129670,293.32428,1.5227175,355.7787
1582627129678,296.17807,0.045213636,356.77707
1582627129688,299.32156,358.07855,358.06357
1582627129701,301.91492,355.64166,358.27478
1582627129708,300.75723,354.66248,355.28522
1582627129719,296.5468,355.0794,348.76562
1582627129727,291.24332,356.55054,338.7687
1582627129740,287.11758,359.0365,328.15607
1582627129750,284.70258,2.3302393,319.08255
1582627129757,283.28656,6.500116,315.2022
1582627129767,281.6378,10.195438,318.37393
1582627129781,279.479,11.400863,326.3432
1582627129792,276.4021,14.316275,333.206
1582627129798,274.07867,16.620827,335.1679
1582627129809,272.90823,17.13665,336.77686
1582627129819,271.83234,16.723232,339.50677
1582627129829,270.39978,15.886632,344.52213
1582627129838,268.15558,17.749496,346.2027
1582627129850,265.66022,20.810518,345.66425
1582627129859,263.91437,21.648859,348.93176
1582627129868,263.81842,18.077723,357.46188
1582627129877,269.57288,12.795262,3.7778912
1582627129889,284.66608,4.7312245,7.8911624
1582627129900,299.04684,356.7059,8.332631
1582627129909,306.5625,352.20682,8.385518
1582627129918,312.66803,347.22543,7.929952
1582627129932,316.08835,342.84622,6.439867
1582627129939,319.48798,338.52792,6.1419916
1582627129951,323.10815,334.664,6.6915507
1582627129958,326.57672,333.17862,8.762302
1582627129970,331.7616,333.4519,12.793495
1582627129977,334.9841,335.45502,15.79498
1582627129987,336.1941,336.51746,16.709293
1582627130000,336.50717,336.55115,16.715315
1582627130008,334.6397,336.76672,15.46469
1582627130019,330.0683,338.77264,12.772233
1582627130027,329.40475,343.19165,14.379542
1582627130038,324.20203,353.17496,17.048311
1582627130048,12.136873,353.8028,38.408573
1582627130057,37.03872,359.83548,45.78001
1582627130067,47.9816,3.6577067,46.98791
1582627130081,46.88279,3.804718,45.74978
1582627130089,348.49786,358.3371,32.384533
1582627130100,356.03983,354.51505,34.28629
1582627130109,339.15598,355.32578,29.464025
1582627130118,301.8919,352.31476,7.71377
1582627130131,295.55396,352.522,3.044598
1582627130138,293.9483,350.84506,359.4771
1582627130150,289.42404,352.32056,357.8368
1582627130159,282.6961,356.84018,358.44983
1582627130170,278.82895,359.89914,2.8038082
1582627130181,276.83838,0.30634126,5.410083
1582627130188,276.17084,0.050657015,3.324537
1582627130199,275.5051,359.2569,357.16284
1582627130209,276.93866,358.2687,353.41046
1582627130220,277.02347,357.8521,351.87265
1582627130232,276.98254,358.55203,353.01318
1582627130239,275.29956,0.4360599,355.3432
1582627130248,273.33777,1.9133736,356.47122
1582627130257,273.55817,2.4100373,356.4161
1582627130267,274.58838,2.015085,355.42136
1582627130280,276.93958,1.1681241,353.195
1582627130287,279.52185,359.06445,351.5595
1582627130302,282.3622,356.09692,350.09232
1582627130307,287.23395,351.30066,349.75833
1582627130319,285.19745,351.04944,343.7104
1582627130330,283.465,350.6769,335.97516
1582627130337,280.4198,351.34576,325.1007
1582627130348,277.614,355.3888,314.21628
1582627130357,276.54016,357.84692,305.73904
1582627130367,275.46826,8.392765,313.578
1582627130381,270.5224,14.480107,330.45123
1582627130389,265.65228,17.03224,341.5001
1582627130399,262.86676,17.206491,348.658
1582627130409,261.47708,17.730953,350.0721
1582627130418,261.73123,18.038063,348.19434
1582627130428,265.91794,13.605601,347.0558
1582627130439,269.19537,9.193356,348.58627
1582627130452,270.89026,7.029808,351.10886
1582627130458,268.8963,8.944495,351.98276
1582627130469,267.27155,10.44666,351.608
1582627130481,266.30188,10.17434,355.82324
1582627130488,267.45563,7.8896585,3.6641238
1582627130498,271.7564,5.8026943,8.049796
1582627130507,279.38318,2.7589233,11.053496
1582627130519,292.7581,358.01514,12.484661
1582627130531,306.21863,352.46994,13.072821
1582627130538,318.5295,346.1842,13.503456
1582627130547,326.5999,339.88458,13.781311
1582627130559,332.40848,334.94366,14.453399
1582627130568,338.18982,332.21213,16.580097
1582627130581,343.84204,331.53632,19.737204
1582627130588,346.0918,333.1388,21.051235
1582627130598,345.67886,335.64102,21.044266
1582627130609,343.7179,337.5108,19.847248
1582627130617,344.63474,335.86273,19.970072
1582627130628,345.3344,332.13605,19.618519
1582627130637,346.39133,329.3999,19.865482
1582627130647,0.21064477,329.16367,29.953505
1582627130656,18.902172,332.88367,42.970802
1582627130673,21.16666,343.70593,41.481804
1582627130681,13.031617,350.8122,35.705265
1582627130691,358.2518,356.02374,30.748838
1582627130701,357.2487,356.3466,30.866411
1582627130710,358.91852,354.83383,31.419529
1582627130719,348.80127,352.67212,28.444948
1582627130729,328.79352,351.18732,21.278902
1582627130738,300.1951,351.30533,3.1232302
1582627130748,290.51074,352.04346,352.50833
1582627130760,286.05518,353.54752,347.39334
1582627130769,282.2474,356.0958,345.76166
1582627130778,279.2038,358.41556,346.72824
1582627130789,276.09454,1.1608926,351.4415
1582627130798,274.27002,2.1218643,354.909
1582627130814,273.0907,2.5399876,357.42584
1582627130819,273.00922,2.5716617,357.15192
1582627130830,273.14325,2.4629884,355.5221
1582627130837,273.1864,2.5560744,353.67145
1582627130848,272.84247,2.654212,352.14172
1582627130857,273.30713,2.7751687,351.48245
1582627130867,272.86484,3.2265775,352.80402
1582627130878,274.26074,2.9709942,355.4034
1582627130887,277.0188,1.7294765,356.6648
1582627130899,280.45914,359.53024,356.0564
1582627130909,284.25476,356.7554,353.35428
1582627130917,286.58844,353.28537,348.95227
1582627130928,286.96277,349.6851,341.2843
1582627130937,283.15063,347.591,328.71332
1582627130946,278.4972,347.39426,313.1196
1582627130960,275.3313,354.22375,301.41904
1582627130970,274.94333,1.1323893,299.14493
1582627130979,273.4321,6.0219693,310.83682
1582627130988,269.47583,11.024266,323.71115
1582627130998,264.48337,12.627026,338.77216
1582627131011,260.65744,13.176934,346.42795
1582627131020,258.9468,15.671101,344.80313
1582627131028,262.31454,12.848645,339.2335
1582627131039,267.43036,8.593552,322.79114
1582627131049,269.6684,2.2355945,307.30206
1582627131060,269.19104,1.305447,310.24078
1582627131069,268.25067,2.9675546,323.5986
1582627131078,265.87985,4.4507403,339.9101
1582627131089,265.3553,3.447557,352.93842
1582627131100,265.87958,2.0392606,1.3987753
1582627131109,269.5959,0.06418891,5.60002
1582627131118,280.76028,355.15552,6.987833
1582627131129,292.15143,349.45837,5.4665203
1582627131138,300.53394,343.37234,2.9217026
1582627131147,305.46423,338.28745,0.8194355
1582627131159,308.8009,334.35593,359.38904
1582627131167,311.51648,332.07785,359.09955
1582627131178,314.64087,329.8019,359.36322
1582627131187,317.53635,326.7529,359.7056
1582627131197,320.85126,324.3266,1.2464113
1582627131210,324.65042,321.7099,3.6915162
1582627131217,325.73758,318.91022,3.7822502
1582627131231,320.87427,323.23105,1.4512719
1582627131239,336.08383,321.58618,13.853841
1582627131250,6.659495,326.28775,35.971516
1582627131261,51.45351,338.00223,63.20941
1582627131271,69.1734,350.3136,69.30165
1582627131283,71.165405,357.0129,56.173103
1582627131300,63.628895,358.56296,45.332756
1582627131307,30.541061,357.16092,37.221176
1582627131315,350.32434,353.62305,32.165897
1582627131324,336.33405,348.50928,27.698755
1582627131329,330.12695,345.31076,24.431246
1582627131340,319.74283,339.06644,15.907049
1582627131348,315.92657,333.89368,10.361631
1582627131362,302.62054,334.5305,359.77753
1582627131368,290.02997,343.17603,354.98514
1582627131381,282.5711,350.75256,358.43335
1582627131390,273.98514,357.63742,3.5506902
1582627131398,265.3469,1.9125501,6.770775
1582627131409,261.95862,3.5072894,7.545833
1582627131418,262.03247,3.8997383,6.9742184
1582627131429,262.11368,4.530984,6.211331
1582627131438,264.73633,4.3619194,5.5551295
1582627131448,267.73602,3.534746,2.7727032
1582627131460,271.48767,2.1519911,359.2912
1582627131467,275.05853,359.73425,354.88702
1582627131479,277.80963,356.91022,349.81262
1582627131491,280.14496,353.72226,346.0452
1582627131498,281.489,350.4265,342.4428
1582627131509,281.61145,347.34818,337.62027
1582627131517,279.82852,346.0422,330.7392
1582627131529,276.98578,347.5104,323.28683
1582627131540,274.9306,348.942,318.56122
1582627131548,273.21387,351.79044,313.78308
1582627131559,272.38882,356.2658,311.27682
1582627131569,272.05954,359.36917,312.56927
1582627131579,270.0625,5.762583,319.25885
1582627131588,268.01288,8.195758,327.35
1582627131605,265.0205,9.27836,337.47437
1582627131623,262.61084,9.006026,346.4838
1582627131627,262.14478,8.21995,352.60822
1582627131636,266.32687,4.30037,357.2307
1582627131644,273.82483,358.85745,359.05096
1582627131654,281.39133,352.988,357.9418
1582627131671,283.1805,351.08105,355.76385
1582627131682,273.41617,357.86908,345.5593
1582627131685,269.37363,2.5455763,348.10037
1582627131690,267.29327,3.7860413,356.07153
1582627131698,267.54834,3.0949366,4.5768037
1582627131709,272.5859,0.59197885,12.36159
1582627131719,291.22202,355.521,18.34055
1582627131732,312.0951,349.36533,20.132723
1582627131743,325.25894,342.64795,20.152872
1582627131758,327.2683,336.79984,16.889294
1582627131775,323.92398,332.9461,11.457689
1582627131785,317.96835,331.12302,4.7284284
1582627131791,313.5025,330.55615,359.9438
1582627131797,309.69897,330.75592,356.3567
1582627131802,310.0823,331.90356,357.20496
1582627131808,313.05704,335.77856,2.7167444
1582627131825,314.98035,340.24335,7.782315
1582627131833,314.47226,344.33594,10.088026
1582627131838,311.10736,347.84808,10.496158
1582627131855,311.73685,350.0733,12.566264
1582627131865,325.48923,351.1355,20.455616
1582627131875,346.53525,351.31903,27.928709
1582627131882,0.80961525,351.90945,32.608704
1582627131890,4.5762663,352.70856,33.873314
1582627131898,3.5059307,352.07993,34.12527
1582627131909,359.92157,350.6509,33.595924
1582627131922,350.8034,350.61655,31.483715
1582627131929,354.1137,347.08664,32.87451
1582627131939,331.93753,344.77927,24.435648
1582627131948,311.6485,344.1758,12.981875
1582627131958,299.12692,344.5759,3.8223872
1582627131970,286.0362,349.71246,354.62167
1582627131979,278.90393,355.60196,352.5417
1582627131989,273.04364,0.24851142,354.5291
1582627131997,269.1928,3.047972,359.09293
1582627132009,266.73444,3.8441231,3.0822215
1582627132022,266.0882,3.679886,4.0997553
1582627132029,267.13837,2.7995236,3.3988676
1582627132040,268.81793,1.9614286,1.1737578
1582627132050,270.60324,1.3715713,359.2276
1582627132060,271.1,0.84449065,358.3003
1582627132074,272.3492,0.13182671,358.49414
1582627132083,274.45532,358.6421,359.8534
1582627132089,278.8244,356.17044,1.2011943
1582627132101,283.60223,352.93295,1.3644326
1582627132107,287.46402,347.79822,357.17474
1582627132117,288.2026,340.18124,346.90646
1582627132127,279.8756,333.59872,325.65967
1582627132141,267.42596,333.13086,299.13632
1582627132149,264.77133,337.02173,292.14966
1582627132159,266.4658,343.34753,294.76498
1582627132171,270.06265,349.48914,309.18976
1582627132178,269.63165,356.565,320.33606
1582627132190,266.1879,4.697373,335.75342
1582627132199,263.70087,5.123597,347.23203
1582627132209,264.56955,2.408817,354.91272
1582627132219,268.01172,358.77747,358.24188
1582627132229,279.207,350.79883,3.0500817
1582627132239,290.57693,344.43237,5.4475884
1582627132249,294.38074,342.12634,6.5813
1582627132261,278.77545,350.2506,357.77142
1582627132271,269.22864,357.30743,350.72705
1582627132279,265.8653,0.61900795,348.61996
1582627132290,263.52182,2.9252641,348.61316
1582627132300,262.81403,2.897996,350.55783
1582627132314,264.7312,0.38200372,352.89612
1582627132329,272.97607,352.3246,350.8522
1582627132339,282.5302,338.10464,341.281
1582627132350,285.6801,321.53683,330.39185
1582627132361,281.944,310.40817,319.25818
1582627132372,278.667,302.546,312.27643
1582627132384,278.00775,299.66116,310.44553
1582627132398,282.88593,298.9345,315.53458
1582627132414,293.0852,302.86282,327.84378
1582627132430,304.91125,313.47205,345.23593
1582627132439,311.012,326.39398,359.60327
1582627132447,313.88937,335.14517,8.481209
1582627132460,327.96915,339.52383,19.028028
1582627132470,6.721089,342.2678,31.816818
1582627132486,63.525433,346.5278,52.203148
1582627132497,77.49878,350.02164,63.973362
1582627132505,82.42474,353.67245,65.14154
1582627132513,78.62992,355.1056,51.005146
1582627132517,56.195137,356.1286,36.05683
1582627132521,313.34714,356.09726,26.901398
1582627132526,300.34143,355.01093,22.793226
1582627132530,316.94592,351.48154,23.420912
1582627132536,346.50046,342.24866,27.212591
1582627132540,335.64554,336.6919,21.953806
1582627132550,319.69766,333.7362,12.349141
1582627132559,292.4733,338.30936,353.54764
1582627132568,280.86203,343.70013,344.27856
1582627132579,276.54144,346.21622,340.15414
1582627132590,276.82388,344.9331,340.29437
1582627132601,279.44092,344.16843,346.59738
1582627132609,278.96356,347.86868,355.84668
1582627132622,275.072,352.28442,1.6654788
1582627132628,271.2501,355.144,3.8107264
1582627132640,268.87283,356.7839,4.0029354
1582627132649,269.8044,357.25073,3.4597692
1582627132657,270.62698,357.6823,3.503147
1582627132670,272.1153,357.93582,4.1215863
1582627132677,274.86343,357.4165,4.565499
1582627132687,278.8135,356.09564,4.1223803
1582627132700,281.25433,354.6092,1.3687235
1582627132707,282.47598,352.77713,355.5865
1582627132721,281.38696,351.8725,346.58987
1582627132728,278.06287,353.8869,335.79352
1582627132739,276.1543,356.1074,329.53125
1582627132750,274.65152,359.18457,323.48434
1582627132757,274.06396,1.7758421,320.1667
1582627132772,273.05103,5.671065,319.18008
1582627132778,271.46558,9.652577,322.08932
1582627132788,269.52536,11.655249,329.39075
1582627132800,266.1754,12.177446,342.95004
1582627132809,264.86002,11.931095,348.10928
1582627132819,265.64914,10.575168,350.0787
1582627132829,269.1424,6.6635323,349.38412
1582627132838,272.75684,2.7128491,348.52625
1582627132849,276.1384,359.339,351.0402
1582627132858,275.33936,0.33204126,352.8545
1582627132869,273.1822,2.5960212,352.62302
1582627132877,274.11145,1.9159861,356.75662
1582627132888,276.7786,0.9049342,3.4690158
1582627132900,284.78058,357.91638,9.344198
1582627132907,296.8737,354.15366,12.732284
1582627132919,310.4377,348.91095,14.811668
1582627132928,322.71994,342.0915,16.171795
1582627132938,330.77393,334.9741,16.556282
1582627132950,333.021,329.33752,15.063135
1582627132958,331.9338,326.53436,12.261096
1582627132968,334.05057,325.7247,13.1959715
1582627132978,337.12735,325.93195,14.644405
1582627132988,339.94827,327.1233,16.589745
1582627132997,341.11804,329.36618,17.66711
1582627133007,350.5085,330.0048,23.814568
1582627133023,2.1834261,332.41455,31.530691
1582627133029,27.284086,336.82263,46.666004
1582627133038,47.696507,340.41776,60.933804
1582627133051,65.55485,346.9402,77.86254
1582627133060,67.579384,350.20078,76.93828
1582627133071,63.752857,352.5824,66.01829
1582627133080,46.869423,356.92953,45.125362
1582627133088,19.821825,358.336,35.51959
1582627133103,349.4454,358.1399,29.395126
1582627133113,345.04813,355.57986,28.503458
1582627133120,355.2654,351.19748,30.934982
1582627133131,344.90765,347.9471,27.423328
1582627133140,321.17703,342.33997,14.128384
1582627133151,294.26923,341.35535,347.84286
1582627133160,283.18796,344.9484,332.35037
1582627133168,279.87802,349.37622,332.93585
1582627133177,278.0064,354.88788,343.8623
1582627133188,272.31424,1.0081753,355.31778
1582627133200,266.15018,3.9967356,3.4819272
1582627133207,266.41254,3.7990072,7.5638676
1582627133220,269.07037,3.1950426,7.232127
1582627133227,272.51398,2.7149398,5.3275895
1582627133237,274.07886,2.7168043,0.89845324
1582627133249,275.1858,2.9116445,354.96698
1582627133257,274.93222,3.7352097,350.49954
1582627133267,275.4677,3.432556,350.2266
1582627133277,275.84128,3.3951025,351.90234
1582627133287,276.82916,2.994252,352.92667
1582627133297,276.5711,2.499682,349.48856
1582627133307,276.34,1.2079962,338.9566
1582627133318,276.28482,359.03833,324.89554
1582627133332,275.41043,357.83557,315.26193
1582627133338,275.00073,358.86514,311.062
1582627133350,274.85635,0.41084063,310.01013
1582627133358,274.54684,3.7398329,310.27408
1582627133368,273.39188,8.29415,312.06662
1582627133379,271.04474,13.125863,319.99545
1582627133389,267.26868,15.193793,330.90393
1582627133399,262.42215,14.541087,346.2487
1582627133408,262.8467,11.931985,352.02478
1582627133418,266.48557,8.336175,351.46823
1582627133430,272.97357,1.9910076,350.07135
1582627133439,279.67993,354.61563,348.706
1582627133451,286.76434,340.90195,340.46933
1582627133459,282.16513,334.87756,326.05722
1582627133472,276.56082,344.3969,320.34286
1582627133480,275.6814,355.60187,340.93704
1582627133489,275.43457,358.20486,356.81094
1582627133500,277.9583,357.62894,4.2789907
1582627133507,282.92908,356.0002,7.5569715
1582627133519,293.7367,352.64838,10.700153
1582627133530,310.3593,347.815,13.977002
1582627133537,327.55084,342.3429,17.830389
1582627133548,340.44382,337.77292,21.473005
1582627133558,348.10242,334.17896,23.890734
1582627133569,350.612,331.60373,24.400595
1582627133580,351.5892,330.6283,24.25268
1582627133587,355.14938,330.49457,25.801048
1582627133602,0.18546708,331.23376,28.633162
1582627133608,4.4909687,332.82306,31.455296
1582627133622,16.445753,335.3282,38.223713
1582627133630,29.644934,337.44894,46.05908
1582627133639,43.15717,339.81134,55.052345
1582627133651,49.952732,341.86215,60.277267
1582627133659,54.695675,344.88037,62.493362
1582627133669,58.909378,350.57147,61.156216
1582627133683,54.65675,353.9686,52.51576
1582627133688,44.821133,356.4941,43.43031
1582627133699,16.623867,356.56323,34.997204
1582627133713,0.350643,354.75278,32.063034
1582627133719,358.2633,353.32092,32.025932
1582627133731,347.35733,352.9704,30.084688
1582627133738,311.98148,353.7983,21.002968
1582627133749,286.61902,353.26468,359.6021
1582627133758,279.63925,352.38834,342.74634
1582627133768,276.42767,354.8646,341.78586
1582627133780,271.99857,359.75485,347.89374
1582627133789,265.32617,4.440942,355.71207
1582627133797,261.73486,5.6545515,1.0487322
1582627133808,262.03143,5.4480305,1.4661075
1582627133817,263.56607,4.722735,359.6627
1582627133830,265.99445,3.5036368,357.137
1582627133837,269.49054,2.2258449,353.6497
1582627133847,271.97336,0.44928408,350.34048
1582627133857,274.78415,357.81485,347.71054
1582627133867,276.92294,355.58725,346.34723
1582627133879,279.11404,353.21707,344.9044
1582627133887,280.1675,350.5295,342.0098
1582627133897,279.18158,348.01395,334.07077
1582627133910,275.87866,346.11435,321.36093
1582627133919,270.33545,347.60785,301.82727
1582627133930,267.29105,350.8471,287.31583
1582627133939,266.16675,353.643,278.60165
1582627133949,265.93573,355.89227,275.567
1582627133960,267.99686,0.41120553,279.32715
1582627133969,268.51126,4.160905,290.02905
1582627133979,266.98752,8.8334255,306.29602
1582627133988,262.3933,12.6414995,325.24023
1582627133998,256.74808,15.210338,339.3978
1582627134010,252.94992,16.550632,347.53314
1582627134018,251.89218,16.463114,349.63043
1582627134031,254.99303,11.833167,350.30023
1582627134039,268.47467,354.76154,351.88113
1582627134049,313.6903,314.16635,5.999935
1582627134062,341.92914,288.68262,23.766554
1582627134067,280.97324,347.88107,2.7434328
1582627134079,263.8509,1.4290469,7.479876
1582627134088,263.09036,2.1415813,12.933924
1582627134098,266.511,1.2309893,18.87697
1582627134111,280.8415,358.2459,22.698027
1582627134117,307.18,353.69604,24.976162
1582627134129,326.1287,349.21042,25.48915
1582627134138,339.379,344.7351,25.9377
1582627134149,347.5252,341.55188,26.75771
1582627134162,354.42172,340.10898,28.206272
1582627134168,1.8378173,341.35596,30.579706
1582627134182,7.5349145,344.24072,32.26145
1582627134187,12.566637,347.8938,33.1922
1582627134198,17.174202,350.85043,34.1865
1582627134211,15.665914,353.00778,32.95699
1582627134218,11.13941,354.41913,31.57595
1582627134229,4.6098776,356.38538,29.146845
1582627134240,4.473668,358.55396,29.191782
1582627134248,13.132568,0.9298165,31.731508
1582627134260,33.32929,3.6701431,36.7701
1582627134268,60.997482,8.771689,42.53869
1582627134279,68.512436,10.1616335,44.43112
1582627134289,68.42252,10.130924,43.74282
1582627134299,56.345974,7.4968095,41.48328
1582627134309,14.520199,6.081474,33.147915
1582627134318,311.66962,4.522334,22.407867
1582627134328,293.29144,2.363479,9.39476
1582627134339,287.0099,356.6449,346.47552
1582627134347,286.57983,349.94254,336.58655
1582627134359,286.4503,345.17233,333.30255
1582627134371,287.02182,344.45416,337.61432
1582627134379,285.15323,351.14246,347.4863
1582627134389,279.6577,357.56332,354.606
1582627134400,275.0935,0.43009865,355.26678
1582627134410,274.23694,0.2515732,354.3455
1582627134417,273.84775,0.0753687,353.4936
1582627134428,274.079,359.81464,352.34875
1582627134437,274.95715,358.98843,350.59592
1582627134448,276.0729,358.23633,348.2582
1582627134457,277.47083,357.16412,347.23868
1582627134467,279.19537,356.10956,348.2602
1582627134483,282.32184,353.93973,350.91272
1582627134489,285.22433,351.6695,351.65466
1582627134499,286.17682,349.64542,348.79733
1582627134508,284.7846,348.89917,343.29883
1582627134518,281.49988,348.00217,331.87292
1582627134529,277.68045,350.61246,319.94653
1582627134540,275.65976,355.4227,312.41876
1582627134550,275.0104,2.0881557,307.57617
1582627134561,274.24512,8.746051,311.89172
1582627134573,272.54825,10.826207,318.3302
1582627134578,269.53067,13.327793,328.35034
1582627134590,266.77014,12.812577,338.3594
1582627134600,263.9978,12.250392,349.7886
1582627134610,262.68463,11.301937,354.60687
1582627134620,264.2892,9.6424675,353.80716
1582627134628,268.86255,5.4851007,348.59012
1582627134641,273.181,0.56541055,345.763
1582627134648,276.3744,356.2871,345.14954
1582627134661,271.78052,1.7991867,339.62598
1582627134668,268.81268,6.5811133,337.95297
1582627134677,269.66623,3.4571815,352.5305
1582627134691,272.2465,1.6949474,1.3779898
1582627134701,276.97928,359.58737,7.7633653
1582627134712,289.15088,355.91037,12.847109
1582627134724,304.35,351.22668,16.255693
1582627134732,319.6038,346.25143,19.10498
1582627134745,332.13016,342.20468,22.073807
1582627134758,337.88205,339.02914,23.07256
1582627134772,339.25418,337.2657,22.57578
1582627134784,336.6496,337.53323,20.673752
1582627134792,330.20813,340.9679,17.61694
1582627134798,326.00842,346.60767,17.69872
1582627134802,317.64172,351.26468,15.125249
1582627134810,313.75793,353.28958,13.754012
1582627134819,310.119,355.02335,12.436875
1582627134829,311.1019,355.4929,13.10166
1582627134839,313.6117,356.1033,15.012612
1582627134849,323.16003,358.43674,21.506037
1582627134860,342.60248,1.7639664,28.712189
1582627134868,10.278341,5.1336513,33.90951
1582627134878,24.421598,4.8047366,36.314857
1582627134891,0.62637556,2.0593278,32.577015
1582627134900,347.30185,359.17386,29.772627
1582627134910,328.69452,357.21353,24.304525
1582627134922,308.14133,359.3182,18.556501
1582627134937,299.6845,359.45364,14.905744
1582627134949,292.34207,356.5229,3.7770422
1582627134968,286.58145,351.48984,344.0975
1582627134981,282.647,347.5196,328.47293
1582627134993,280.35864,348.79742,325.73114
1582627134999,279.01257,355.49167,337.42316
1582627135004,274.50153,2.3321383,352.9064
1582627135010,272.23117,4.243958,2.2932363
1582627135015,271.67117,4.283365,4.8915024
1582627135019,273.16098,3.8427122,3.8735404
1582627135027,274.32556,3.9446495,1.5662593
1582627135038,274.97833,4.349511,359.39264
1582627135047,276.68735,4.233207,359.25238
1582627135060,278.89212,4.13297,1.720795
1582627135067,282.87,3.4530647,5.658053
1582627135079,287.61893,2.733128,10.541156
1582627135092,292.6391,1.4587518,11.885176
1582627135100,295.29648,359.85446,10.600933
1582627135108,294.93152,358.24615,6.9951034
1582627135126,290.9372,354.79147,352.29782
1582627135131,283.4084,354.58395,325.52927
1582627135139,280.65918,357.6391,304.73227
1582627135148,281.2348,3.1213334,296.66025
1582627135159,281.60962,11.61545,299.352
1582627135171,278.3485,19.47267,310.1218
1582627135178,274.30853,20.253036,320.87988
1582627135190,271.09665,18.850977,331.00607
1582627135198,269.4988,16.42282,337.60263
1582627135210,269.7966,14.6336,337.16388
1582627135221,270.186,14.291344,333.46497
1582627135228,272.01773,11.398216,326.6539
1582627135238,275.7354,0.19284439,323.49545
1582627135247,280.3923,345.51843,324.04257
1582627135259,287.11658,331.52975,329.29782
1582627135268,285.80618,329.71286,326.31638
1582627135277,285.9767,335.57166,330.9106
1582627135290,291.5241,342.1593,347.97028
1582627135297,292.13452,349.22882,0.5106849
1582627135309,293.70862,352.66208,7.7043605
1582627135317,299.85992,353.69064,13.823166
1582627135327,310.70157,353.27768,19.061134
1582627135341,328.7858,351.21442,23.940687
1582627135347,343.84064,346.96417,27.101913
1582627135360,345.9839,342.54193,25.826063
1582627135369,341.5389,338.0906,21.33206
1582627135379,335.39603,336.98276,15.624036
1582627135394,332.2569,340.32123,14.09951
1582627135399,333.00772,345.17,16.142324
1582627135410,339.88812,348.1284,20.775625
1582627135421,349.17554,349.70282,25.66687
1582627135428,359.27347,349.85025,30.257229
1582627135440,14.616764,348.94424,37.578022
1582627135448,32.578625,347.89224,47.77266
1582627135459,36.05022,348.3277,49.88321
1582627135470,24.275871,351.59024,41.744408
1582627135478,353.08005,356.6705,30.132193
1582627135490,331.26352,359.32153,25.02514
1582627135499,322.61926,0.45717478,23.979065
1582627135509,320.61954,1.2968497,25.322386
1582627135520,311.88364,1.8591542,24.248413
1582627135528,298.29144,0.96208304,18.022474
1582627135539,291.30157,357.33078,5.361963
1582627135548,288.0797,351.82767,349.51172
1582627135558,284.9143,348.3558,339.091
1582627135571,283.08072,349.531,338.83606
1582627135577,280.617,354.93927,346.31464
1582627135590,277.32043,359.02405,354.16556
1582627135598,274.01944,1.6834167,358.491
1582627135608,271.61536,3.1520362,0.073477626
1582627135621,270.58072,4.0090146,0.51439124
1582627135629,271.06607,4.4642286,0.19620582
1582627135637,271.36395,5.053976,359.98154
1582627135647,270.28793,6.647567,0.52598184
1582627135660,270.0136,7.05996,2.2373726
1582627135670,270.6268,7.4920063,3.809197
1582627135679,274.64673,5.9141636,4.730533
1582627135688,278.658,3.7537174,1.8745471
1582627135698,279.3389,2.7876146,351.98117
1582627135708,277.95224,2.5063996,335.02573
1582627135718,277.9676,1.5276107,319.94943
1582627135729,278.02747,0.8733382,313.4389
1582627135741,278.1167,0.68476003,313.77515
1582627135752,277.51666,3.6118886,316.99344
1582627135758,275.42963,8.287512,323.39044
1582627135770,272.48746,12.839589,329.2558
1582627135779,269.5306,15.624512,334.38104
1582627135788,266.80746,15.89805,342.5282
1582627135801,267.4511,14.189858,345.3298
1582627135809,268.6783,12.33166,344.34738
1582627135821,271.6831,8.706115,343.31085
1582627135828,273.42535,5.8133492,347.469
1582627135838,271.85437,7.037172,353.7234
1582627135851,265.00278,12.364224,356.67462
1582627135860,260.6623,15.331212,357.48886
1582627135869,261.80118,13.870521,1.2097208
1582627135878,265.4723,11.038402,6.5268264
1582627135889,275.3616,6.7813725,11.555687
1582627135897,297.325,359.38345,14.614204
1582627135907,316.40195,350.66663,14.922223
1582627135920,325.72824,341.77148,13.71455
1582627135927,331.15683,333.30878,12.406835
1582627135937,332.57053,328.5019,10.817219
1582627135950,334.7611,327.47333,11.432968
1582627135958,336.32047,329.44388,12.943286
1582627135970,338.84555,333.1114,15.393382
1582627135979,338.7772,335.0049,15.664124
1582627135989,340.7926,336.38654,17.34926
1582627136002,349.24777,337.48758,23.227602
1582627136008,7.6077447,340.7559,34.451576
1582627136020,31.368196,345.95877,46.975613
1582627136028,64.21375,354.80402,71.738846
1582627136039,74.135956,0.033805937,88.26033
1582627136052,77.14396,3.897265,93.60645
1582627136061,80.327515,7.6559887,87.225235
1582627136070,82.39482,8.459266,70.02789
1582627136079,81.64051,7.9967656,50.81535
1582627136088,56.80126,3.3597665,40.938507
1582627136102,338.82297,358.2619,27.878416
1582627136108,325.35822,355.2008,24.055826
1582627136118,317.15237,354.31467,21.853077
1582627136128,303.40317,353.60275,15.6698675
1582627136137,291.81702,348.79654,357.78778
1582627136151,281.08673,344.55698,329.89957
1582627136157,276.0588,345.22562,317.55283
1582627136169,274.9703,353.20096,328.5801
1582627136177,264.67044,6.241136,352.2362
1582627136187,253.04121,9.706688,6.8488264
1582627136199,252.19382,8.930477,10.577879
1582627136208,252.94037,8.727562,11.082437
1582627136221,254.42508,8.662222,11.119855
1582627136227,256.9112,8.979786,9.941107
1582627136237,261.98657,8.438351,7.445213
1582627136250,268.08112,7.1584487,2.3074107
1582627136260,274.76166,3.9980137,354.57153
1582627136269,279.78476,359.92133,348.9367
1582627136278,283.53046,355.21246,345.022
1582627136290,286.59753,345.36102,335.8888
1582627136300,282.57214,338.98575,320.21802
1582627136308,275.32413,338.05948,301.3007
1582627136318,272.46234,339.5553,293.69873
1582627136331,273.26144,344.9276,293.77902
1582627136338,274.48056,352.5635,294.97443
1582627136350,275.74887,2.8389206,302.78284
1582627136358,274.2701,8.483255,311.7911
1582627136368,271.1028,12.296067,323.49405
1582627136379,267.8574,12.168906,336.7055
1582627136390,266.94263,10.832735,343.26422
1582627136401,266.79166,10.203883,344.6341
1582627136408,268.07596,8.370205,342.54663
1582627136418,270.16113,5.5999956,339.26746
1582627136430,271.30008,4.4294376,333.05972
1582627136438,270.50064,8.912578,324.24243
1582627136449,269.4811,8.114754,334.10855
1582627136462,268.95862,6.571917,347.73712
1582627136473,269.72693,5.437007,354.15305
1582627136485,271.88266,3.9364028,359.30997
1582627136493,276.73508,1.8927357,4.908096
1582627136501,287.31543,358.5944,11.607721
1582627136511,316.78818,351.83368,21.727255
1582627136518,355.01733,342.67285,34.015717
1582627136540,18.022661,334.4725,46.796875
1582627136555,22.671677,332.1343,51.33529
1582627136570,13.183931,335.71628,44.45442
1582627136585,357.52655,340.71732,35.234737
1582627136601,341.50507,345.12268,27.48764
1582627136617,330.81906,348.5699,22.347933
1582627136627,327.198,351.02737,21.039272
1582627136644,328.85474,354.48248,23.432856
1582627136650,342.8211,357.31265,30.451572
1582627136654,13.851417,0.4206667,40.942825
1582627136658,47.335114,4.262554,52.8268
1582627136661,59.52137,6.5427217,59.231926
1582627136665,61.16058,8.312823,57.093075
1582627136669,63.8775,12.389397,49.63436
1582627136672,56.519592,13.944742,42.13061
1582627136678,344.1021,12.046121,35.03602
1582627136688,325.4238,8.322382,30.703606
1582627136700,320.3094,5.0743885,27.532272
1582627136708,309.30753,4.207859,23.43599
1582627136719,295.38593,5.008829,17.372972
1582627136730,290.5889,2.8510017,9.179907
1582627136738,284.8603,3.5666447,1.8354874
1582627136748,277.46265,7.5536675,0.8702306
1582627136759,271.0881,10.600724,4.765138
1582627136768,267.55676,11.139458,6.411513
1582627136781,269.20544,9.255125,6.1616693
1582627136787,270.45264,8.218435,3.0954957
1582627136799,271.86032,7.6863737,356.99332
1582627136807,274.0136,6.1003404,347.10403
1582627136816,275.7368,3.1835387,339.83856
1582627136829,276.08017,2.653494,339.0402
1582627136836,273.48474,5.444155,346.06757
1582627136850,271.66156,6.670958,355.89243
1582627136859,273.52042,4.7613797,354.98032
1582627136869,276.59338,0.55055463,347.98398
1582627136880,277.64514,355.87402,334.04233
1582627136889,275.38605,352.30927,312.3814
1582627136900,272.4949,349.90317,297.84903
1582627136908,270.754,349.8424,291.37805
1582627136918,271.5525,355.05203,288.2779
1582627136930,273.5686,1.8718163,295.16144
1582627136939,273.16153,8.799956,306.19208
1582627136949,270.04224,13.646346,320.12085
1582627136959,265.694,14.827803,333.49054
1582627136969,262.9239,13.844907,342.75284
1582627136980,263.54337,10.945771,347.05075
1582627136993,266.19046,8.647451,340.95065
1582627137009,269.8194,3.0220292,329.97702
1582627137021,270.90872,351.18518,314.4555
1582627137035,267.21454,334.03986,304.50473
1582627137054,265.28058,320.74326,304.08792
1582627137061,269.06903,340.89136,309.35547
1582627137068,267.2442,4.193602,341.48657
1582627137073,260.22565,9.226949,357.3925
1582627137078,256.9024,8.623716,7.880015
1582627137082,256.9347,8.395368,11.728581
1582627137089,268.9334,3.4324417,16.25656
1582627137097,283.94427,0.9126711,21.447031
1582627137107,304.20148,355.61163,18.985394
1582627137117,326.39847,348.71872,20.955725
1582627137130,342.34073,345.08188,24.945738
1582627137138,351.08685,341.0904,27.35155
1582627137148,354.53488,337.2052,28.412704
1582627137159,1.5884767,333.33597,32.49024
1582627137169,12.739902,330.9321,40.569176
1582627137181,14.120084,330.9808,41.769855
1582627137189,6.5436773,335.23883,35.812206
1582627137199,358.8203,338.2548,30.612238
1582627137211,0.7590694,340.50293,32.341003
1582627137218,355.35376,344.92923,29.564795
1582627137230,353.94086,350.97784,29.460276
1582627137238,355.25455,354.88855,30.430498
1582627137251,355.94522,357.85233,31.039747
1582627137260,347.7708,2.136162,29.832794
1582627137268,320.78976,3.5872734,25.419193
1582627137280,307.79523,2.2529263,21.010954
1582627137287,304.8576,358.31973,15.443514
1582627137298,304.67087,354.6824,12.508318
1582627137310,304.08374,352.3507,10.606539
1582627137317,284.1189,357.22522,358.6063
1582627137329,273.399,3.2568295,329.00638
1582627137338,273.3187,355.71185,306.72363
1582627137348,274.02274,351.21396,319.27667
1582627137361,273.682,354.62054,335.1693
1582627137368,263.27197,6.0584936,350.56805
1582627137378,254.66159,10.495394,358.75473
1582627137387,251.35712,11.642421,1.8964765
1582627137397,253.17407,10.165111,2.6378257
1582627137410,259.77762,7.658032,359.45285
1582627137417,265.48163,5.0965705,354.9156
1582627137429,270.62338,2.0392597,351.39575
1582627137438,273.5058,0.6065976,351.1539
1582627137450,274.7146,0.67191964,354.44556
1582627137460,277.60538,359.8497,0.54390365
1582627137472,282.67322,356.85052,2.8403745
1582627137481,283.80756,353.56583,353.92438
1582627137488,280.41953,351.2531,336.9629
1582627137499,278.18372,348.10782,323.69492
1582627137511,276.17682,345.1906,314.82996
1582627137518,274.0107,349.37958,307.87292
1582627137529,274.0924,355.25504,309.93835
1582627137539,273.63913,359.98502,319.7717
1582627137548,272.53595,2.6891632,333.25055
1582627137558,270.55722,4.0642796,349.3767
1582627137568,270.67892,2.7262125,357.09363
1582627137578,272.47324,0.8935055,358.93076
1582627137588,277.6145,355.74997,359.28763
1582627137598,282.6179,350.4454,357.66794
1582627137610,280.1982,347.58542,345.11572
1582627137618,275.67664,347.62943,329.68817
1582627137627,275.6731,344.1929,326.51144
1582627137638,276.3169,346.64087,332.1683
1582627137648,274.0962,354.08026,337.7463
1582627137659,271.5234,358.96353,344.4298
1582627137667,271.36084,359.57196,350.12842
1582627137677,273.45645,358.81573,354.96597
1582627137688,278.53027,356.76862,359.95905
1582627137698,288.66788,352.88226,5.0228605
1582627137709,304.90784,346.97833,10.143624
1582627137718,322.31134,340.37366,14.990093
1582627137728,336.58646,333.60168,19.97039
1582627137741,343.19867,329.01926,22.687397
1582627137748,345.42136,325.86386,23.682684
1582627137763,351.421,331.99832,29.150803
1582627137768,353.8073,336.02832,31.366714
1582627137779,349.45978,341.2496,29.789536
1582627137789,352.296,344.23413,31.734924
1582627137797,356.28574,345.73813,34.227222
1582627137810,353.80365,347.69046,33.439476
1582627137819,357.92374,347.25763,35.869743
1582627137828,8.487718,347.02344,41.631004
1582627137842,20.132383,350.36896,47.027283
1582627137849,25.663504,353.0426,49.135574
1582627137860,29.202785,356.11227,49.48235
1582627137870,32.310417,359.48608,49.028893
1582627137878,14.624975,1.4719218,41.975475
1582627137888,353.35507,359.45276,36.30697
1582627137898,338.47195,358.69748,31.633768
1582627137909,318.1261,2.9056478,27.075125
1582627137918,300.677,4.3029127,21.315197
1582627137928,292.5504,357.3166,358.7928
1582627137943,286.48047,341.11603,324.22342
1582627137950,290.85175,327.8839,329.76132
1582627137957,287.54938,350.69382,343.0051
1582627137968,273.12433,9.058948,355.7407
1582627137979,268.5433,10.597819,6.0906615
1582627137990,269.32144,9.293421,9.998925
1582627137997,270.6724,8.919357,8.3676605
1582627138010,272.82758,8.2776985,4.492694
1582627138018,276.77628,6.512378,0.72308064
1582627138028,279.8836,5.197127,356.3922
1582627138040,283.22165,3.4416823,354.74167
1582627138048,285.83792,2.586257,356.25043
1582627138058,287.47992,2.572106,358.61115
1582627138068,290.1547,1.2467608,359.90155
1582627138078,292.29492,359.57083,359.45328
1582627138089,291.18484,359.0739,354.69418
1582627138099,288.62186,359.28552,347.80063
1582627138108,286.16882,359.62198,340.3907
1582627138118,283.97052,1.3332494,329.3281
1582627138128,282.72818,3.093183,323.73517
1582627138139,281.6527,7.2233357,320.00598
1582627138151,280.2661,10.653566,321.50446
1582627138160,278.25122,11.980752,329.09363
1582627138168,276.69507,11.164193,338.2843
1582627138179,276.3016,10.306342,343.13116
1582627138188,275.23734,10.891268,341.94144
1582627138197,275.44168,10.5325575,337.48413
1582627138209,277.13147,7.277428,331.80887
1582627138217,278.55533,3.5870562,325.39435
1582627138228,279.08832,1.4164313,322.50412
1582627138241,277.23917,6.240308,325.92712
1582627138247,272.22937,14.757211,334.55945
1582627138258,266.80908,15.141949,353.66754
1582627138267,267.42456,13.346174,2.282519
1582627138277,268.60144,12.3362875,6.2063227
1582627138289,280.5154,6.9410205,10.282793
1582627138297,296.8246,0.656311,13.590169
1582627138307,311.63913,355.5198,16.174088
1582627138323,326.71292,350.27194,19.4299
1582627138328,336.52063,346.8175,22.20727
1582627138340,345.4849,343.6814,25.650343
1582627138349,352.13626,340.67725,28.93429
1582627138358,355.00592,338.9066,30.175901
1582627138372,358.61465,337.40875,32.31515
1582627138381,2.545021,336.78967,34.771935
1582627138391,5.1430874,337.02838,36.43962
1582627138399,8.52574,337.16394,39.26507
1582627138408,13.57019,337.17828,43.371326
1582627138423,25.909483,337.44415,54.203075
1582627138428,32.541725,340.45215,58.788982
1582627138439,49.94912,345.22592,75.45723
1582627138449,55.70536,349.3287,79.84953
1582627138458,57.644672,356.01102,72.77582
1582627138469,55.080536,3.001852,57.541714
1582627138479,37.193554,1.1907963,47.089794
1582627138489,17.153189,1.497804,40.075348
1582627138498,348.969,1.7241645,33.890053
1582627138507,321.371,359.70706,26.235117
1582627138519,296.90082,356.2531,8.039121
1582627138528,285.9825,353.43756,343.05414
1582627138539,282.08734,352.0467,330.8421
1582627138547,278.93448,356.26035,330.06995
1582627138558,274.55792,3.4900136,338.4204
1582627138567,270.3421,6.7191215,352.0325
1582627138577,267.3297,7.4142814,358.57343
1582627138589,265.16425,8.132744,359.76508
1582627138599,265.94458,7.9330597,358.34894
1582627138608,267.33582,7.5975456,356.43207
1582627138620,268.26437,7.673064,354.8455
1582627138628,269.7231,7.659976,353.64288
1582627138642,270.62845,7.6213794,351.58478
1582627138648,271.49567,7.5170183,348.8894
1582627138663,273.21805,6.4385095,345.6771
1582627138669,276.06314,3.903479,343.40994
1582627138680,277.28137,2.0244966,340.05298
1582627138691,277.07233,1.6245223,331.97433
1582627138698,276.97388,1.1182883,323.0821
1582627138709,276.74603,359.13568,314.073
1582627138721,276.25613,1.9343648,303.8214
1582627138728,276.48566,5.3238144,298.30316
1582627138740,276.9178,7.739766,296.0585
1582627138748,276.25748,8.7983675,297.90024
1582627138758,273.61005,11.001489,309.79468
1582627138770,270.64,11.4474325,323.0434
1582627138778,267.9679,13.102773,330.2071
1582627138789,266.60724,14.098579,331.61246
1582627138797,266.9435,13.633234,330.20877
1582627138808,268.34457,10.938552,328.1882
1582627138820,269.21158,8.090992,327.22556
1582627138827,269.96768,8.480636,321.11957
1582627138838,268.60773,15.237991,320.74152
1582627138847,261.94775,19.572186,335.21793
1582627138858,258.13516,13.665555,355.0103
1582627138869,259.25488,10.9655,2.5655146
1582627138877,263.92752,7.977567,7.200415
1582627138892,276.41406,3.058204,11.23117
1582627138901,296.9723,357.34985,15.082801
1582627138909,324.00385,350.8247,20.382944
1582627138922,339.6387,346.78732,23.616848
1582627138929,351.23895,340.91388,26.752453
1582627138938,356.5289,337.11795,28.688004
1582627138951,1.3237054,334.53848,31.414919
1582627138958,6.9126964,333.0813,35.222546
1582627138970,9.622395,331.4234,37.053707
1582627138978,5.9565334,330.43594,34.20017
1582627138989,23.430862,329.36942,48.59365
1582627139000,35.061447,333.3231,57.896507
1582627139008,36.628048,340.49976,56.299515
1582627139018,39.16828,343.97205,56.396065
1582627139028,41.243103,344.98135,57.26074
1582627139039,42.741497,349.44528,55.29652
1582627139050,41.2012,354.77448,49.587162
1582627139057,32.35185,356.99588,42.63383
1582627139069,9.656568,359.2213,33.742355
1582627139077,343.8526,359.14203,27.352991
1582627139090,4.9111238,357.54166,33.3446
1582627139097,16.729578,356.76816,37.396492
1582627139107,14.908005,356.18622,37.517788
1582627139120,332.1152,356.38733,27.76367
