1582627146450,96.71065,355.1055,28.22754
1582627146457,98.63131,359.14804,36.77574
1582627146467,98.97318,1.9208889,46.824078
1582627146480,98.97328,4.763596,50.936905
1582627146487,99.32238,7.2925997,51.315243
1582627146499,99.53449,5.4275002,51.005142
1582627146507,99.76209,359.2878,51.10462
1582627146516,100.11196,350.50113,53.735355
1582627146530,98.46308,341.05606,49.35517
1582627146538,88.608864,325.79172,35.882107
1582627146549,64.756386,313.48026,12.984664
1582627146559,29.017122,314.35397,342.2868
1582627146568,6.4385095,320.3644,327.84192
1582627146580,346.2414,330.0466,320.2117
1582627146587,36.898777,342.45724,329.80298
1582627146598,113.29642,357.91907,344.43805
1582627146609,123.333534,9.076323,351.8277
1582627146619,123.409004,12.858895,354.9251
1582627146630,121.55847,14.339707,357.50662
1582627146639,118.68297,15.526272,0.6271944
1582627146649,115.80177,16.770855,4.307862
1582627146661,112.82518,17.193157,7.5572424
1582627146670,112.358025,17.394707,7.9586015
1582627146679,115.35838,16.882507,1.888927
1582627146687,125.53289,16.097576,350.00427
1582627146700,169.37553,15.108756,330.3017
1582627146709,239.19687,10.673983,310.12195
1582627146720,259.6896,5.510062,298.98227
1582627146729,264.2912,3.0349605,297.93912
1582627146738,259.1609,3.760183,308.90457
1582627146747,203.40775,6.6867356,327.9056
1582627146757,124.493805,9.271738,345.5633
1582627146767,113.98232,10.146924,355.85165
1582627146779,110.87527,9.6628065,359.61862
1582627146787,114.60869,9.668402,356.43277
1582627146797,118.39431,7.071096,349.1104
1582627146807,69.09025,353.93008,336.01654
1582627146817,295.88562,338.57663,300.91837
1582627146829,263.87695,316.75146,237.5585
1582627146838,247.52243,306.43124,217.01816
1582627146848,271.7825,314.89978,249.65244
1582627146858,267.4928,321.78467,246.09866
1582627146868,85.34289,345.5389,351.53818
1582627146883,110.83635,3.414881,7.45092
1582627146888,107.08407,2.854227,18.571947
1582627146898,103.4241,359.66977,26.89399
1582627146911,101.15559,357.03204,34.99212
1582627146918,100.17619,354.86176,41.754738
1582627146929,99.476776,350.9084,48.560986
1582627146939,98.828,349.39963,50.154274
1582627146948,98.64167,349.9747,50.390404
1582627146960,96.81561,348.0257,44.725742
1582627146968,96.29959,349.19922,41.54709
1582627146979,96.94079,350.6863,38.68837
1582627146988,97.96629,352.80472,37.71755
1582627146998,98.03104,353.3263,32.69246
1582627147010,100.835396,358.43732,26.720036
1582627147018,103.474396,2.3672554,25.479862
1582627147029,102.14224,359.30292,23.161558
1582627147038,104.66048,6.504487,30.766802
1582627147047,104.95533,7.077319,30.476868
1582627147058,104.02991,4.458765,27.445486
1582627147067,102.65234,1.5422177,26.708881
1582627147080,97.31323,352.8279,15.449965
1582627147089,83.37123,343.7295,359.15286
1582627147097,65.59714,340.6707,344.4751
1582627147108,54.546852,340.928,337.46143
1582627147122,51.071396,342.25635,334.2855
1582627147131,73.28988,346.46002,336.37433
1582627147138,98.131195,352.17548,343.5829
1582627147148,106.31192,358.12848,353.1646
1582627147159,113.78849,3.32085,352.9305
1582627147168,119.89887,6.403909,349.62357
1582627147178,122.13261,7.8778353,348.0586
1582627147190,123.19019,10.62021,349.88297
1582627147199,122.882805,13.145731,352.52924
1582627147209,121.08577,14.962623,355.59753
1582627147220,117.92447,16.034203,359.14835
1582627147229,114.52596,14.868097,0.7643188
1582627147238,108.73614,10.225076,0.036482748
1582627147249,120.20773,12.055356,349.3073
1582627147260,77.50564,354.89584,345.9994
1582627147268,300.9506,356.6348,323.31946
1582627147278,269.2467,0.80553216,303.17416
1582627147288,273.97095,358.50937,297.33612
1582627147298,271.3838,0.29980567,300.1954
1582627147309,262.7187,3.3881254,311.06223
1582627147317,187.47809,6.9631276,329.20905
1582627147327,113.436935,8.018528,346.12927
1582627147339,110.49932,9.256652,350.68567
1582627147349,114.16256,9.654837,348.8861
1582627147362,119.411736,9.271779,345.0305
1582627147368,128.82767,8.128255,338.99277
1582627147377,135.91231,7.6324325,336.11127
1582627147386,159.24928,13.710258,332.39346
1582627147398,148.55972,19.778967,339.20984
1582627147410,122.44524,15.555606,353.76694
1582627147418,109.41739,10.348575,4.8756447
1582627147429,103.09459,5.425731,11.1776285
1582627147441,99.95405,1.2713814,11.923018
1582627147448,96.51326,356.05,11.811307
1582627147460,91.43184,348.84457,13.915379
1582627147468,87.24612,341.38843,16.906902
1582627147479,83.58705,333.66348,18.91792
1582627147492,82.342,331.05957,19.322939
1582627147499,85.75721,332.08188,24.121296
1582627147510,88.98216,334.69208,28.942028
1582627147519,91.92644,336.81323,33.97636
1582627147528,93.258606,337.7148,36.74061
1582627147542,93.88517,337.13174,39.04102
1582627147548,94.91525,335.8981,41.98164
1582627147559,98.08357,336.34213,49.52766
1582627147568,101.23455,340.00192,57.869495
1582627147579,101.007675,346.65222,59.518658
1582627147588,99.654366,354.62268,54.601147
1582627147597,99.49353,359.5239,45.09275
1582627147611,100.75889,2.8238008,34.856567
1582627147617,102.125084,2.8794925,27.286757
1582627147629,102.21998,2.2368104,28.605753
1582627147639,102.077866,1.1019368,28.450521
1582627147647,100.57303,355.9327,22.695406
1582627147660,96.6058,350.4586,7.358727
1582627147668,84.438736,345.0449,343.97754
1582627147678,50.88452,344.08575,325.228
1582627147689,255.51253,348.5151,318.58514
1582627147696,119.90732,350.17813,322.4373
1582627147710,128.9112,1.9735932,334.9227
1582627147719,124.26312,6.395822,342.56833
1582627147729,119.64928,6.599811,346.11472
1582627147740,114.89825,5.071381,348.00958
1582627147748,114.09484,5.2394,347.46988
1582627147760,115.57691,7.0436244,347.2012
1582627147769,113.219315,7.514641,349.75516
1582627147780,108.51725,6.348671,353.73242
1582627147791,103.58804,3.5094597,355.9556
1582627147798,99.87338,0.62933403,355.21753
1582627147810,95.100296,357.29153,352.06534
1582627147820,87.89155,353.54483,345.5993
1582627147828,71.68505,349.76678,335.36594
1582627147840,348.23453,347.70123,319.8143
1582627147848,289.46893,348.44165,304.27457
1582627147861,275.48425,350.21585,287.83627
1582627147868,270.3729,353.16553,284.9228
1582627147878,267.33115,355.16156,295.96887
1582627147889,224.1216,359.74365,317.1977
1582627147897,127.0668,2.6492698,334.56192
1582627147909,114.613335,2.5451026,342.46237
1582627147917,116.283714,4.0578623,344.4696
1582627147927,123.451996,7.006465,343.29602
1582627147941,136.58714,10.590374,338.42355
1582627147947,160.8204,16.992598,329.23724
1582627147957,169.57971,18.219244,324.74844
1582627147967,167.36967,16.891123,325.16595
1582627147977,156.02022,16.491133,330.835
1582627147988,139.39967,12.2463045,338.5634
1582627147998,128.26158,9.773847,345.6367
1582627148010,118.775894,7.676277,354.99512
1582627148021,112.135544,4.296462,2.7155821
1582627148028,105.40285,358.73807,12.523329
1582627148039,102.34863,354.27237,18.033777
1582627148049,99.71031,349.4404,22.010426
1582627148060,97.280945,344.36148,24.427298
1582627148068,95.29992,340.89056,24.641836
1582627148082,93.55757,338.81754,23.936394
1582627148089,92.26049,337.39603,22.957153
1582627148098,91.273636,337.02118,21.796959
1582627148108,90.45784,337.19952,20.40327
1582627148120,89.83379,338.07928,18.523178
1582627148129,91.467964,340.36166,19.832306
1582627148139,94.64609,344.54218,23.361917
1582627148149,98.60932,351.99026,29.737482
1582627148158,100.518555,357.47644,35.757668
1582627148168,101.28615,2.335908,38.48437
1582627148177,101.953636,4.6567945,35.96178
1582627148189,102.16163,3.642177,32.339954
1582627148197,102.97048,3.671686,26.370956
1582627148207,104.9401,4.226372,17.307253
1582627148218,108.74181,5.983317,7.936494
1582627148228,115.050606,5.3005877,354.06985
1582627148239,119.296265,0.1342535,339.42725
1582627148247,121.77619,356.32486,330.7904
1582627148259,134.78738,359.05222,328.76974
1582627148268,133.49963,5.3775616,335.1697
1582627148277,124.06846,8.748916,345.6461
1582627148287,120.68423,10.87404,351.51642
1582627148300,120.253174,12.011937,352.54016
1582627148309,120.39656,12.143859,350.8545
1582627148319,120.04977,11.834925,349.44678
1582627148328,118.6735,11.637845,349.1476
1582627148341,114.059135,11.024653,352.24243
1582627148349,109.06506,10.36447,357.3074
1582627148359,103.46777,8.531015,3.5601099
1582627148372,98.33327,5.3241467,7.3199377
1582627148379,95.21424,2.5159202,6.5369363
1582627148389,93.24842,0.5472216,357.626
1582627148399,91.525345,359.41614,339.2395
1582627148409,302.46246,357.20236,316.29297
1582627148420,276.47202,357.18808,301.4953
1582627148428,271.29135,358.99805,292.18365
1582627148438,266.17093,1.8663846,291.67322
1582627148447,254.4881,5.266269,300.6425
1582627148469,201.07181,10.032126,316.9091
1582627148474,135.6416,13.709519,335.37985
1582627148478,123.75561,15.933972,346.10822
1582627148487,121.51316,16.851185,349.7552
1582627148497,117.85474,15.06132,352.5658
1582627148508,114.42776,14.148203,357.73993
1582627148519,115.73231,17.986883,2.7159946
1582627148527,128.5241,24.591833,354.97797
1582627148539,128.56824,18.20991,350.43448
1582627148547,117.65281,8.7607975,352.41348
1582627148559,109.27086,2.1518896,353.93286
1582627148569,104.404305,357.99677,354.3984
1582627148578,98.65638,353.643,352.69153
1582627148587,90.119125,348.03174,352.37344
1582627148598,76.79654,339.53928,351.56607
1582627148608,77.16698,338.22034,355.13138
1582627148621,79.599205,335.52664,4.1620073
1582627148628,81.20322,334.63583,9.250565
1582627148639,83.12323,334.37796,14.141224
1582627148649,84.82891,334.48398,17.95231
1582627148659,87.36839,335.02902,23.632257
1582627148671,92.41242,335.89154,34.825363
1582627148679,98.600365,338.57858,49.274235
1582627148688,102.594444,343.80222,61.25769
1582627148698,105.22805,349.6892,75.61518
1582627148708,104.20393,355.88864,82.548065
1582627148720,100.17488,2.3595426,78.84643
1582627148730,99.12197,5.343797,66.02154
1582627148739,101.1145,8.796786,46.841476
1582627148748,103.154915,7.203022,35.87099
1582627148757,104.488205,6.8397803,28.814714
1582627148770,105.969505,7.2003546,23.142738
1582627148779,108.01022,6.305382,14.046817
1582627148787,111.294205,3.4291444,358.8946
1582627148800,116.78858,358.64288,339.71387
1582627148807,130.03113,354.93488,326.29657
1582627148819,158.3833,357.24167,321.79413
1582627148828,145.40912,3.01874,327.85944
1582627148837,131.64493,7.5628643,338.1973
1582627148851,125.05306,10.098504,345.61884
1582627148856,121.480515,10.357943,348.519
1582627148869,120.277145,10.438418,348.20856
1582627148877,120.50838,10.859356,346.90854
1582627148888,119.64897,11.886408,347.73395
1582627148901,115.72318,12.413464,351.81274
1582627148908,110.52014,11.643957,356.76572
1582627148919,105.0655,10.579218,3.5525138
1582627148928,101.476974,8.739131,6.39805
1582627148938,99.32152,6.6246805,4.5267677
1582627148950,98.4396,4.0048575,353.9751
1582627148958,99.49705,2.5924385,341.72437
1582627148969,195.0739,2.0178378,319.48944
1582627148978,250.61859,4.177878,308.33527
1582627148990,246.38965,7.0409765,306.21936
1582627148998,227.78107,12.210556,309.45502
1582627149009,209.355,14.579114,314.28317
1582627149021,189.04128,17.464392,319.2378
1582627149028,173.24998,19.998568,324.12366
1582627149038,159.7516,21.113352,329.34467
1582627149050,152.6378,20.338188,331.83148
1582627149058,140.84012,12.905901,332.74475
1582627149068,68.42204,347.51535,338.588
1582627149077,55.114014,294.32806,9.893528
1582627149088,197.78682,272.35492,157.11644
1582627149100,115.41572,307.98978,75.15113
1582627149107,89.615654,342.43872,18.06127
1582627149119,107.36141,1.5267979,358.17056
1582627149127,115.93297,7.502257,355.17682
1582627149138,115.00723,6.3938684,355.55035
1582627149149,109.02896,2.5729158,359.82095
1582627149157,103.27968,357.5301,4.0348563
1582627149168,99.635315,353.54794,7.2881713
1582627149178,96.66668,349.85004,10.375463
1582627149189,94.250725,345.8226,12.975589
1582627149200,92.1748,342.66708,14.19915
1582627149208,90.4588,339.76437,14.512233
1582627149219,89.489395,337.79758,15.44427
1582627149228,89.17801,335.8226,18.009645
1582627149239,90.30304,334.46945,22.605421
1582627149250,93.12303,334.5016,30.05694
1582627149260,97.01346,338.09164,38.634815
1582627149269,99.408455,345.26437,44.747463
1582627149279,100.31114,353.32425,48.29505
1582627149289,100.1327,359.63458,49.239822
1582627149299,100.25151,2.515426,47.940872
1582627149308,101.18244,2.7413585,41.268562
1582627149319,102.290825,1.8460683,32.266792
1582627149328,103.62781,1.6544529,22.320665
1582627149338,106.38509,2.7325554,13.253187
1582627149351,108.97451,2.4471014,3.341356
1582627149357,109.48081,358.45065,351.41693
1582627149369,107.44524,353.39532,338.4116
1582627149378,108.5408,351.41806,328.9727
1582627149387,118.61767,352.81006,323.77792
1582627149398,117.0822,353.88916,325.11948
1582627149407,108.469315,353.6292,330.5491
1582627149417,108.035515,355.81366,335.60394
1582627149427,114.96383,359.80234,334.92868
1582627149438,109.989586,1.3902289,344.45117
1582627149451,109.93129,3.149482,347.4215
1582627149457,111.40494,5.988294,348.83636
1582627149471,110.38956,6.5865407,350.31406
1582627149480,108.1224,6.717813,353.74854
1582627149489,105.90686,5.524291,355.165
1582627149501,103.61531,3.8744981,354.2768
1582627149508,100.639915,1.3162795,350.44778
1582627149518,100.34572,0.139284,341.7166
1582627149530,106.08801,359.71204,329.42136
1582627149538,218.32822,0.45054153,315.99286
1582627149549,245.1679,2.7604601,306.8318
1582627149558,238.69626,6.545492,304.47137
1582627149568,224.89877,9.924364,308.36386
1582627149580,179.04053,14.505083,321.79025
1582627149587,150.83363,15.9664345,332.8272
1582627149598,137.07068,17.382097,341.53433
1582627149608,141.45096,19.99825,341.23044
1582627149618,157.28236,19.326073,331.85602
1582627149630,215.35486,10.246947,307.97577
1582627149638,272.0735,342.86688,271.46652
1582627149650,255.336,320.6025,221.1882
1582627149657,101.278824,354.3821,26.756443
1582627149670,111.77703,3.155189,5.6519623
1582627149684,112.0111,2.1497717,5.3670664
1582627149689,107.64129,356.4624,6.9412293
1582627149698,98.17013,346.4064,0.9662786
1582627149707,88.738976,339.503,357.35202
1582627149718,81.405655,329.13254,7.1412296
1582627149727,83.49539,323.87115,17.651228
1582627149737,87.95969,323.5365,25.383398
1582627149748,89.22609,325.58566,25.81664
1582627149757,89.530594,328.75748,22.444117
1582627149770,91.994484,332.66113,22.32579
1582627149779,94.95167,335.2074,25.720442
1582627149789,101.24334,340.65793,37.382214
1582627149798,108.109344,344.90665,59.88468
1582627149808,114.2793,349.79013,81.674225
1582627149819,117.53489,359.46698,103.237686
1582627149830,112.50827,5.44688,102.19655
1582627149839,100.78897,17.940657,93.46425
1582627149848,113.030914,3.3235075,91.17106
1582627149858,112.508804,3.6740258,84.16476
1582627149867,111.07677,9.119304,65.72822
1582627149879,114.74598,1.8471859,36.96532
1582627149888,119.22942,2.0838964,21.308046
1582627149899,118.39156,356.03912,14.3285265
1582627149910,107.93693,343.7112,9.423939
1582627149921,87.907646,331.86218,356.4969
1582627149929,71.583534,331.85263,339.09515
1582627149939,150.93495,339.9464,328.5867
1582627149947,149.78885,346.5007,332.22546
1582627149958,138.8148,357.63348,345.05984
1582627149967,135.42378,4.792786,353.47507
1582627149982,131.67358,5.8106375,357.40192
1582627149987,128.88454,4.946624,358.4126
1582627149998,126.192406,4.5992513,359.6211
1582627150007,124.97966,3.3166683,357.33603
1582627150017,122.00915,2.8847332,359.43692
1582627150029,122.19577,3.322105,357.2788
1582627150036,121.23492,1.9192153,354.47775
1582627150047,118.58276,0.04616592,353.176
1582627150062,114.62485,356.9059,349.7355
1582627150069,110.720245,354.19098,345.69684
1582627150082,114.79167,351.9312,334.56235
1582627150088,239.59515,353.6184,314.491
1582627150099,251.60538,358.04303,293.03717
1582627150113,252.88815,0.3903603,284.0353
1582627150120,250.15485,3.4257803,283.8059
1582627150130,239.37599,9.236882,292.46582
1582627150139,218.47363,14.743062,305.65198
1582627150148,193.47842,17.323406,318.65036
1582627150162,161.9905,15.802297,333.79932
1582627150169,146.09843,13.8643055,341.886
1582627150178,133.66518,12.90391,349.9649
1582627150188,138.00159,11.522346,346.03436
1582627150199,142.35876,11.019534,343.14243
1582627150211,142.08646,2.992204,337.88522
1582627150218,86.174736,340.86246,12.208448
1582627150230,255.00398,310.47708,228.4519
1582627150237,235.29623,329.81982,197.53433
1582627150247,237.5776,347.46936,188.10709
1582627150257,245.44003,6.324128,169.77284
1582627150267,111.6376,9.26403,31.985601
1582627150278,115.51844,3.6087582,13.875162
1582627150287,113.30857,1.4513476,16.577715
1582627150297,112.40401,358.79697,11.419027
1582627150307,109.88937,355.98785,8.519692
1582627150317,102.82967,350.28836,9.626559
1582627150329,97.37977,346.1053,11.542814
1582627150336,92.40735,342.68008,14.420901
1582627150349,89.773636,337.75497,21.232395
1582627150360,89.25607,333.93027,27.79345
1582627150369,89.88589,329.4828,33.987362
1582627150379,95.36208,325.74234,46.226242
1582627150392,103.91405,327.347,61.66537
1582627150400,106.12926,330.8402,65.71961
1582627150410,104.703384,339.49625,62.33083
1582627150418,103.27513,344.97855,55.461666
1582627150428,102.022545,352.3039,41.863056
1582627150439,105.18214,0.9605766,32.356094
1582627150450,108.496086,6.3725586,26.984268
1582627150459,109.036934,5.969058,24.489388
1582627150469,108.45242,2.8790054,21.996733
1582627150479,107.3497,0.124508105,20.694267
1582627150488,103.69744,355.097,23.027376
1582627150497,100.3091,349.78775,24.473038
1582627150509,92.84745,341.61163,15.365329
1582627150518,22.26097,323.28995,335.06775
1582627150528,290.65356,332.13812,296.8328
1582627150538,248.56772,350.42566,311.73694
1582627150547,143.16713,5.545492,339.83655
1582627150560,127.291275,9.563986,354.78696
1582627150568,123.34639,10.22758,359.47192
1582627150578,121.38761,9.888116,0.36933059
1582627150590,118.807465,7.818747,359.26486
1582627150599,119.93897,7.257525,354.9605
1582627150614,124.88916,8.128137,348.92532
1582627150620,131.79593,9.160389,343.9327
1582627150628,135.50613,10.017512,341.3115
1582627150637,134.96968,9.648406,340.38635
1582627150648,134.33893,8.923353,339.88287
1582627150659,130.47128,6.6785097,339.27628
1582627150669,144.58575,2.0575542,330.0797
1582627150678,239.18166,359.4884,315.7606
1582627150692,258.41626,358.9267,301.5561
1582627150698,257.5357,1.0570726,296.76105
1582627150709,248.55133,6.0790606,298.00302
1582627150718,235.74368,9.476285,304.6078
1582627150729,197.34807,12.959319,319.32825
1582627150742,167.24883,15.453489,328.824
1582627150748,154.55948,17.13396,334.34665
1582627150759,147.85844,16.428698,337.3686
1582627150769,148.01717,14.10653,336.0073
1582627150778,156.24393,10.513535,331.27286
1582627150792,111.61019,3.8127563,350.92194
1582627150798,111.22381,356.45163,334.1187
1582627150809,150.03932,8.767991,334.08667
1582627150818,152.50362,17.320082,338.10983
1582627150830,127.38437,16.112253,355.06833
1582627150838,113.526566,14.067917,10.95287
1582627150847,104.876495,7.9953485,20.89049
1582627150860,100.166405,1.3682837,23.236921
1582627150868,96.06751,355.79697,24.00177
1582627150877,93.212906,351.00653,28.32511
1582627150889,92.02268,346.83707,35.017426
1582627150897,92.56603,345.92786,41.04028
1582627150908,93.250534,346.35388,43.25785
1582627150917,93.71348,347.95187,42.88118
1582627150926,95.103676,349.08292,46.729618
1582627150939,96.780014,349.69464,53.72005
1582627150949,98.79204,349.60614,62.363945
1582627150958,100.57503,349.5097,68.82756
1582627150967,102.36428,350.72763,75.905396
1582627150979,103.79217,354.37296,85.36793
1582627150990,102.97666,358.24536,89.499565
1582627150999,101.403984,1.6438887,81.832504
1582627151008,101.23315,4.0287113,66.99889
1582627151019,104.21479,7.880095,43.79001
1582627151028,106.42878,9.462324,36.907253
1582627151040,107.1927,9.193955,33.827175
1582627151048,108.754456,10.396131,31.051123
1582627151059,110.14941,10.125612,25.969727
1582627151069,126.54183,12.514638,359.84244
1582627151078,147.45784,9.7697,340.1417
1582627151090,149.9828,9.3697195,337.77777
1582627151098,138.29393,11.363562,345.7502
1582627151109,128.6629,13.27284,354.91608
1582627151118,123.34652,13.516469,0.44443628
1582627151127,120.1845,12.554236,1.5372431
1582627151140,120.42201,11.341766,358.45786
1582627151147,121.37049,10.12014,353.45532
1582627151158,125.7448,9.522352,346.77762
1582627151167,129.61717,8.533054,341.33606
1582627151177,128.82243,7.654429,339.38565
1582627151189,125.06878,7.470254,340.7447
1582627151197,118.67776,7.2846274,344.4039
1582627151207,114.21928,6.3156385,346.60306
1582627151216,114.60387,4.567276,342.04608
1582627151229,136.79729,2.72811,329.2174
1582627151239,235.6008,0.90925217,316.77032
1582627151248,260.65146,359.4694,306.77853
1582627151259,257.93903,2.1736474,299.2354
1582627151272,251.98886,6.3723607,297.0607
1582627151280,239.10861,9.690536,304.4141
1582627151290,217.43279,12.110663,313.7854
1582627151300,168.5895,15.389944,328.6835
1582627151309,146.3078,16.199629,337.57892
1582627151321,134.51558,14.412145,342.78592
1582627151328,136.58104,13.264342,341.1861
1582627151340,139.21317,9.637081,337.35464
1582627151348,112.75993,358.89355,337.9442
1582627151358,84.02898,349.65768,344.6156
1582627151371,83.27728,346.0531,352.95477
1582627151379,133.96448,11.659159,345.61496
1582627151389,130.739,14.4975395,352.08557
1582627151397,120.821815,11.303087,1.4917518
1582627151408,113.99633,7.0329056,9.188289
1582627151420,107.08555,359.57245,16.201248
1582627151427,102.00165,351.21027,21.885258
1582627151439,98.55413,344.28568,23.992771
1582627151448,96.19274,339.36398,25.749355
1582627151458,96.15788,334.36594,32.931133
1582627151468,97.70284,330.7143,40.330017
1582627151477,103.08646,331.6842,53.421978
1582627151489,109.39879,336.44147,69.02569
1582627151497,110.40524,343.547,75.94788
1582627151508,107.77398,351.93613,76.321846
1582627151519,103.335434,4.294236,62.591415
1582627151528,105.64632,11.248235,46.04824
1582627151538,107.41714,12.628948,40.176884
1582627151549,106.50899,12.469613,43.787422
1582627151558,105.35904,13.680961,48.677425
1582627151570,104.82406,16.550734,51.44423
1582627151579,104.403725,20.318697,51.82678
1582627151589,106.99115,20.087837,44.308025
1582627151598,112.22445,18.84683,30.274889
1582627151609,115.8814,15.433191,18.144413
1582627151619,114.95823,11.390613,13.882627
1582627151629,117.09537,8.434127,4.8344545
1582627151638,124.72789,8.995455,355.07816
1582627151649,128.85686,6.9542937,348.35614
1582627151659,127.28938,4.811376,345.51205
1582627151668,124.19176,5.4505153,346.89548
1582627151678,120.35012,8.135273,352.2447
1582627151689,116.616615,9.199559,356.4252
1582627151698,115.28336,9.309621,356.40955
1582627151708,115.319374,8.946986,353.4417
1582627151720,114.08613,7.5362678,350.3229
1582627151727,111.73585,6.4615602,347.77582
1582627151737,109.29072,6.067186,347.22403
1582627151747,103.92592,5.485466,350.13867
1582627151758,98.66583,4.313195,353.7597
1582627151771,93.06031,2.137922,356.88953
1582627151777,87.14143,359.1813,355.90167
1582627151791,77.9247,355.4879,350.11536
1582627151797,62.45514,352.9959,340.84738
1582627151806,23.180883,351.73532,328.20096
1582627151819,319.3319,351.4682,313.54587
1582627151828,296.67712,351.79337,300.63187
1582627151838,276.3733,0.20077448,282.07202
1582627151849,269.175,9.316721,269.66113
1582627151859,266.02655,10.51567,279.8216
1582627151869,262.90027,8.411637,298.32233
1582627151878,205.52785,12.622618,322.08328
1582627151889,152.6103,14.6439,332.38205
1582627151899,137.21927,18.471266,340.87305
1582627151908,139.21254,23.430033,344.20612
1582627151918,141.65459,27.450645,345.64856
1582627151929,151.87172,35.380657,342.8411
1582627151938,154.80525,39.59852,342.54483
1582627151950,138.39731,32.051834,351.86108
1582627151958,123.822174,23.947859,0.07156741
1582627151969,101.14843,4.679532,4.8162518
1582627151980,97.51355,359.78226,357.18085
1582627151988,83.169365,350.7644,356.21545
1582627151998,73.5591,345.06293,355.7937
1582627152007,69.55511,341.03598,357.1698
1582627152019,68.80821,337.53003,1.4587237
1582627152027,71.34146,333.75552,9.675401
1582627152039,75.69332,330.75586,19.73776
1582627152047,80.365654,331.36792,26.417435
1582627152058,83.855095,334.78757,29.24354
1582627152068,86.46738,339.1256,30.14899
1582627152077,90.359344,341.78506,36.58354
1582627152087,94.919426,344.5354,49.512283
1582627152097,99.37624,347.6408,65.83197
1582627152108,104.36874,350.04465,84.526245
1582627152118,107.16102,355.3881,101.20268
1582627152128,108.61955,357.218,107.170685
1582627152139,111.95373,357.11282,111.48129
1582627152150,110.63976,359.59955,112.64404
1582627152158,100.51455,6.143603,87.79744
1582627152169,102.61854,4.800266,57.71498
1582627152178,105.8761,5.6485467,37.216175
1582627152189,107.32196,5.559896,31.476511
1582627152200,107.589226,3.9763124,27.916735
1582627152209,108.57681,2.0750456,18.08589
1582627152221,111.13075,358.26877,359.63986
1582627152228,119.42283,355.2949,340.88675
1582627152239,135.31294,358.61685,335.54086
1582627152250,131.56741,3.910571,341.7918
1582627152260,121.241714,5.7832394,350.92084
1582627152269,114.13629,6.2535152,359.78275
1582627152277,112.03493,6.3585596,1.9547124
1582627152287,111.13349,5.978859,1.0991744
1582627152300,110.22014,5.3166604,358.67966
1582627152308,108.85639,4.3898926,355.99017
1582627152319,105.95929,2.4502861,353.83344
1582627152327,101.45832,359.5751,351.81107
1582627152337,95.3436,356.52225,348.75607
1582627152353,88.62161,354.47717,343.5857
1582627152357,80.583405,353.848,335.31693
1582627152373,19.808228,353.85403,323.41583
1582627152378,286.53754,353.04437,308.829
1582627152387,276.2804,353.74905,294.05447
1582627152399,265.85138,0.3976166,287.75024
1582627152409,251.92839,8.796543,294.65997
1582627152420,222.60661,13.496931,311.04062
1582627152428,168.47621,18.800028,329.21173
1582627152440,141.09189,21.6753,343.5794
1582627152449,134.67001,22.356892,349.22772
1582627152458,135.94199,22.907314,349.5596
1582627152469,149.52448,23.227448,341.4891
1582627152478,190.59901,18.697443,321.2109
1582627152488,270.74905,350.81372,312.1877
1582627152499,206.50542,296.9082,172.77052
1582627152509,213.39662,310.66946,178.4758
1582627152518,194.42851,328.3549,159.00911
1582627152530,127.63802,323.14178,97.02816
1582627152538,106.51299,352.93402,31.719765
1582627152550,112.56778,357.64423,20.589302
1582627152558,111.77496,355.64728,21.519373
1582627152567,107.758095,349.77487,23.267368
1582627152578,104.58605,344.8338,28.802187
1582627152588,103.855896,342.64935,35.23127
1582627152599,104.18894,343.17163,38.28485
1582627152607,103.50828,343.0549,39.900116
1582627152620,102.766975,342.5162,40.021255
1582627152627,101.477516,342.07327,37.648903
1582627152637,99.84515,341.9455,33.845062
1582627152650,98.88289,343.34705,28.708317
1582627152656,99.02285,345.3572,25.938774
1582627152667,100.47114,347.43347,28.12322
1582627152677,101.94546,349.82092,35.663185
1582627152688,103.53756,352.65994,46.400547
1582627152699,104.81382,355.7895,64.753624
1582627152708,104.59204,359.80222,72.60135
1582627152719,103.7501,4.1559763,71.31071
1582627152731,104.74184,9.0526495,56.17264
1582627152739,108.599144,9.83585,39.550716
1582627152750,110.82984,8.0187,30.058409
1582627152758,113.50224,7.2159615,21.787422
1582627152769,115.02619,5.0160923,14.073623
1582627152781,113.825165,358.57675,2.8834462
1582627152789,104.95342,348.56027,342.89236
1582627152799,291.5497,343.27145,322.66278
1582627152808,268.9545,345.5714,319.17618
1582627152818,152.29391,358.54282,333.09207
1582627152830,130.8025,6.7599993,349.1752
1582627152839,121.361465,8.010062,358.9835
1582627152849,118.08834,7.3976483,0.57171035
1582627152857,116.93922,6.580609,358.87308
1582627152867,116.001434,6.01957,356.529
1582627152881,115.31235,5.6625476,354.4778
1582627152887,113.89573,5.6999974,354.35873
1582627152899,109.76145,4.9569626,357.2702
1582627152907,103.92836,2.7412171,0.953657
1582627152919,97.95537,359.4361,1.7921377
1582627152927,93.15742,356.3645,358.56064
1582627152938,88.69352,354.66177,348.42102
1582627152949,60.774544,353.90656,329.36584
1582627152957,272.4532,355.13828,309.96588
1582627152967,261.85858,359.8778,298.6086
1582627152977,253.32104,6.0903835,294.63754
1582627152989,242.67575,11.558815,298.23926
1582627152999,208.69592,19.889582,313.46857
1582627153009,165.70525,24.370123,333.0191
1582627153018,142.18954,23.095861,346.25076
1582627153031,125.9479,19.01189,356.44986
1582627153038,121.42041,15.881233,358.76456
1582627153049,116.10528,10.570786,359.88666
1582627153059,110.707985,5.1286097,0.302623
1582627153067,103.97961,358.90976,0.29940206
1582627153079,88.161804,347.15613,356.02142
1582627153089,79.47937,344.64517,343.881
1582627153099,127.70047,356.26807,334.74335
1582627153110,130.0569,6.696969,346.91287
1582627153119,125.9685,8.438597,353.2513
1582627153129,119.81884,6.7994127,358.91592
1582627153140,111.7839,1.693712,6.194185
1582627153150,105.3947,355.33356,10.158729
1582627153160,100.701164,350.07672,10.226211
1582627153167,96.33315,345.8324,8.469798
1582627153180,91.01008,341.63437,6.64113
1582627153187,84.08675,337.37793,3.446641
1582627153199,82.69112,336.02115,5.0936165
1582627153207,82.3746,333.32687,10.037558
1582627153218,80.15982,329.9309,12.071346
1582627153229,79.152534,326.98453,13.9354
1582627153237,80.2271,325.69537,16.992182
1582627153247,86.331696,322.33862,29.434666
1582627153257,97.561005,322.50018,47.850815
1582627153267,109.73936,330.03705,69.1794
1582627153279,111.957504,341.21234,79.47561
1582627153289,105.71457,354.64392,77.81652
1582627153299,102.76003,0.5813541,71.11767
1582627153311,102.091606,5.222822,57.98239
1582627153318,103.73739,8.161342,45.77242
1582627153328,105.87134,7.6287107,36.598057
1582627153338,106.01794,4.3452454,32.38176
1582627153348,104.40941,358.39417,30.249508
1582627153362,104.21955,355.95468,21.440214
1582627153369,98.93387,348.35098,352.252
1582627153382,292.25644,338.7439,307.61005
1582627153388,277.08832,340.84128,296.86664
1582627153399,210.23665,355.96576,315.29456
1582627153411,136.1252,8.943427,342.94247
1582627153420,125.21081,11.843053,355.00052
1582627153431,119.98892,11.557781,359.88593
1582627153437,115.14391,8.822566,2.4194396
1582627153448,113.56297,7.3856673,0.35738423
1582627153460,114.76985,7.3273187,355.49384
1582627153467,116.39784,7.435642,351.65024
1582627153479,115.018776,7.3041506,351.3628
1582627153488,110.57187,6.7830205,355.27625
1582627153497,107.02017,5.8850536,358.45282
1582627153507,109.79137,4.832965,348.72873
1582627153517,177.59215,4.676298,321.1019
1582627153529,247.5566,2.909847,303.85138
1582627153537,255.91675,1.93225,298.68607
1582627153548,256.3556,2.3372493,299.25006
1582627153557,250.30402,5.680868,299.2529
1582627153567,241.49255,10.270012,299.38187
1582627153579,228.01659,16.213467,302.0445
1582627153588,207.59727,18.898382,310.9456
1582627153599,158.79213,20.259054,329.97617
1582627153611,129.93304,18.93227,345.2339
1582627153621,114.56108,13.83135,354.20953
1582627153628,110.2369,9.251698,353.82043
1582627153639,81.52053,352.27997,338.7397
1582627153648,325.82095,312.2351,296.18723
1582627153662,266.97293,308.71118,231.99883
1582627153669,279.36765,322.21216,255.49088
1582627153679,176.51784,4.500855,319.6518
1582627153688,126.01414,12.802165,349.69064
1582627153698,119.79134,12.163154,358.0207
1582627153710,110.976395,7.377914,9.337511
1582627153719,107.83566,2.8366868,12.077288
1582627153729,103.430305,355.70358,14.3176365
1582627153738,98.863304,347.64514,17.519161
1582627153749,94.98903,340.67416,18.298103
1582627153761,88.80672,330.25214,18.58044
1582627153767,86.1835,326.7784,18.380466
1582627153780,86.26619,328.17688,17.69464
1582627153788,87.489815,332.899,14.231395
1582627153798,90.227806,337.3896,13.875623
1582627153809,95.20116,343.44916,15.481718
1582627153817,97.89874,344.91565,24.442312
1582627153828,101.41121,347.2716,37.587513
1582627153840,105.79247,350.29202,58.065228
1582627153848,113.25956,351.78818,83.37735
1582627153860,122.61619,355.87708,105.1348
1582627153868,107.977135,3.6383116,90.62574
1582627153878,119.95403,356.40533,99.93907
1582627153889,120.451126,341.801,82.95479
1582627153898,106.143776,331.94077,47.79377
1582627153909,103.92053,343.20065,30.798822
1582627153918,104.9731,344.6471,29.510775
1582627153928,105.00273,342.82468,33.100227
1582627153938,104.043945,343.1166,27.60822
1582627153949,103.51834,345.12497,15.768843
1582627153960,105.4276,347.706,4.672138
1582627153968,110.02695,351.58182,357.77518
1582627153980,114.621025,355.17215,354.90057
1582627153991,114.551315,356.6969,355.54593
1582627153998,113.15147,357.19443,356.22314
1582627154008,113.473816,358.254,355.62338
1582627154019,115.8845,0.02354546,352.76138
1582627154027,112.97309,358.4514,351.5415
1582627154038,112.27093,358.3543,349.3547
1582627154048,112.72629,358.60834,346.59897
1582627154060,113.03219,357.81265,341.3526
1582627154067,111.84359,356.7476,338.3078
1582627154081,117.12974,357.31747,333.37112
1582627154087,126.69689,358.39877,329.3068
1582627154097,146.82262,356.8239,322.34714
1582627154109,187.89946,354.37372,317.91473
1582627154117,252.25836,352.71912,314.85162
1582627154128,250.06192,0.70829153,293.53375
1582627154138,246.35947,5.388133,289.44635
1582627154148,232.0003,10.542922,297.04053
1582627154159,206.10617,12.842304,310.0528
1582627154168,168.08736,14.534115,324.63065
1582627154178,156.1815,19.529263,331.7168
1582627154190,155.35327,28.125656,335.61847
1582627154198,149.91156,27.782875,339.237
1582627154209,133.91054,13.037404,341.96472
1582627154218,120.971954,5.4680457,344.49033
1582627154229,109.46937,2.1077847,354.2763
1582627154241,107.58433,358.00793,348.36777
1582627154248,104.04905,353.99356,341.32034
1582627154260,132.08041,3.15088,336.08142
1582627154269,116.80147,4.620001,352.09918
1582627154279,112.42909,3.3474627,359.05896
1582627154289,106.47448,359.87344,7.8669677
1582627154299,102.30017,354.38486,13.59984
1582627154308,98.86872,348.48303,13.051849
1582627154318,94.12071,342.1227,13.308103
1582627154328,90.805565,337.7151,13.255198
1582627154342,88.15318,334.384,13.196563
1582627154348,87.73871,334.16904,13.496933
1582627154359,86.30282,330.8438,16.496107
1582627154367,87.922615,335.1811,14.906963
1582627154378,90.43242,333.86865,24.107075
1582627154390,92.073364,334.87643,27.986025
1582627154397,94.2047,333.6486,34.82528
1582627154409,96.26139,333.4462,40.218407
1582627154417,98.91148,335.31827,45.64678
1582627154427,100.03093,342.1446,46.199978
1582627154439,101.092735,348.7482,47.38375
1582627154447,101.73456,355.02765,48.62194
1582627154462,102.25576,0.22207338,48.02264
1582627154469,103.096115,4.004293,42.75851
1582627154478,104.69854,5.890783,35.08511
1582627154491,106.57119,4.449973,24.413052
1582627154499,107.858116,3.4027257,18.114183
1582627154509,109.5448,3.385778,12.94123
1582627154519,112.45153,2.3114264,3.321665
1582627154529,114.516045,357.76266,349.09158
1582627154540,95.315765,345.7816,321.33362
1582627154549,301.94608,337.22153,307.3845
1582627154560,274.3931,344.36,311.40598
1582627154570,163.18645,359.23334,324.36475
1582627154579,132.82063,8.394008,344.9328
1582627154590,117.853806,9.096996,4.4404073
1582627154598,110.86669,7.5181026,18.44709
1582627154608,109.41643,7.2064214,23.679178
1582627154617,110.5362,8.759212,21.721594
1582627154628,106.54761,2.5343027,23.982414
1582627154640,102.89112,356.39816,19.195164
1582627154651,106.375275,356.76654,358.8603
1582627154661,86.244354,345.7716,348.89853
1582627154668,114.381996,352.71298,333.0509
1582627154677,206.7392,0.12828216,320.40543
1582627154691,219.55588,0.50013906,317.16757
1582627154697,190.6202,357.49734,324.10855
1582627154708,149.50064,358.9632,329.70203
1582627154717,145.04086,0.9104445,331.456
1582627154727,170.10362,3.6762214,326.7921
1582627154741,187.06894,6.591861,322.81717
1582627154748,192.28853,8.094787,320.9794
1582627154763,192.72673,8.125003,320.74054
1582627154772,180.28847,8.665121,324.24387
1582627154778,166.22041,7.920142,328.57474
1582627154791,156.43318,6.755175,331.47086
1582627154799,144.42654,4.306295,334.59113
1582627154808,131.35442,0.7531969,337.4473
1582627154822,129.4574,358.15414,336.2727
1582627154829,123.75801,355.12393,336.05936
1582627154838,110.69361,354.98343,348.5151
1582627154849,131.21027,7.719198,349.5656
1582627154859,136.27869,13.982215,351.26685
1582627154872,130.59859,14.491904,357.5391
1582627154878,124.83434,12.209308,2.5622392
1582627154889,117.02872,5.956475,6.4491663
1582627154897,110.46349,359.64847,8.626321
1582627154909,104.89306,354.28632,9.981213
1582627154918,98.70642,348.0613,14.457772
1582627154929,95.73175,343.29892,22.10312
1582627154940,94.78131,339.39536,28.514929
1582627154947,95.227104,337.98172,32.975246
1582627154957,95.15862,340.09686,31.097933
1582627154971,97.23569,342.24057,35.574608
1582627154977,98.01817,339.6429,42.0527
1582627154987,98.5597,341.8992,42.25021
1582627154996,98.97051,343.96472,42.814636
1582627155007,99.47697,346.1539,41.51701
1582627155017,100.345856,345.90714,47.237457
1582627155027,101.35395,346.08994,51.066635
1582627155038,101.703545,348.92535,50.266037
1582627155048,101.53647,355.65387,38.585518
1582627155059,102.88583,359.42157,35.05045
1582627155069,103.10764,0.79951924,36.6114
1582627155079,103.91665,2.1743197,37.75669
1582627155088,105.19188,5.2085347,34.99222
1582627155099,107.48149,6.334067,27.085583
1582627155108,109.286934,3.0581279,13.986916
1582627155119,107.45814,351.399,339.94632
1582627155129,137.36333,349.02646,324.61853
1582627155139,169.64232,359.06363,324.36188
1582627155149,149.64813,8.845492,334.22363
1582627155159,135.27274,12.634593,344.6583
1582627155170,126.760826,12.219315,351.0858
1582627155179,117.56592,9.315783,357.35254
1582627155189,114.64325,8.303627,358.61542
1582627155198,113.49357,8.023787,357.12726
1582627155207,112.88161,7.589479,354.78082
1582627155220,111.49242,7.0032854,353.5772
1582627155228,109.23637,6.765997,353.53665
1582627155238,106.516975,5.84708,353.61908
1582627155247,101.720245,3.821931,353.58035
1582627155257,97.05247,1.4642118,352.8147
1582627155270,93.37683,0.19106737,347.52625
1582627155277,94.42704,0.6096392,335.76822
1582627155288,208.95935,2.3236573,320.86795
1582627155297,257.0675,4.6802287,307.31592
1582627155307,260.15717,6.2625732,297.71323
1582627155319,257.97595,9.5312195,291.8123
1582627155327,255.43533,12.05654,289.73434
1582627155339,252.31415,12.065025,294.45422
1582627155351,236.68304,10.616002,309.82132
1582627155358,165.04266,9.518451,326.9545
1582627155369,112.62966,5.0950336,338.7853
1582627155379,97.911194,0.18159686,341.5005
1582627155388,92.02164,356.66757,338.15488
1582627155399,307.78482,354.17285,322.78012
1582627155409,38.34106,346.987,328.70163
1582627155418,77.761604,349.51453,335.55713
1582627155429,118.315445,359.4451,337.19644
1582627155438,118.76578,1.338705,341.93747
1582627155448,110.303734,359.46082,349.39502
1582627155459,106.95438,357.7827,354.3688
1582627155469,100.61894,352.73257,4.4685445
1582627155478,98.12145,347.2875,13.826199
1582627155490,98.003265,341.86392,21.021784
1582627155501,97.52007,340.0299,18.096111
1582627155508,99.838196,334.73987,28.11409
1582627155519,100.60376,332.67236,29.742773
1582627155527,100.06674,335.79733,23.728243
1582627155538,101.291176,338.51785,22.67322
1582627155551,102.78943,339.95425,24.554714
1582627155557,104.40533,341.09875,28.210419
1582627155568,106.00038,342.61127,32.515686
1582627155578,107.00402,344.35422,35.72777
1582627155588,107.382515,347.50677,33.806034
1582627155600,108.32044,348.00232,37.968452
1582627155607,108.88212,348.87085,40.15043
1582627155619,108.13639,350.15942,35.462605
1582627155629,107.699,352.70792,28.90604
1582627155639,107.68931,353.8551,24.16468
1582627155652,108.50194,355.9208,20.451035
1582627155658,109.55854,358.84277,19.15774
1582627155668,109.9133,0.71178776,19.03679
1582627155680,112.139915,1.6840893,9.75819
1582627155689,115.03359,358.2122,352.5209
1582627155703,116.51565,350.53674,332.4004
1582627155709,127.02681,353.76822,329.0871
1582627155718,138.25847,2.1159494,330.58423
1582627155728,138.23288,8.15219,335.15683
1582627155739,134.3899,11.534954,341.2711
1582627155750,128.49266,11.844514,347.8524
1582627155758,124.66088,11.296438,351.57837
1582627155769,122.69148,10.963779,353.01028
1582627155779,122.802635,10.535901,351.08743
1582627155789,124.05682,10.058464,347.78146
1582627155799,125.54189,9.469014,344.38754
1582627155808,127.18371,9.211713,341.52945
1582627155818,127.72861,8.8551235,339.93665
1582627155827,124.64105,7.638777,340.94125
1582627155838,121.283165,6.3619685,341.4705
1582627155850,121.030846,4.98201,339.2597
1582627155857,130.3433,4.9913,332.19077
1582627155868,168.07939,6.2336116,321.50183
1582627155877,213.2681,7.2908583,311.0578
1582627155887,232.72444,8.100136,302.9905
1582627155899,242.81934,9.148156,295.2104
1582627155907,243.64252,10.383441,293.07687
1582627155921,238.09302,10.619503,298.5195
1582627155933,206.94403,8.533151,315.82898
1582627155938,158.70943,7.450121,327.89334
1582627155948,139.3409,9.001342,335.36328
1582627155958,139.99739,10.530357,336.67343
1582627155968,139.55243,6.356832,334.1941
1582627155982,172.65517,1.2038924,323.43036
1582627155988,230.49724,357.47504,312.81232
1582627155999,251.64203,355.21887,302.12137
1582627156008,139.44153,5.9639773,335.88162
1582627156019,131.01343,8.639908,344.45807
1582627156031,119.59861,9.043244,359.0532
1582627156038,113.383995,5.9748993,7.4774256
1582627156048,108.10658,0.6028974,13.770563
1582627156059,103.69415,354.36597,17.785198
1582627156068,100.46401,348.67468,22.252882
1582627156079,97.88175,340.23123,29.461088
1582627156088,96.91836,335.40845,32.825733
1582627156100,96.012535,333.63248,32.52467
1582627156108,95.416214,333.43744,31.65377
1582627156117,95.03202,334.386,29.850508
1582627156128,95.4022,335.7795,29.753677
1582627156137,96.877174,336.95782,31.78818
1582627156148,99.13945,337.80655,36.785027
1582627156158,101.96002,338.91766,43.873432
1582627156169,104.85952,340.8586,50.974083
1582627156184,106.68013,342.34106,55.228954
1582627156189,108.96558,343.65778,61.399426
1582627156197,108.4516,347.7511,61.133015
1582627156207,106.717766,352.02896,52.517406
1582627156219,105.946785,356.31342,40.94593
1582627156229,106.93106,358.7066,32.97449
1582627156238,107.51381,358.58252,28.540392
1582627156249,107.676056,357.50925,26.883541
1582627156258,106.79135,355.08975,25.476036
1582627156268,106.979576,353.76102,11.082533
1582627156280,101.21084,346.2762,343.98883
1582627156289,102.54266,345.388,330.1233
1582627156299,132.08023,352.7744,328.84662
1582627156308,138.49405,0.40630284,332.93378
1582627156318,137.41919,5.2797966,336.84357
1582627156331,131.6268,8.402777,342.97504
1582627156338,125.29027,7.8498545,347.96164
1582627156348,121.13238,7.190205,350.73334
1582627156359,120.154396,7.5709677,351.0995
1582627156368,123.23267,9.606085,348.8195
1582627156382,126.55315,11.15966,346.6418
1582627156387,128.24373,11.684046,345.3522
1582627156398,129.53737,12.260511,344.70377
1582627156410,129.56055,12.394681,345.2242
1582627156417,130.06728,11.819685,344.5779
1582627156428,145.44409,10.672215,334.75415
1582627156437,179.44318,9.474712,322.97885
1582627156449,215.0645,8.533226,312.43655
1582627156457,235.61072,7.4936132,303.0649
1582627156467,244.56516,6.802855,296.33783
1582627156481,247.64781,7.180478,291.76105
1582627156487,248.86414,6.9098725,289.55823
1582627156500,247.25296,6.2740417,292.64645
1582627156510,240.54482,4.43314,302.76822
1582627156518,208.91554,4.605391,317.95294
1582627156530,172.28226,7.3906856,328.17902
1582627156539,167.12434,7.193434,329.7614
1582627156550,167.4018,3.8401825,328.76862
1582627156559,125.92658,352.30618,333.2231
1582627156569,45.948303,331.2164,339.18353
1582627156580,355.85913,319.4036,322.47778
1582627156587,309.20862,325.66803,303.43958
1582627156598,230.95067,346.77765,317.42993
1582627156611,124.03148,0.9700638,354.47714
1582627156620,122.880775,4.7759824,2.5924225
1582627156629,118.87733,4.3833942,10.597571
1582627156639,113.44969,359.54074,19.060972
1582627156649,111.34503,356.6889,24.114462
1582627156661,110.43046,355.3553,27.26472
1582627156668,108.769966,350.96432,32.11227
1582627156680,107.429436,346.98645,35.386894
1582627156688,106.44982,344.54874,37.39718
1582627156700,106.19007,342.50427,39.872383
1582627156712,106.43026,339.63602,43.610077
1582627156717,107.60191,336.82648,49.48475
1582627156728,109.594475,335.78113,55.178387
1582627156737,110.99315,337.11734,58.118416
1582627156747,110.8006,340.97018,57.15766
1582627156757,108.96948,345.75272,49.10425
1582627156767,108.43953,350.35538,39.46079
1582627156781,109.513985,355.38135,34.233265
1582627156787,110.35915,359.1018,32.983017
1582627156798,111.34819,1.7176981,30.808409
1582627156810,112.59498,3.2991426,27.082712
1582627156818,112.911255,2.0546572,22.863934
1582627156831,113.15455,0.9303307,17.779058
1582627156838,112.36326,357.89407,12.1551285
1582627156851,115.03599,355.9356,358.67682
1582627156863,123.6759,352.3341,339.42755
1582627156868,134.21649,349.9499,330.2545
1582627156881,148.07257,352.22702,327.7894
1582627156889,148.07945,359.2052,331.8432
1582627156898,138.15147,2.7253485,339.3339
1582627156908,129.20883,2.7470276,346.07407
1582627156918,123.56928,1.2934985,349.2713
1582627156929,123.410675,1.5277252,348.42715
1582627156940,125.83231,2.3069925,345.753
1582627156950,127.71772,3.028719,344.06775
1582627156959,128.85239,4.5572762,344.00336
1582627156968,127.9666,6.2574596,345.83563
1582627156979,122.488174,7.52125,351.7465
1582627156987,118.27303,7.675894,356.03552
1582627156998,115.177765,6.7264695,358.15152
1582627157012,112.32132,4.9765477,357.77658
1582627157017,113.29195,3.6299703,352.6449
1582627157027,119.71839,2.3343098,343.54935
1582627157037,172.55553,4.851522,328.25833
1582627157047,218.95811,7.1256366,316.12872
1582627157058,234.00455,9.777079,306.3309
1582627157067,238.01941,12.04133,300.63422
1582627157078,234.16663,13.4142065,302.76013
1582627157090,213.60616,11.696576,316.70636
1582627157098,152.92047,9.45733,336.70898
1582627157109,137.609,9.870518,343.73358
1582627157118,139.1287,11.872765,344.28217
1582627157128,143.85318,10.485907,341.4453
1582627157141,140.45538,1.7736673,336.46713
1582627157150,255.90152,349.87213,322.57263
1582627157158,292.37024,335.1153,299.31552
1582627157170,267.08167,336.24976,259.52698
1582627157178,125.805885,14.653457,2.1575286
1582627157189,119.90305,11.428426,8.2440815
1582627157198,119.751724,11.917849,10.478153
1582627157209,113.6417,7.538982,18.950022
1582627157219,109.98171,2.0246212,22.231804
1582627157230,107.726616,357.86844,21.450672
1582627157240,104.6371,353.67462,22.067516
1582627157248,102.216545,349.65707,23.066402
1582627157260,98.97535,345.4434,23.030622
1582627157268,95.631676,341.2812,23.07804
1582627157278,93.34479,338.45764,23.662918
1582627157287,92.211296,336.1064,25.739874
1582627157297,92.21551,332.88223,30.411236
1582627157309,93.52623,330.90393,34.806835
1582627157319,95.284,333.2043,36.083954
1582627157327,98.03686,336.6744,40.03611
1582627157340,99.71575,343.46408,37.474323
1582627157347,101.44225,350.33344,35.092865
1582627157359,102.94782,355.3094,33.65993
1582627157367,104.63519,359.18243,34.442062
1582627157377,105.50352,1.7666563,35.516407
1582627157390,106.584656,3.640005,34.439175
1582627157398,108.18739,5.5799327,30.638971
1582627157409,108.97109,4.474948,26.728167
1582627157419,108.91911,1.6084695,20.698208
1582627157429,110.95002,357.7707,4.33972
1582627157441,118.98945,355.39084,345.56723
1582627157448,135.45488,354.18677,333.43878
1582627157459,162.22557,356.60434,326.91013
1582627157469,156.6317,1.2773321,329.82242
1582627157478,145.11482,4.6865025,336.59067
1582627157490,130.541,6.570054,348.37775
1582627157498,126.117355,6.648113,352.31754
1582627157509,125.240234,7.1231823,353.42062
1582627157519,125.679634,7.757362,352.55627
1582627157529,125.249985,8.251426,352.64145
1582627157540,123.75586,8.585518,353.47256
1582627157547,121.487526,8.453104,355.19617
1582627157559,117.23446,7.4140124,357.28638
1582627157568,112.56064,5.1364,358.6745
1582627157577,107.69288,2.2592216,358.32864
1582627157589,103.51296,359.684,355.36935
1582627157598,102.9396,358.74963,348.40918
1582627157608,108.48908,358.72845,337.83752
1582627157617,162.2441,359.84897,326.70453
1582627157627,228.78604,3.1406744,317.1697
1582627157639,243.9275,3.503664,311.16333
1582627157647,247.11896,4.797312,307.0567
1582627157659,237.32169,12.2070265,302.35318
1582627157671,229.0589,16.557444,303.29126
1582627157677,208.67313,16.827362,314.09354
1582627157689,178.31438,14.899596,325.79694
1582627157698,160.00146,13.703047,332.2301
1582627157709,159.17664,14.590252,333.23248
1582627157718,163.56857,14.645133,331.38278
1582627157729,175.9331,12.755737,325.70737
1582627157741,198.56157,9.311928,316.95322
1582627157749,225.32274,6.68037,303.66727
1582627157760,207.64542,13.60944,308.97714
1582627157773,165.8808,19.430254,331.7438
1582627157778,140.24748,15.919552,349.624
1582627157791,128.1971,12.676255,1.0094147
1582627157798,118.24314,8.057391,14.163469
1582627157809,114.17949,3.3997686,19.709833
1582627157821,112.55147,0.33580318,21.02572
1582627157828,109.86609,355.6722,21.759943
1582627157838,105.81897,348.5505,24.797337
1582627157847,103.13799,342.68015,28.633585
1582627157858,102.58629,339.17075,34.333073
1582627157868,103.51921,339.24857,38.300236
1582627157877,104.116615,340.9026,38.6042
1582627157889,104.72696,341.88574,38.256626
1582627157897,104.96048,342.36472,39.100697
1582627157907,105.701195,343.14508,40.713684
1582627157918,107.10845,344.61154,43.521645
1582627157927,109.12599,347.91364,48.892002
1582627157939,111.331245,350.8155,57.8725
1582627157947,112.73761,354.57068,64.29139
1582627157957,112.4364,358.6619,60.702145
1582627157969,113.29025,358.66245,64.86852
1582627157978,114.11309,358.4089,64.486435
1582627157990,114.428535,358.51822,55.13762
1582627157998,115.193146,357.83,48.41989
1582627158009,115.57121,355.16855,39.594128
1582627158022,115.64267,352.24216,28.126352
1582627158028,116.08473,344.85492,356.9343
1582627158038,271.95428,332.30383,314.74414
1582627158048,274.42358,330.56424,306.83383
1582627158059,190.37633,345.284,318.33334
1582627158069,154.77213,359.6897,333.80762
1582627158078,141.27585,2.9802532,345.12024
1582627158088,130.89664,1.8832731,355.21536
1582627158098,124.51096,359.67435,0.5319678
1582627158110,123.56669,359.61038,359.2354
1582627158119,124.6324,359.48868,355.33606
1582627158128,126.21773,356.97482,347.6258
1582627158140,183.47719,352.41397,318.7007
1582627158148,256.48123,345.1336,286.18958
1582627158158,257.71564,345.1432,275.23053
1582627158171,261.26715,340.9881,267.21112
1582627158178,117.66214,344.23846,326.4304
1582627158187,143.15077,357.44577,333.98596
1582627158197,135.62407,3.6747866,342.73682
1582627158207,130.51297,5.308106,347.10306
1582627158222,126.38858,5.9987764,350.45023
1582627158228,128.44807,7.446174,348.11404
1582627158240,130.66318,6.891719,344.01895
1582627158247,133.29953,4.0350814,337.79514
1582627158259,138.82745,1.8388737,332.50717
1582627158269,149.6098,359.44727,326.81372
1582627158278,159.19164,357.41003,324.2635
1582627158288,204.75598,355.64624,317.70325
1582627158299,253.52945,352.6406,300.84692
1582627158309,243.89444,358.43597,295.91245
1582627158319,236.3553,3.9899232,293.4754
1582627158329,206.8716,4.9651303,311.7816
1582627158339,165.9002,8.974641,329.12668
1582627158349,141.89482,11.6860285,345.4654
1582627158358,133.5754,12.989112,355.2461
1582627158368,128.42877,11.852997,1.6750519
1582627158378,123.82838,10.240328,8.179919
1582627158388,121.07108,7.8976574,12.329685
