1581225458767,-0.2966543,-0.068356045,0.22645059
1581225458828,-0.08694958,-0.30484456,0.070161216
1581225458900,-0.10566778,-0.12861952,0.018572012
1581225458957,-0.1023198,-0.14718553,-0.051583197
1581225459019,-0.37457076,-0.05100747,-0.09145449
1581225459098,-0.31202456,-0.08144356,-0.0913023
1581225459207,-0.13336463,-0.19481803,-0.08886742
1581225459265,-0.0843625,0.064649716,-7.5490825E-4
1581225459325,-0.11738567,0.1326744,0.030137733
1581225459396,-0.062752865,0.16387141,0.054943163
1581225459454,-0.08071017,-0.21992782,0.20255825
1581225459515,-0.33896047,0.14424013,0.13696845
1581225459575,0.5369905,-0.122227944,0.26951766
1581225459642,-0.33348203,-0.08479154,0.30482358
1581225459845,-0.08603649,0.16417576,0.15036035
1581225459847,-0.1459956,0.1474359,0.25551707
1581225459892,-0.10384161,0.018995566,0.3166936
1581225459950,0.086079665,0.044561893,0.24669059
1581225460010,0.09231906,-0.06516025,0.074422255
1581225460072,-0.07249243,-0.25279883,-0.08095403
1581225460151,-0.36407027,-0.35354233,-0.46703598
1581225460209,0.9072457,-0.19223097,-0.20878565
1581225460270,0.3079588,0.031930912,-0.21045963
1581225460349,0.36578742,-0.04552896,-0.8203991
1581225460459,-0.3194814,0.31331268,-0.4387304
1581225460517,-0.12712522,0.012147443,0.052660447
1581225460579,0.03631664,0.16980645,0.35139078
1581225460648,-0.15101756,0.17269789,0.22705929
1581225460708,-0.34870005,0.33979204,0.25506052
1581225460764,0.4854013,0.3685542,0.29295346
1581225460826,-0.025164288,0.032996174,0.44452524
1581225460895,0.183323,-0.06226882,0.6645783
1581225461016,0.1598872,-0.033202343,0.49291867
1581225461075,-0.26621822,-0.042028815,0.04535579
1581225461145,-0.10673303,0.020821735,-0.23526505
1581225461206,-0.16547473,-0.13425021,-0.26204884
1581225461348,-0.4771404,0.0016469912,-0.304355
1581225461352,0.5540347,-0.24671158,-0.11504246
1581225461392,0.30856755,-0.15251186,-0.29491982
1581225461451,0.35209116,-0.02559332,-0.786615
1581225461571,-0.6465173,-0.033050165,-0.6861759
1581225461595,-0.7203248,-0.11172749,-0.21578595
1581225461712,-0.04966535,0.032235272,0.39643618
1581225461767,0.0055761742,0.15200134,0.387001
1581225461828,-0.14888702,0.063584454,0.2558214
1581225461900,1.0276204,0.25228822,0.46826538
1581225461959,-0.34246063,-0.022854066,0.36189124
1581225462019,0.30948064,-0.052985806,0.38258776
1581225462077,0.034033928,-0.026049862,0.29067072
1581225462150,-0.12651649,-0.15114222,0.035007514
1581225462272,0.014098284,-0.07353018,-0.20482896
1581225462326,-0.4409214,-0.12116267,-0.4084465
1581225462396,-1.0437084,0.16006692,-0.5554529
1581225462456,0.06751364,-0.4317631,-0.03819131
1581225462514,0.4774879,0.01899557,-0.019929647
1581225462573,0.2338469,-0.16575158,-0.57006216
1581225462642,-0.59401506,0.13084824,-0.4154468
1581225462704,-0.2513045,-0.010831811,-0.01079882
1581225462848,0.16795276,0.08230265,0.3434774
1581225462891,-0.16623561,0.11654327,0.3440861
1581225462950,-0.3998327,0.09310747,0.07396572
1581225463010,0.93402946,-0.18142617,0.23816851
1581225463070,-0.47714037,0.066323705,0.43326393
1581225463149,0.47155288,-0.12907606,0.4912446
1581225463209,-0.10171108,-0.058616493,0.30862805
1581225463270,-0.07553603,-0.028484743,0.008832468
1581225463329,-0.00812007,0.14697936,-0.16328368
1581225463397,-0.35037404,0.19567712,-0.120520964
1581225463518,-0.52370757,0.6223912,-0.1256951
1581225463580,0.29745838,-0.21962345,-0.003341976
1581225463648,0.4630308,0.4435792,-0.12858653
1581225463707,0.3732443,-0.0010922605,-0.53125614
1581225463764,-0.5185334,0.056127608,-0.32733425
1581225463827,0.0010107575,-0.06576898,-0.032104094
1581225463898,0.15471306,-0.10396628,0.36158687
1581225463959,0.03586009,-0.020267004,0.35884762
1581225464074,0.13005982,0.103760116,0.19266652
1581225464146,0.787784,-0.55320317,0.27073509
1581225464209,-0.2703271,0.10025995,0.4073932
1581225464350,0.43426865,-0.09498763,0.23390743
1581225464353,-0.25708738,-0.029093472,0.121446036
1581225464394,-0.117537856,-0.02118008,-0.009581377
1581225464453,-0.12225545,-0.10061831,-0.17393634
1581225464510,-0.2278687,-0.04628987,-0.038647853
1581225464599,-0.116168246,0.102847025,-0.1801757
1581225464651,0.32272035,-0.38108703,-0.12599947
1581225464769,0.38709268,0.05445363,-0.28046268
1581225464827,-0.19606301,-0.16057743,-0.47281882
1581225464899,-0.73067313,-0.023310615,-0.24804822
1581225464960,0.13903846,-0.17564331,0.25384307
1581225465019,-0.011468043,-0.36252093,0.6703611
1581225465078,-0.027751355,-0.102596655,0.3001059
1581225465147,0.18134464,0.19643803,0.06331308
1581225465209,-0.12514688,-0.09103093,-0.13680427
1581225465330,0.049404155,-0.006418577,0.25993028
1581225465394,0.26169595,0.1319135,0.19555794
1581225465457,0.12945111,0.17543712,-0.069083944
1581225465515,0.478401,0.11593455,-0.07486682
1581225465575,-0.026229547,-0.02909347,-0.36233577
1581225465644,-0.36680952,0.07956342,-0.4623184
1581225465709,0.24312995,0.039844334,-0.15323976
1581225465847,-0.19134542,-0.08235664,-0.36796647
1581225465848,0.1536478,0.08656371,-0.6825236
1581225465954,-0.19347592,0.08930296,-0.5390173
1581225466011,-0.03079496,0.12049996,-0.3115075
1581225466074,0.12990764,0.10954297,0.06544361
1581225466152,0.08136206,0.2130257,0.19784065
1581225466215,-0.26241368,0.13708763,0.15873027
1581225466271,0.4919451,-0.0047445893,0.25947377
1581225466329,-0.5010327,0.07286746,0.4142413
1581225466399,0.54444736,-0.068964764,0.376044
1581225466459,-0.42250758,-0.058312137,0.12951161
1581225466579,-0.20747651,-0.08296537,-0.16541421
1581225466648,-0.22299896,-0.04644205,-0.34300885
1581225466707,0.031751223,-0.18249142,-0.28898478
1581225466764,-0.09303679,0.1475881,-0.31089878
1581225466826,0.39896277,-0.38595676,0.08370527
1581225466896,0.476727,0.12613064,-0.011711904
1581225466953,0.071013786,0.11913035,-0.5817801
1581225467016,-0.5229467,0.09615109,-0.4356868
1581225467097,-0.2881322,0.018386845,0.02085472
1581225467204,0.0755792,0.05627979,0.2856488
1581225467347,0.010293773,0.27557188,0.11566318
1581225467348,-0.09486295,0.014734511,0.13438138
1581225467393,0.7832185,0.055671066,0.34408614
1581225467453,-0.17049667,0.08473755,0.33510748
1581225467511,0.3408298,0.037865948,0.32947677
1581225467573,0.04970852,0.1591538,0.24821238
1581225467651,-0.064883396,0.09523799,-0.023734162
1581225467710,0.15029983,0.13876162,-0.0483874
1581225467830,-0.07979709,0.19461186,-0.13695645
1581225467898,-0.3310471,0.408882,-0.15491375
1581225467958,-0.835982,0.6514577,-0.57219267
1581225468019,0.08577531,-0.1240541,-0.42929524
1581225468077,-0.017859621,0.19993818,-0.56930125
1581225468149,0.2887841,-0.011288353,-0.53034306
1581225468205,-0.52203363,-0.10807514,-0.29355022
1581225468266,-0.25176102,-0.02194099,0.08857505
1581225468348,0.20888932,0.19476405,0.45213428
1581225468456,0.019728962,0.09082477,0.29827976
1581225468514,0.051839054,0.19415532,0.39156643
1581225468575,-0.19408464,0.33355266,0.4092194
1581225468647,0.58690566,-0.11583637,0.7691263
1581225468702,-0.25404376,-0.03670249,0.57372653
