1580791537476,0.029316332,-0.07916086,0.025420139
1580791537561,0.040273335,0.018082485,0.030137734
1580791537632,-0.033838574,0.032387454,0.042768717
1580791537708,-0.069905356,0.00788639,0.03789894
1580791537785,-0.06518776,0.021734815,0.030898634
1580791537844,-0.04920881,-0.0374634,0.008832465
1580791537925,0.009837228,0.01656068,-0.028299576
1580791537964,-0.06670956,0.006212405,-0.11793389
1580791538044,-0.11068974,-0.0106796315,-0.19250235
1580791538112,-0.163192,0.05886686,-0.25596163
1580791538174,0.1334078,0.079715595,0.05676933
1580791538292,0.071470335,-0.099248685,0.064834885
1580791538363,0.27508786,-0.4524596,-0.55621374
1580791538423,0.13599487,-0.10092267,-0.43842602
1580791538482,-0.16212673,0.28348526,-0.4271647
1580791538539,-0.8158941,0.00636458,-0.18443677
1580791538612,-0.7956542,0.2717674,-0.13284758
1580791538671,-0.4155073,-0.076269425,0.026485404
1580791538728,-0.14416943,0.10710808,0.15446922
1580791538806,0.25910887,0.24924466,0.07350918
1580791538927,0.088971086,-0.0342676,0.12433746
1580791538979,0.278588,-0.08494371,-0.05843132
1580791539036,0.4636395,0.10102086,0.12768544
1580791539107,0.13751668,0.008951654,0.18490532
1580791539168,0.11179817,-0.042637534,0.02450706
1580791539226,0.17769231,-0.062268816,0.05144301
1580791539286,-0.052708957,0.010625644,-0.15521811
1580791539364,0.115450494,0.02706114,0.048399396
1580791539423,0.29913235,-0.3253889,-0.24485244
1580791539545,0.13599487,0.22413489,-0.58071476
1580791539612,0.101297714,0.19156827,-0.39809823
1580791539674,0.00405437,-0.06850822,-0.4606444
1580791539734,-0.29178452,-0.14033742,-0.38896737
1580791539793,-0.15421335,-0.11674944,0.09587971
1580791539863,-0.18738869,-0.08874823,0.021615628
1580791539919,0.8626569,0.62984806,0.24395135
1580791539979,-0.3269382,-0.6422287,0.025420142
1580791540059,-0.083601594,0.21591714,0.43250299
1580791540169,0.25819582,-0.117205985,0.40282777
1580791540230,0.060361158,-0.10077049,0.024963591
1580791540290,-0.18008403,-0.14505503,-0.13208668
1580791540358,-0.07644912,-0.10335755,-0.07699734
1580791540420,0.17982285,-0.13668509,-0.32535595
1580791540477,-0.48079273,-0.3745432,-0.41727296
1580791540538,-0.049969714,0.754484,-0.15171798
1580791540607,0.09262342,0.059475582,-0.3490961
1580791540726,-0.2366952,-0.05085528,-0.30070266
1580791540787,-0.32511204,-0.039289568,0.102271296
1580791540866,0.15653923,-0.17853472,0.599445
1580791540932,0.5651439,0.2839418,0.08918377
1580791540982,-0.05270893,-0.0812914,0.11322828
1580791541043,-0.76506597,-0.016919034,0.2981276
1580791541113,0.32880756,-3.3135712E-4,0.5769223
1580791541171,0.15319125,-0.03335453,0.13438138
1580791541232,0.01896805,-0.15966435,-0.28228882
1580791541309,-0.23076014,-0.34638983,-0.28837606
1580791541420,0.3615264,0.08032431,-0.5276038
1580791541481,0.040425505,-0.39828342,-0.3449872
1580791541538,0.15669142,0.6479576,-0.13436939
1580791541609,0.18758406,0.20632975,-0.2755929
1580791541667,-0.3000023,0.19704674,-0.42092532
1580791541727,-0.57012266,-0.08098702,0.10714107
1580791541787,-0.030034067,-0.29814857,0.40724105
1580791541857,1.0165112,0.80683404,-0.0010592703
1580791541982,-0.37213585,-0.8341284,0.03455097
1580791542037,-0.30335027,0.29139867,0.31730238
1580791542097,0.29882798,-0.1461203,0.51133245
1580791542165,0.14725623,0.004386242,0.12677236
1580791542223,-0.2637833,-0.20044872,-0.35974875
1580791542284,-0.49190187,0.017625934,-0.2845715
1580791542342,0.19199729,-0.06500807,-0.09845478
1580791542412,-0.1055156,-0.5306804,-0.10910743
1580791542532,-0.061839793,0.6330439,-0.063148916
1580791542592,0.37994024,0.1803069,-0.1514136
1580791542671,-0.361331,-0.0070273005,-0.52790815
1580791542734,-0.3030459,-0.13075005,0.119163334
1580791542792,0.06660055,-0.689709,0.31699798
1580791542851,0.87072235,0.8844461,-0.014146784
1580791542929,-0.4138333,-0.6703821,-0.12615164
1580791542980,0.04042553,0.030104743,0.2832139
1580791543041,0.6126242,0.18989427,0.5789007
1580791543117,0.16323519,-0.20470978,-0.052952822
1580791543231,0.032968666,0.118521616,-0.28122357
1580791543288,-0.007359165,0.20511234,-0.094802454
1580791543351,0.057165362,-0.021027908,-0.22278626
1580791543419,0.28163162,-0.74099386,-0.25900522
1580791543479,-0.29528472,-0.017679943,-0.4145337
1580791543540,0.6050152,0.3343136,-0.0037985141
1580791543600,0.18484482,-0.13211967,-0.30465937
1580791543667,0.3505694,0.18791592,0.14959942
1580791543787,-0.30685043,0.09645545,0.39232734
1580791543844,0.12442916,0.8319438,0.36249995
1580791543914,0.08775366,0.16493665,0.46065634
1580791543974,-0.5673834,-0.3966094,0.35321695
1580791544033,-0.048752267,0.15550148,0.29569268
1580791544092,-0.17871442,0.27374572,0.08172692
1580791544171,-0.054382946,0.3483142,0.41089335
1580791544233,0.24556483,-0.21825384,-0.080497496
1580791544291,-0.5390778,-0.24640724,-0.2201992
1580791544367,0.25986978,0.06830205,0.15659975
1580791544483,0.2215203,-0.34395495,-0.13406502
1580791544540,0.020946404,0.10025995,-0.22385153
1580791544601,-0.052708957,-0.082965374,0.086292334
1580791544671,-0.21021579,-0.15312059,0.22675498
1580791544730,0.33580786,-0.045528967,0.28747496
1580791544788,0.014402658,-0.17549111,0.24851675
1580791544849,0.050012887,0.14013125,0.25871283
1580791544918,0.17967068,0.540366,0.28990987
1580791545039,0.5634699,-0.25219008,0.33906415
1580791545097,-0.45461765,0.03421362,0.51331085
1580791545166,-0.25267416,0.107868984,0.11688063
1580791545225,0.0010107586,-0.27714768,-0.047322143
1580791545286,-0.022120694,0.18441579,-0.027690856
