1584255865859,8.469696,-2.865387,-2.5398712
1584255866054,8.599991,-3.8191833,-1.3145294
1584255866250,8.832291,-4.411331,-0.014175415
1584255866450,9.197647,-3.545166,0.62268066
1584255866650,8.687256,-3.9142914,0.7440796
1584255866846,8.259964,-4.4612427,0.6175995
1584255867048,8.205551,-4.462509,-0.27142334
1584255867250,8.909683,-4.576889,0.6873932
1584255867445,8.586594,-3.9459534,0.6912842
1584255867647,9.020767,-4.182083,0.6706238
1584255867846,8.700912,-3.3564453,0.71725464
1584255868049,8.646866,-3.6055603,0.999527
1584255868245,8.217453,-5.2273254,0.7087555
1584255868447,9.362488,-4.074402,0.55462646
1584255868645,8.458801,-3.8206787,0.9168701
1584255868841,8.742981,-3.564087,1.0237122
1584255869044,8.384399,-5.1437073,-1.2939911
1584255869245,8.594849,-4.4161835,-0.7681732
1584255869443,8.532059,-4.8752594,-0.41670227
1584255869641,8.237686,-3.8081665,0.009414673
1584255869840,8.143234,-4.3350677,3.6490173
1584255870044,8.67775,-4.8676605,2.1625214
1584255870243,7.1722717,-2.5892181,4.8389893
1584255870441,8.505478,-2.9111176,5.5622253
1584255870641,6.046631,-2.347168,5.276596
1584255870840,8.955231,-0.5231476,6.0131073
1584255871040,7.6851654,-2.9453583,3.9408112
1584255871239,8.51889,-5.030594,3.7472992
1584255871438,7.998749,-4.2122498,1.4233704
1584255871639,9.117798,-4.237335,0.92041016
1584255871836,8.091949,-4.73024,0.6617737
1584255872037,8.714981,-3.884842,0.65327454
1584255872236,9.209915,-3.351242,-0.004180908
1584255872434,8.238464,-3.8368988,2.7010345
1584255872634,8.215485,-4.1447296,2.813858
1584255872836,8.18573,-2.9898376,3.9793549
1584255873035,8.940689,-3.4524536,2.1173859
1584255873232,8.881851,-3.5346832,1.0775299
1584255873433,8.312927,-3.4887238,1.5662384
1584255873634,9.189392,-3.8814392,0.36590576
1584255873831,8.880417,-4.8636475,-0.03727722
1584255874032,8.344772,-3.2497253,0.485672
1584255874232,9.165085,-4.354706,2.497284
1584255874430,6.7713623,-0.8840637,5.5438538
1584255874632,6.9985046,-0.21818542,6.406952
1584255874833,7.185852,-0.68211365,6.3939056
1584255875033,8.63327,-3.5195465,3.0149689
1584255875231,9.251938,-3.17305,2.284027
1584255875426,8.620941,-4.237152,1.2514648
1584255875629,8.420303,-4.7265778,0.5594177
1584255875830,8.962769,-3.4960327,0.89479065
1584255876028,7.5242157,-3.2147675,4.5832367
1584255876230,5.982712,0.3526001,6.584793
1584255876427,7.932373,-0.9758911,7.110199
1584255876626,8.461731,-3.3224487,2.8209229
1584255876826,8.283005,-4.0847626,1.947464
1584255877027,8.29689,-4.8643646,1.1003876
1584255877229,8.667389,-4.3923492,1.5467224
1584255877424,8.36824,-4.1831665,3.7338257
1584255877622,6.1603546,-0.80973816,6.0222015
1584255877827,6.4673004,-0.8139801,7.371704
1584255878023,6.9822235,-1.299469,6.0811005
1584255878220,8.783813,-4.3292084,3.600586
1584255878422,8.068954,-3.9001617,2.0899658
1584255878620,8.291565,-4.9044647,2.2185364
1584255878819,8.431259,-4.6382446,2.299942
1584255879020,7.644409,-3.1212158,4.932907
1584255879220,6.7165985,-0.5426483,6.592743
1584255879422,6.8142853,-0.2257843,6.4252777
1584255879619,7.402481,-2.2413483,5.517578
1584255879821,8.559891,-4.568924,2.6999512
1584255880020,7.8917236,-4.5758057,2.2226715
1584255880218,8.544205,-4.4949493,2.0615387
1584255880419,8.86293,-4.441498,2.7319794
1584255880617,7.255234,-2.679718,5.6426697
1584255880817,6.18425,-0.62454224,6.821274
1584255881016,7.0799103,-0.90023804,6.1453857
1584255881214,8.089554,-2.8553925,5.1560516
1584255881414,8.079132,-4.2044067,2.489212
1584255881615,8.267502,-5.101883,2.1295319
1584255881815,8.073563,-5.0249023,2.2627106
1584255882014,8.500046,-4.3967285,3.0644073
1584255882212,6.541046,-1.311142,6.070755
1584255882414,7.1911316,-1.3029327,5.7753143
1584255882612,7.821106,-3.0727844,4.3336334
1584255882812,8.371826,-5.2619324,2.2659454
1584255883014,8.181549,-4.7885895,2.2040558
1584255883212,8.542297,-4.865265,2.4792633
1584255883408,6.814575,-2.4726257,5.8280945
1584255883610,6.3257446,-1.0408325,6.8216248
1584255883813,6.5442047,-1.4409027,5.8758698
1584255884011,7.603592,-3.9983215,5.956314
1584255884206,8.11763,-4.3846283,3.8705444
1584255884408,7.039566,-4.69899,4.1953735
1584255884609,7.5582123,-5.03244,3.77417
1584255884805,7.2199097,-5.493271,3.945053
1584255885005,7.5106354,-4.983307,3.5190125
1584255885210,7.9852295,-5.114563,3.453537
1584255885406,7.0450745,-3.7885895,5.9190216
1584255885605,5.069092,-0.92411804,7.5357666
1584255885802,5.299942,-0.18263245,7.853241
1584255886004,5.761673,-1.3184967,7.019638
1584255886206,8.440475,-4.6497345,6.7844086
1584255886401,6.91687,-4.2425995,3.806427
1584255886606,7.9741516,-5.4513702,2.9192657
1584255886800,7.8428345,-5.173218,2.379074
1584255887001,7.5378113,-3.9229126,5.110733
1584255887202,5.881729,-0.78219604,6.722748
1584255887403,7.0097656,-1.00354,7.252289
1584255887605,8.032394,-3.5437927,4.1628113
1584255887800,7.710251,-4.259659,2.9578094
1584255888003,8.0634,-6.2663574,1.936203
1584255888201,7.7921906,-5.0167084,1.6336365
1584255888402,7.4509583,-5.588623,1.9863586
1584255888603,7.568329,-2.7341309,5.496628
1584255888801,7.1362457,-1.2883911,5.5951385
1584255888999,8.604904,-3.4173737,3.7882385
1584255889195,7.4792633,-3.9182434,3.0803375
1584255889397,8.734482,-6.4088135,2.7809448
1584255889597,7.6259155,-4.9543304,1.0967407
1584255889795,7.9074097,-5.379837,1.9533844
1584255889997,7.018631,-3.1134949,4.3890686
1584255890196,6.9813995,-0.82810974,5.695648
1584255890392,8.246429,-3.236557,4.8707123
1584255890595,8.176697,-4.724304,2.8272705
1584255890794,8.301071,-5.6071777,2.2236328
1584255890990,7.967209,-5.0018005,0.9093323
1584255891192,7.6382446,-5.4023438,1.880661
1584255891394,7.0639954,-2.5029144,5.2945557
1584255891588,6.6375275,-0.1133728,6.213684
1584255891791,8.367584,-2.9537354,4.6647034
1584255891990,7.845703,-4.213089,3.0881195
1584255892192,8.503082,-6.225952,1.9921112
1584255892392,7.8694,-4.866287,0.7965088
1584255892590,7.8188324,-5.3381195,2.6266937
1584255892788,6.4486237,-0.53930664,6.8694
1584255892989,6.5753937,0.12490845,5.8313293
1584255893184,8.862274,-4.1524506,4.1753235
1584255893388,7.757477,-3.8318634,2.5087128
1584255893586,8.063812,-5.8843536,2.1094818
1584255893790,8.135345,-5.537979,0.56007385
1584255893986,8.425217,-4.4409027,2.9102173
1584255894182,5.299164,-0.06286621,7.3256683
1584255894384,6.402649,-0.21148682,6.6099243
1584255894583,8.288986,-3.3489075,5.2348785
1584255894786,8.050644,-4.394684,1.714325
1584255894984,8.220871,-6.240616,1.4112701
1584255895188,7.8919067,-5.2785645,1.3118591
1584255895384,7.696121,-3.8072662,3.584076
1584255895588,5.769684,-0.43803406,7.5942383
1584255895778,6.963852,-0.5721741,5.8160095
1584255895978,7.805359,-3.4668732,4.3978577
1584255896179,8.438507,-4.941345,1.9360199
1584255896378,7.572647,-6.593643,0.9707947
1584255896579,7.565094,-5.0523224,0.8253479
1584255896777,8.765442,-5.609024,2.8420563
1584255896976,5.4886017,0.7593689,6.229248
1584255897179,6.6143036,-0.32814026,6.620575
1584255897377,7.98468,-4.1584473,4.932312
1584255897578,8.269775,-4.433716,1.8984375
1584255897776,7.9389496,-5.774109,1.7303619
1584255897977,7.8627014,-5.596283,1.0684814
1584255898178,8.105713,-5.097748,2.852829
1584255898375,5.860733,-0.7572937,6.6299133
1584255898578,6.302994,-0.60287476,6.8274994
1584255898777,7.5153656,-2.5275116,5.692581
1584255898972,7.800934,-5.5668945,3.0808105
1584255899175,8.300247,-4.897537,2.0065918
1584255899375,7.7158813,-5.103256,2.133545
1584255899578,8.438385,-5.89447,2.8276215
1584255899773,6.717972,-1.6481171,5.9271545
1584255899970,6.2268066,-0.40205383,6.889389
1584255900173,6.015747,-0.3724823,7.5894012
1584255900370,6.88945,-2.220871,6.3576965
1584255900571,7.97139,-4.698517,3.6023865
1584255900772,7.7490997,-4.9828796,2.6776276
1584255900971,7.6627197,-5.4291077,2.4708862
1584255901170,8.079498,-4.4447937,3.1245117
1584255901366,8.235535,-4.518051,5.0128784
1584255901570,5.481247,-0.4409027,7.2426605
1584255901770,5.6026917,0.36564636,7.8327026
1584255901969,5.9943237,-0.65878296,7.5867004
1584255902168,7.4159393,-2.7246094,5.913269
1584255902369,7.892685,-5.073868,3.5550385
1584255902566,8.026459,-5.11145,2.9339905
1584255902767,8.473694,-5.5894012,0.9590759
1584255902967,7.544754,-5.739685,1.311203
1584255903163,7.7879333,-5.4928436,3.426468
1584255903364,5.896759,-0.3098297,7.1832733
1584255903565,6.517517,-0.4121704,6.6976166
1584255903762,7.9512787,-3.6865387,4.560669
1584255903964,7.1831665,-4.541031,3.3541718
1584255904164,7.4522095,-5.935425,2.3812256
1584255904373,7.5865936,-6.5398407,0.37225342
1584255904560,7.58844,-5.5910187,0.9193268
1584255904761,7.43869,-6.2868805,1.8242188
1584255904962,7.4633484,-3.2445068,4.7211456
1584255905161,6.6266937,0.23132324,5.9254303
1584255905361,7.944336,-2.5971222,5.6819305
1584255905560,7.9620667,-5.08638,2.6013184
1584255905762,7.3521423,-5.889511,1.6927795
1584255905960,7.8906555,-6.0650024,1.2517548
1584255906157,7.5707245,-5.73143,1.0763855
1584255906357,8.204178,-5.4870453,2.070816
1584255906559,6.6407013,-0.6569824,6.022217
1584255906765,6.0613556,0.43632507,6.490402
1584255906957,8.049927,-2.1986694,6.042923
1584255907155,8.222122,-4.9271545,2.1734161
1584255907355,7.5588837,-5.4288025,1.5348206
1584255907553,7.514099,-6.06752,0.83200073
1584255907755,9.047287,-5.529602,1.6666107
1584255907954,6.4010315,-1.8400726,6.0916443
1584255908154,6.0729065,0.06283569,6.688507
1584255908356,6.893173,-0.98905945,6.431198
1584255908558,8.147247,-4.8410187,4.1158905
1584255908755,7.821991,-4.9990387,2.0277863
1584255908949,7.7483826,-6.052017,1.7635193
1584255909152,7.63855,-5.4392853,1.4508972
1584255909352,7.8864594,-4.8551483,3.624176
1584255909551,6.208847,-0.7586212,6.789856
1584255909752,6.0694427,0.40226746,6.5197906
1584255909950,7.8085327,-2.0695038,6.4880066
1584255910149,8.457962,-4.23584,3.1475525
1584255910350,7.1151733,-5.398163,2.346634
1584255910550,8.281738,-5.5355835,1.4875946
1584255910745,8.657455,-4.5640717,2.628662
1584255910950,6.402649,-1.2719879,6.635956
1584255911150,6.1327057,0.1686554,7.2147064
1584255911346,6.030777,0.4447174,6.964035
1584255911547,8.120377,-2.0334625,6.00473
1584255911748,7.84935,-4.5400696,2.2945557
1584255911944,7.988388,-6.137253,1.6288452
1584255912145,7.407196,-5.648468,0.24050903
1584255912344,8.725327,-5.1931,1.4625092
1584255912544,6.9982147,-1.438324,5.969528
1584255912742,6.738678,0.12765503,6.6970673
1584255912944,7.0178375,0.091812134,6.1869354
1584255913144,8.642014,-4.1209106,3.7761536
1584255913342,7.3499756,-4.589096,1.7731018
1584255913549,7.840378,-6.8325806,1.2496033
1584255913746,7.687866,-5.1325226,0.75083923
1584255913941,8.428986,-5.4169617,1.8348694
1584255914151,6.5345764,-1.0755463,6.387802
1584255914346,6.663559,0.06253052,6.810318
1584255914539,7.008087,-0.912735,6.0345306
1584255914743,8.635727,-3.8007507,3.8712006
1584255914943,7.8006287,-4.8604736,2.0953522
1584255915145,7.5080566,-5.8706512,2.0730286
1584255915341,8.5429535,-5.3541107,1.9593048
1584255915548,7.3545837,-4.765732,2.57695
1584255915735,6.647522,-1.4835815,6.1237183
1584255915934,7.2019043,-0.0846405,6.197998
1584255916159,7.129593,0.1197052,5.7569885
1584255916343,8.340469,-2.3805084,4.556244
1584255916542,7.7526245,-4.964508,2.0131226
1584255916738,8.203339,-5.545044,1.9456024
1584255916942,7.5067444,-4.960373,1.5582733
1584255917139,8.433121,-6.003235,1.7484436
1584255917337,8.128876,-3.1992035,4.22554
1584255917534,6.3928986,-0.58270264,6.636917
1584255917732,6.133789,-0.53948975,6.9860535
1584255917936,7.082428,-0.9514618,6.675461
1584255918146,7.733658,-2.5108185,5.291733
1584255918336,8.308258,-4.647278,3.2057953
1584255918546,7.887665,-4.758484,2.8409119
1584255918736,7.834091,-4.233795,2.4413757
1584255918933,8.407379,-4.895859,2.900177
1584255919138,7.7206116,-4.304306,4.1352844
1584255919332,6.8311005,-0.0904541,7.28743
1584255919536,5.7533417,0.5767517,7.4845276
1584255919731,6.12175,0.4607544,7.05896
1584255919927,7.406189,-1.4593964,6.1940002
1584255920128,8.719757,-4.3766785,3.710968
1584255920334,7.6859436,-4.382126,2.4620361
1584255920528,7.9305115,-5.44545,2.042694
1584255920726,7.746933,-5.2755127,1.596283
1584255920931,8.607773,-5.059738,2.675949
1584255921120,6.7985992,-1.3921814,6.020111
1584255921327,6.0964355,-0.36273193,7.296936
1584255921525,6.667389,-0.3531494,6.6897736
1584255921720,7.563492,-2.114563,5.509964
1584255921923,8.61969,-4.621353,2.9194489
1584255922125,7.8429413,-4.953018,2.1030884
1584255922329,7.789734,-5.485901,1.4042206
1584255922527,8.5030365,-5.4445496,1.2864838
1584255922730,7.6922913,-2.6658936,5.034897
1584255922926,6.291809,-0.5101013,5.9458313
1584255923125,6.6648254,0.32859802,7.8611298
1584255923326,6.7246704,-0.67367554,6.087448
1584255923531,7.592209,-2.304184,5.374756
1584255923723,8.468674,-5.0663147,2.461197
1584255923929,7.798355,-4.7495728,2.312271
1584255924122,8.193405,-4.941635,2.113968
1584255924326,8.312744,-5.3140564,2.8939514
1584255924521,7.197052,-2.267807,5.5907135
1584255924720,6.263199,-0.9655304,6.434128
1584255924911,6.8716736,-0.5515747,6.6586456
1584255925120,7.418396,-1.4749603,5.9667816
1584255925321,8.403961,-4.371887,3.4674225
1584255925523,8.092667,-4.877426,1.825119
1584255925714,7.7910004,-5.228882,1.9419556
1584255925915,8.093567,-5.379959,1.9243469
1584255926117,8.317413,-4.2269135,3.817154
1584255926311,5.9256134,-0.49777222,6.787277
1584255926518,5.473648,0.039138794,8.194168
1584255926712,5.184601,-0.26774597,8.1723175
1584255926915,5.5544434,-0.41571045,7.509964
1584255927115,6.706955,-2.098297,7.1282654
1584255927314,7.2383575,-3.6058044,5.6645203
1584255927516,7.5226593,-4.5895844,4.2828217
1584255927716,7.12146,-5.1522064,4.038788
1584255927912,7.300186,-5.364044,3.715042
1584255928108,7.3563843,-4.8828735,3.5273895
1584255928312,7.508362,-4.979477,4.411026
1584255928516,6.8081207,-2.765442,6.6236877
1584255928711,5.2582245,-1.0045013,7.7103577
1584255928911,5.0558014,-0.5081787,8.430176
1584255929109,5.2101593,-0.69026184,7.8034363
1584255929304,6.399002,-1.4431763,7.356491
1584255929503,7.1010437,-2.9272766,5.988327
1584255929702,7.492981,-4.5305634,4.8127747
1584255929901,7.2970123,-4.8348083,4.549713
1584255930109,7.2970734,-4.7454987,3.7004395
1584255930306,7.3885956,-4.908493,3.4962006
1584255930501,7.660034,-5.0337067,3.5394745
1584255930705,7.6140594,-4.905731,4.161255
1584255930904,6.2700806,-2.3140106,7.1911163
1584255931103,5.4084625,-1.0027618,7.4082184
1584255931305,5.715515,-0.86479187,7.526306
1584255931500,6.5463715,-1.7216187,6.7882385
1584255931698,7.5940094,-4.339798,5.015869
1584255932502,7.4404297,-4.959839,3.4496918
1584255932505,7.3455505,-5.337219,3.6785278
1584255932508,7.8995056,-5.221161,3.422104
1584255932816,7.434204,-3.671936,5.746521
1584255932819,5.421936,-0.9664917,7.272522
1584255932897,4.9812164,-0.29162598,8.088409
1584255933718,5.5143433,-0.9053192,7.5006866
1584255933720,6.5156097,-2.2234497,6.983536
1584255933722,7.881439,-4.0968475,4.738617
1584255933725,7.512253,-4.7122803,4.284317
1584255933894,7.442993,-5.015869,3.7880554
1584255934097,7.8427734,-5.18927,4.38002
1584255934298,6.817993,-2.4520264,6.283661
1584255934497,5.413788,-0.8208008,7.0101776
1584255934702,5.4918976,-0.30940247,7.8555145
1584255934901,6.1107483,-1.3565063,7.161545
1584255935095,7.8069153,-3.8620453,5.281082
1584255935295,8.357101,-5.023163,4.8278046
1584255937845,6.0635834,-2.0126343,5.5032043
1584255937846,5.987564,-2.6741486,6.941101
1584255937846,6.45784,-3.087387,6.0800323
1584255937847,7.4992523,-6.3348236,3.0015106
1584255937848,7.6304016,-5.955765,2.03479
1584255937848,6.592209,-6.2443237,2.8336792
1584255937849,7.5117645,-5.6220703,2.3682404
1584255937849,6.6844482,-6.1555023,3.295807
1584255937850,6.272705,-6.7921295,2.8435516
1584255937851,7.038971,-5.937149,2.805481
1584255937851,6.9428406,-5.80571,3.0262299
1584255937852,6.9500275,-6.5507812,3.0850677
1584255938201,7.524399,-5.387924,2.6097565
1584255938203,6.4917755,-6.2953796,2.8267822
1584255938285,6.877899,-6.3237,3.1304932
1584255938814,5.8584595,-6.442749,4.829178
1584255938822,5.2260895,-7.8520355,4.9137573
1584255938885,6.279297,-7.138977,3.4877625
1584255939078,9.205734,-4.071594,0.8136902
1584255939286,7.486038,-5.826187,3.7238312
1584255939484,6.6062164,-6.470886,0.64424133
1584255939690,8.207947,-5.1208496,-0.0143585205
1584255939888,8.902618,-3.3566284,-1.202713
1584255940091,8.314545,-4.006714,-1.4067078
1584255940286,7.4886017,-5.7517853,-1.6090698
1584255940482,7.8181763,-8.866577,-0.52156067
1584255940687,10.140305,-4.7953644,-1.7753448
1584255940879,8.0563965,-1.1106873,5.303116
1584255941079,4.583069,2.3033295,6.6466827
