1580791895476,-0.24713515,34.743969988967365,116.30780105724534
1580791895530,-0.18808912,34.743969443701644,116.30780081460398
1580791895589,-0.23146056,34.743968847948054,116.30780054949628
1580791895649,-0.30815953,34.74396824209725,116.30780027989567
1580791895729,-0.3974895,34.74396743429497,116.30779992042699
1580791895788,-0.30070266,34.74396683854138,116.30779965531929
1580791895848,0.07868332,34.74396623269058,116.30779938571777
1580791895927,0.100749485,34.74396543498733,116.3077990307429
1580791896038,0.48804885,34.74396431416244,116.30779853198146
1580791896096,0.53492045,34.74396372850606,116.30779827136666
1580791896156,0.26297387,34.74396312265526,116.30779800176515
1580791896224,0.17440484,34.74396243602314,116.30779769621768
1580791896284,0.05189955,34.74396183017234,116.30779742661616
1580791896344,-0.0865847,34.74396122432154,116.30779715701556
1580791896406,-0.22309063,34.74396059827632,116.30779687842733
1580791896472,-0.43523023,34.74395993183862,116.30779658186657
1580791896590,-0.31394237,34.743958740333255,116.30779605165026
1580791896650,-0.14243497,34.743958134480636,116.30779578204965
1580791896719,-1.0625182,34.743957437753124,116.30779547200837
1580791896780,-1.0112334,34.743956821803295,116.30779519791395
1580791896841,-0.0171904,34.743956205855284,116.30779492381862
1580791896899,0.29995373,34.7439556201989,116.30779466320473
1580791896968,0.2830617,34.74395491535688,116.3077943559365
1580791897029,0.29173604,34.743954281741026,116.30779408788203
1580791897150,0.522746,34.74395302488847,116.30779355616778
1580791897175,0.642512,34.74395276520954,116.307793446309
1580791897289,0.58514005,34.74395158106927,116.30779294535569
1580791897347,0.36554357,34.7439509786127,116.30779269048435
1580791897407,0.24151646,34.74395035538328,116.30779242682365
1580791897477,0.08111821,34.74394962827864,116.30779211922072
1580791897536,-0.30313757,34.743949015435646,116.3077918599547
1580791897594,0.802606,34.74394841297908,116.30779160508337
1580791897655,0.61527175,34.74394777935959,116.3077913370289
1580791897724,-0.4659707,34.74394706264138,116.30779103382065
1580791897844,-0.23967826,34.74394581617889,116.30779050650017
1580791897903,0.9999841,34.7439452033359,116.30779024723506
1580791897972,0.9479384,34.743944513127644,116.30779004799047
1580791898032,0.7234721,34.743943941200996,116.30778998555206
1580791898093,0.40784976,34.743943359741024,116.3077899220732
1580791898151,1.2491035,34.743942806879204,116.3077898617164
1580791898220,1.5030928,34.74394214916174,116.30778978991225
1580791898280,1.4962447,34.74394157723509,116.30778972747407
1580791898400,1.4910705,34.743940433381795,116.3077896025975
1580791898469,1.1547515,34.74393977566615,116.30778953079357
1580791898530,1.1509472,34.74393919420618,116.3077894673147
1580791898587,1.0311811,34.74393865087586,116.30778940799837
1580791898647,2.263691,34.74393807894921,116.3077893455602
1580791898729,1.621185,34.743937297316734,116.30778926022776
1580791898787,1.3221501,34.743936744453094,116.30778919987097
1580791898848,1.578118,34.74393616299494,116.30778913639188
1580791898906,2.2162106,34.7439356101313,116.30778907603508
1580791898977,2.5017014,34.743934987534885,116.30778906778983
1580791899099,2.139816,34.7439340190449,116.3077891763644
1580791899156,2.0159411,34.743933566553096,116.30778922709192
1580791899223,2.4164803,34.74393303467696,116.30778928671884
1580791899283,2.4587862,34.743932558369124,116.30778934011619
1580791899344,1.9489815,34.74393207412504,116.30778939440347
1580791899426,1.2793874,34.7439314231724,116.30778946737996
1580791899473,1.0737916,34.74393105006493,116.30778950920785
1580791899533,0.36615232,34.7439305737571,116.3077895626052
1580791899652,0.9789831,34.74392962908132,116.30778966850994
1580791899722,1.6631868,34.74392907339097,116.30778973080669
1580791899782,0.30938897,34.74392859708314,116.30778978420403
1580791899840,0.28275737,34.74392813665327,116.3077898358215
1580791899902,0.4790702,34.743927644469295,116.30778989099872
1580791899967,0.61816317,34.74392719037314,116.30778983050368
1580791900029,0.5282245,34.74392686504871,116.30778956667109
1580791900091,0.63718575,34.74392653972609,116.3077893028385
1580791900172,0.21564578,34.7439261147083,116.30778895815365
1580791900226,0.8006277,34.7439258313625,116.30778872836436
1580791900347,0.522746,34.743925196458804,116.30778821346485
1580791900407,0.5560736,34.74392488162994,116.30778795814331
1580791900476,0.2756049,34.74392451957647,116.30778766452295
1580791900536,0.108510695,34.74392420474942,116.3077874092005
1580791900607,-0.35259625,34.7439238322022,116.30778710707
1580791900652,-0.39414153,34.743923596081004,116.30778691557862
1580791900722,-0.2412001,34.74392322877975,116.30778661770273
1580791900783,-0.3014636,34.74392290870492,116.30778635812567
1580791900920,-0.80609417,34.74392218984576,116.30778577514047
1580791900969,-1.1183685,34.74392193273707,116.3077855666279
1580791901030,0.38137034,34.74392156373324,116.30778512475626
1580791901090,0.7942361,34.74392118063588,116.30778461506998
1580791901151,-0.13741301,34.74392079115205,116.30778409688901
1580791901221,0.73184204,34.743920344204525,116.30778350225592
1580791901281,0.31517178,34.74391996110535,116.30778299256963
1580791901340,0.35139078,34.74391958439264,116.30778249137984
1580791901423,0.5664218,34.743919054439175,116.30778178631408
1580791901529,0.77293074,34.74391837763142,116.30778088586885
1580791901590,0.5067671,34.74391798814759,116.30778036768788
1580791901648,-0.4563833,34.743917617819534,116.30777987499096
1580791901728,0.6443382,34.74391710702184,116.30777919541106
1580791901787,-0.5568225,34.74391673030914,116.30777869421945
1580791901846,-0.6109987,34.743916353594614,116.30777819302784
1580791901906,0.0070063025,34.743915970497255,116.30777768334337
1580791901975,-0.11565118,34.743915529932565,116.30777709720496
1580791902037,0.2606912,34.74391513406408,116.30777657052931
1580791902154,0.8974144,34.743914387023324,116.30777557664078
1580791902224,0.0079193795,34.74391394007398,116.30777498200769
1580791902284,1.0193108,34.74391355697662,116.3077744723214
1580791902422,0.5976189,34.74391267584906,116.30777330004457
1580791902426,0.7272767,34.74391265031045,116.30777326606585
1580791902472,0.16603494,34.74391235660187,116.30777287530691
1580791902531,-0.122803666,34.74391197988734,116.3077723741153
1580791902591,-0.4058594,34.743911596789985,116.30777186442901
1580791902673,-0.5136032,34.74391107322117,116.30777116785976
1580791902779,-0.4009896,34.74391039641341,116.30777026741453
