1580791957157,0.5397903,34.743965995439794,116.30779871800223
1580791957219,0.63916415,34.743965221292456,116.30779894367151
1580791957279,0.7208851,34.743964472116204,116.30779916206029
1580791957340,0.74310344,34.74396371045441,116.30779938408978
1580791957398,0.5668784,34.74396298625288,116.30779959519987
1580791957470,0.26708275,34.743962087242835,116.30779985726804
1580791957528,0.19677539,34.74396136304131,116.30780006837722
1580791957590,0.024507055,34.74396058889397,116.3078002940465
1580791957674,-0.36659685,34.74395954005013,116.30780059979224
1580791957728,-0.1263038,34.74395886579441,116.30780079634314
1580791957847,-0.22430809,34.74395737993109,116.30780122948272
1580791957906,-0.34376976,34.74395664324038,116.30780144423261
1580791957976,-0.24622206,34.74395576920506,116.30780169902027
1580791958037,-0.07638862,34.74395500754326,116.30780192104976
1580791958097,0.15614319,34.74395425836701,116.30780213943945
1580791958157,0.39156643,34.7439535091944,116.30780235782913
1580791958227,-0.0031897959,34.74395263515544,116.3078026126168
1580791958285,0.49063593,34.74395191095391,116.30780282372689
1580791958435,0.44391653,34.74395003801692,116.3078033697011
1580791958472,0.2809312,34.74394957602635,116.30780350437453
1580791958532,0.21914591,34.7439488268501,116.30780372276422
1580791958591,0.17288306,34.74394809016303,116.30780393751411
1580791958654,-0.18915437,34.74394730353015,116.30780416682319
1580791958721,-0.515125,34.743946466951456,116.30780441069146
1580791958782,-0.6274342,34.74394570528966,116.30780463272094
1580791958841,0.1960145,34.74394496860259,116.30780484747083
1580791958923,-0.6374782,34.743943944729835,116.30780514593607
1580791959032,-1.0619096,34.743942681783665,116.30780524098175
1580791959089,-0.11686864,34.74394203660631,116.3078052437298
1580791959148,0.023289612,34.74394136879346,116.30780524657428
1580791959230,0.034398787,34.7439404406432,116.30780525052761
1580791959286,-0.23343892,34.74393980678724,116.30780525322744
1580791959348,-0.066040345,34.74393910501385,116.30780525621655
1580791959407,0.14457747,34.743938437200995,116.30780525906103
1580791959475,-0.14319587,34.74393766751746,116.3078052623394
1580791959537,-0.7359389,34.74393696574407,116.3078052653285
1580791959656,-0.8044201,34.74393561879697,116.30780527106566
1580791959725,-0.8563137,34.74393483779568,116.30780527439224
1580791959787,-1.1332822,34.74393413602229,116.30780527738135
1580791959928,-1.7305907,34.74393254005918,116.30780528417915
1580791959933,-1.5685185,34.74393248346678,116.30780528442021
1580791959969,-2.4233165,34.74393209807022,116.3078052551773
1580791960032,-2.4522307,34.74393173280623,116.3078047703093
1580791960092,-1.4280559,34.74393138493542,116.30780430852974
1580791960171,-0.65452236,34.743930926904795,116.3078037005198
1580791960283,-1.1131943,34.743930277547406,116.30780283853164
1580791960340,-0.65939206,34.74392994706977,116.30780239984233
1580791960400,-0.81902945,34.743929599198964,116.30780193806277
1580791960469,-1.5540613,34.743929199148624,116.30780140701609
1580791960530,-1.2282429,34.743928845480696,116.30780093754038
1580791960587,-1.7531135,34.74392851500306,116.30780049885107
1580791960645,-1.8788146,34.74392817872831,116.30780005246379
1580791960725,-1.7607224,34.743927714900565,116.3077994367577
1580791960785,-1.9619052,34.743927367029755,116.30779897497814
1580791960905,-1.2235253,34.743926671289955,116.30779805142083
1580791960973,-1.239352,34.74392638160293,116.30779733217787
1580791961035,-2.3265297,34.743926346291346,116.3077962477364
1580791961095,-1.6843278,34.7439263121189,116.30779519828138
1580791961153,-1.0352781,34.743926279085485,116.30779418380553
1580791961226,-0.5833019,34.74392623750896,116.30779290696228
1580791961412,-0.23130837,34.74392613157431,116.30778965364516
1580791961413,-1.0036246,34.74392613100474,116.30778963615376
1580791961430,0.034246616,34.7439261213226,116.3077893388072
1580791961533,-0.46551418,34.74392606265985,116.30778753723644
1580791961591,-0.8232904,34.74392602962644,116.30778652276058
1580791961653,-0.5860411,34.74392599431485,116.30778543832275
1580791961722,-0.76652724,34.74392595501649,116.30778423144511
1580791961783,-0.6530005,34.74392592027448,116.30778316449869
1580791961842,-0.48134094,34.743925886671605,116.30778213253143
1580791961902,-0.95173085,34.743925852499046,116.30778108307277
1580791961979,-0.99434143,34.74392613274176,116.30778014427824
1580791962040,-0.6992634,34.74392685838393,116.30778003458454
1580791962160,-1.198872,34.74392828587588,116.30777981879464
1580791962229,-0.9488395,34.743929106683936,116.30777969471501
1580791962289,-0.04777869,34.74392982042991,116.30777958681983
1580791962348,0.11246739,34.743930522283335,116.30777948072318
1580791962409,0.12479401,34.7439312479255,116.30777937102948
1580791962475,0.4029799,34.743932033044985,116.30777925234497
1580791962537,0.34773844,34.74393277058334,116.3077791408532
1580791962596,0.12738107,34.74393347243313,116.30777903475655
1580791962677,0.021615626,34.74393443599183,116.30777888909824
1580791962908,-0.12919524,34.743937183917296,116.307778473702
1580791962908,-0.28518027,34.743937183917296,116.307778473702
1580791962909,-0.39368492,34.74393719581349,116.30777847190348
1580791962970,-0.71219873,34.743937895083945,116.30777845962803
1580791963034,-0.87837994,34.743938591491315,116.3077785843393
1580791963096,-0.645848,34.743939266136294,116.30777870515294
1580791963154,-0.7811365,34.743939897260134,116.30777881817221
1580791963223,-0.6569572,34.743940648073476,116.307778952626
1580791963349,-0.30678988,34.74394201912946,116.30777919815091
1580791963402,0.0038105096,34.74394259584369,116.30777930142722
1580791963480,0.0835531,34.74394344459506,116.30777945341879
1580791963539,0.16755675,34.74394408659646,116.30777956838665
1580791963598,0.48363566,34.74394472859785,116.30777968335451
1580791963659,0.43585092,34.74394539236164,116.30777980221956
1580791963730,0.39415354,34.74394616494101,116.30777994057098
1580791963786,0.14549056,34.74394677429882,116.30778004969306
1580791963848,-0.18337151,34.74394744894744,116.3077801705067
1580791963924,-0.29248494,34.74394827593278,116.30778031860109
1580791964034,-0.36111832,34.743949472886015,116.30778053294807
1580791964095,-0.51040745,34.7439501366498,116.30778065181312
