1580791926726,-0.0546268,34.74395897449176,116.30781648715492
1580791926786,0.009897728,34.74395860184268,116.30781676717561
1580791926906,0.10501055,34.74395785654269,116.30781732721516
1580791926977,0.11368483,34.74395741557237,116.30781765857228
1580791927037,0.1614695,34.743957042923284,116.30781793859296
1580791927095,0.18140514,34.74395668269426,116.3078182092786
1580791927155,0.13696845,34.74395631004336,116.30781848929837
1580791927222,-0.031038824,34.74395589391679,116.3078188019881
1580791927284,-0.12310803,34.74395550884583,116.30781909134203
1580791927357,-0.2797018,34.743955055455444,116.30781943203237
1580791927424,-0.67826253,34.74395463932888,116.30781974472211
1580791927531,-0.69911116,34.743953974768374,116.30782024409109
1580791927591,-0.8520526,34.74395360211929,116.30782052411087
1580791927651,-1.0684534,34.74395322946839,116.30782080413064
1580791927720,-0.7529831,34.74395280092176,116.30782112615361
1580791927779,-0.483928,34.74395243448089,116.30782140150677
1580791927839,-0.16191408,34.743952061831806,116.30782168152746
1580791927899,0.1427513,34.7439516891809,116.30782196154723
1580791927969,-0.13619556,34.74395113454375,116.30782234646904
1580791928088,0.02055038,34.74394988596032,116.30782314932185
1580791928150,0.6985145,34.74394923543514,116.30782356761665
1580791928227,0.71312386,34.743948427530995,116.30782408710911
1580791928286,0.6009669,34.743947808485245,116.3078244851622
1580791928347,0.08400964,34.743947168455634,116.30782489670855
1580791928406,-0.16997962,34.743946549409884,116.30782529476346
1580791928475,-0.50842905,34.74394582544119,116.30782576028287
1580791928535,-1.0628226,34.74394519590351,116.30782616508259
1580791928595,-0.3434654,34.743944566365826,116.30782656988231
1580791928674,0.13362047,34.74394373747418,116.30782710286985
1580791928785,-1.0188425,34.7439425728262,116.30782785174961
1580791928843,-0.49564594,34.74394196427602,116.30782824305606
1580791928927,0.43022028,34.74394108292108,116.30782880977677
1580791928971,0.3824356,34.743940611322614,116.30782903877662
1580791929035,-0.03788695,34.74393990005774,116.30782919915418
1580791929092,-0.36446628,34.743939266587404,116.30782934199078
1580791929155,-0.18717602,34.74393856643292,116.30782949986315
1580791929222,-0.38364103,34.743937821829604,116.3078296677586
1580791929342,-0.51086396,34.74393648820478,116.3078299684671
1580791929398,-0.6467611,34.74393586584847,116.30783010879759
1580791929469,-0.93407786,34.74393507678906,116.30783028671704
1580791929529,-0.9917544,34.743934409976646,116.30783043707106
1580791929588,-1.1121291,34.74393375427826,116.30783058491943
1580791929647,-0.4723623,34.74393309857987,116.3078307327678
1580791929732,-1.1451523,34.74393215393138,116.30783094576964
1580791929787,-1.8240296,34.74393154268546,116.30783108359446
1580791929847,-1.3181814,34.743930875876686,116.30783123394895
1580791929926,-0.5438871,34.74392999790871,116.30783143191547
1580791930036,-0.5568225,34.743929064354234,116.30783053947016
1580791930095,-1.37251,34.74392862721288,116.3078298037617
1580791930156,-0.90516365,34.74392817525222,116.30782904311491
1580791930225,-1.0113857,34.743927664017974,116.30782818270745
1580791930285,-1.586628,34.74392721946606,116.30782743452801
1580791930424,-2.5001676,34.74392618958882,116.30782570124939
1580791930427,-2.2515044,34.74392616736077,116.30782566384005
1580791930473,-2.2420695,34.74392582653854,116.30782509023629
1580791930592,-1.8667923,34.74392494484346,116.30782360634839
1580791930651,-1.4689925,34.743924507702104,116.30782287063994
1580791930718,-1.545387,34.743924011285344,116.30782203517447
1580791930782,-1.2910935,34.743923537096634,116.3078212371147
1580791930839,-2.518277,34.74392311477277,116.30782052634822
1580791930898,-1.9941673,34.74392267763142,116.30781979063613
1580791930968,-1.0092552,34.74392240394536,116.30781883330201
1580791931028,-0.26737514,34.74392265927145,116.30781784380088
1580791931152,-0.7526788,34.74392318694572,116.30781579883114
1580791931171,-0.47144923,34.7439232677998,116.30781548548839
1580791931284,-0.09647644,34.7439237486642,116.30781362192647
1580791931345,-0.7205687,34.74392400824581,116.30781261593438
1580791931404,-0.54358274,34.74392425931637,116.30781164292421
1580791931474,-0.25246146,34.743924557197715,116.30781048850622
1580791931533,-0.5081247,34.743924808268275,116.30780951549605
1580791931593,-0.7233079,34.74392506359436,116.30780852599491
1580791931654,-1.0474523,34.74392532317688,116.30780752000283
1580791931723,-0.751157,34.74392561680179,116.3078063820758
1580791931924,-0.7945284,34.743926472145176,116.3078030672441
1580791931924,-1.6933066,34.743926472145176,116.3078030672441
1580791931970,-0.8762493,34.74392679841185,116.30780253574267
1580791932032,-0.43005612,34.743927385927236,116.30780207650787
1580791932091,-0.19432852,34.74392794501546,116.30780163949385
1580791932152,-0.14258714,34.74392852305573,116.30780118766597
1580791932221,0.015680568,34.7439291769042,116.3078006765827
1580791932279,0.15233867,34.74392972651549,116.3078002469756
1580791932399,0.21168908,34.74393086364216,116.3077993581337
1580791932470,0.02298525,34.74393153644269,116.30779883223659
1580791932529,-0.20361151,34.74393209553091,116.30779839522256
1580791932589,-0.33326933,34.743932664094245,116.30779795080161
1580791932646,-0.42031655,34.743933204230416,116.30779752860144
1580791932725,-0.6463046,34.74393395283914,116.30779694344892
1580791932784,-0.14152186,34.743934511927364,116.3077965064349
1580791932846,-0.47342753,34.74393509944275,116.3077960472001
1580791932905,-0.7876802,34.74393565853097,116.30779561018608
1580791932974,-0.4525788,34.743936379862134,116.3077953268881
1580791933095,0.011115177,34.74393778988451,116.30779531973751
1580791933155,0.23542921,34.74393848906766,116.30779531619176
1580791933224,-0.22309063,34.7439392931301,116.30779531211415
1580791933283,0.45426482,34.7439399806608,116.30779530862749
1580791933403,0.5329421,34.74394137903073,116.307795301536
1580791933404,0.55089945,34.743941390683176,116.3077953014769
1580791933472,0.5309638,34.74394218309317,116.30779529745838
1580791933531,0.24425569,34.74394287062387,116.30779529397174
1580791933651,-0.010190098,34.7439442689938,116.30779528688024
1580791933721,-0.23450418,34.743945084708685,116.30779528274354
1580791933783,-0.44451326,34.74394580720036,116.3077952790796
1580791933839,-0.7296995,34.743946459773724,116.30779527577023
1580791933900,-0.5301908,34.74394717060932,116.30779527216538
1580791933968,-0.51329887,34.74394796301931,116.30779526814688
1580791934029,-0.3005505,34.74394867385854,116.30779526454202
1580791934088,0.10561927,34.74394936138924,116.30779526105538
1580791934171,0.13316394,34.7439503285932,116.30779525615043
1580791934228,0.4346335,34.74395099281901,116.30779525278196
1580791934347,0.6368814,34.743952379536495,116.30779524574956
1580791934404,0.606141,34.743953043758665,116.3077952423811
1580791934477,0.4605042,34.743953894434526,116.3077952380671
1580791934534,0.49078813,34.743954558660334,116.30779523469865
1580791934594,0.13788152,34.74395525784348,116.3077952311529
1580791934655,-0.055996425,34.74395596868271,116.30779522754806
1580791934723,-0.32870388,34.743956761092704,116.30779522352954
