1582539914975,-1.0523291,-0.34143257,-0.81825227
1582539915005,-0.12089046,-0.06996046,-0.004844632
1582539915083,0.07923922,0.116140924,0.1016462
1582539915167,0.04816054,0.04027869,0.11194071
1582539915207,0.53812784,0.8294531,0.8317722
1582539915285,0.9142496,-0.6094598,1.8051136
1582539915364,0.7970744,0.49504623,1.5631617
1582539915404,1.026658,-0.4676798,0.5518289
1582539915480,0.27123088,0.7227116,-0.21648383
1582539915564,0.15634684,0.45861608,0.057254095
1582539915599,-0.65962225,0.7164744,0.5053422
1582539915681,-0.28051674,0.15746811,-0.4944632
1582539915759,0.1511438,-1.1404676,-0.92881024
1582539915839,0.029876739,-2.4105842,-0.8927547
1582539915884,-0.35034046,-2.0239582,-0.07177775
1582539915961,-0.12533993,-1.510484,-0.79555446
1582539916037,0.475324,-0.6348265,-0.36535725
1582539916080,1.260251,-0.4346484,0.34776336
1582539916157,1.8581876,-0.46084252,0.6253237
1582539916237,0.07421567,-0.6217018,-0.4402561
1582539916275,0.0544994,-0.17603858,0.5680408
1582539916356,0.84069145,-0.17280167,0.9113379
1582539916441,1.8287576,-0.29021537,1.5516996
1582539916476,1.2908419,0.54354453,1.1500752
1582539916553,1.039182,0.94162923,1.3575802
1582539916634,1.0472382,0.82275856,1.161378
1582539916680,0.24586187,0.23503631,0.34361842
1582539916756,-1.1076741,-0.48872736,-0.13777626
1582539916833,-2.8208992,-0.8567191,-0.73970157
1582539916875,-2.509925,0.0876756,-1.0374978
1582539916951,-1.4627953,0.33703333,-0.9473343
1582539917037,-0.20300706,-0.32092652,-0.94991815
1582539917071,0.9820946,-0.49436375,0.009337735
1582539917150,1.4409722,-0.33544597,0.82499564
1582539917229,-0.009617869,0.34332845,-0.53739524
1582539917271,0.76051074,-0.04882899,0.28801468
1582539917351,0.5007077,-0.8237605,0.5765387
1582539917429,2.0623395,-0.6178013,0.6023229
1582539917472,1.2284939,0.4418731,0.6331806
1582539917550,1.0704151,0.9698767,0.61487216
1582539917631,0.80628085,0.8583216,0.51861
1582539917670,0.3717191,0.6928227,0.18337531
1582539917746,-0.82075083,-0.28161055,-0.09356108
1582539917826,-2.3805304,-0.6417873,-0.63492805
1582539917905,-2.748157,1.0565052,-1.6650538
1582539917944,-1.618953,0.21565373,-1.2326782
1582539918026,-0.37272745,-0.44691044,-1.2224464
1582539918104,0.70155203,-0.6831729,-0.24386007
1582539918142,1.1997068,-0.18030207,0.7122168
1582539918223,0.47935024,0.11032167,0.07252541
1582539918301,0.22545949,-0.112308204,-0.28394628
1582539918346,0.15045659,-1.179301,0.6046146
1582539918424,1.6749781,-0.63855976,0.6749277
1582539918500,1.1600977,0.13526762,0.73662543
1582539918540,1.5762068,0.51018476,0.77246755
1582539918620,1.2465401,0.45508045,0.9057532
1582539918702,0.8030112,0.4614389,0.69147646
1582539918743,-0.41587937,-0.04836249,-0.06890047
1582539918820,-2.2168376,-0.6459901,-0.8124424
1582539918897,-2.7148929,-0.06198998,-1.2229973
1582539918940,-2.18884,0.21109153,-1.1241758
1582539919018,-0.7932565,-0.066520356,-1.2404103
1582539919099,0.3363149,-0.8729019,-0.76566494
1582539919137,1.3342056,-0.61631775,0.3958397
1582539919220,1.1899978,-0.2847951,0.6356254
1582539919298,-0.3098885,0.52028936,-0.9621695
1582539919340,0.41132694,0.08780466,-0.5898845
1582539919419,0.66514903,-0.20351826,0.7931663
1582539919494,1.4556239,-0.1926383,0.8805115
1582539919535,1.5312054,-0.14495407,0.91433406
1582539919624,1.5156522,0.45699343,0.8955506
1582539919697,1.0637577,0.4974715,0.9172613
1582539919737,0.20084488,0.31097496,0.38628295
1582539919815,-0.97752875,-0.5188729,-0.21869217
1582539919894,-2.6007185,-1.0865024,-0.9202741
1582539919974,-2.3720317,0.59851915,-1.6075737
1582539920014,-1.3583752,0.22054233,-1.389124
1582539920100,-0.13215108,-0.53435934,-1.3734574
1582539920174,0.8405896,-0.713736,-0.058074098
1582539920215,1.3087957,-0.2846998,1.0216103
1582539920290,0.33397886,0.12107018,-0.0683012
1582539920370,0.14864174,0.2025154,0.78938633
1582539920410,0.6167043,-0.8123046,1.0859523
1582539920491,1.6562865,-0.6282292,1.0395916
1582539920571,1.3239818,0.07847928,0.5510019
1582539920608,1.5876943,0.6197223,0.24407429
1582539920690,0.8332761,0.60676813,0.35070017
1582539920768,0.11628316,0.2814501,0.23114297
1582539920812,-1.1151651,-0.7391696,-0.22366896
1582539920888,-2.6956272,-0.7767604,-1.202073
1582539920969,-2.442033,0.23675156,-1.2925512
1582539921007,-1.3381946,-0.062908165,-1.523014
1582539921084,-0.07525393,-1.0489311,-1.1148615
1582539921167,1.0766728,-0.8884194,0.05833773
1582539921206,0.9481784,-0.41453233,0.60905766
1582539921289,0.47009692,0.22422329,-0.35419548
1582539921366,0.887575,0.2712814,0.43169326
1582539921403,-0.15109701,-1.0015601,0.5832234
1582539921483,1.7986289,-0.7085692,0.50595254
1582539921567,1.2896844,0.35938638,0.38329044
1582539921603,1.2042972,0.7389263,0.67167604
1582539921683,0.97581285,0.5840997,0.5263237
1582539921762,0.24386664,0.27781647,0.13162838
1582539921845,-1.0500243,-0.5308446,-0.29218313
1582539921877,-2.4145086,-0.48830706,-0.74566734
1582539921972,-2.2405553,0.24763973,-1.1097621
1582539922038,-1.4628959,-0.008416049,-1.3315336
1582539922076,-0.5457549,-0.5575672,-1.0304905
1582539922157,0.5975305,-0.52958155,-0.19157794
1582539922235,1.0451066,-0.17842978,0.714998
1582539922275,0.47374934,-0.028528115,-0.03758033
1582539922360,0.29593697,-0.020117484,0.12814353
1582539922445,0.31252146,-0.84063923,0.51062137
1582539922475,1.3191677,-0.7702124,0.79612404
1582539922555,1.2927814,-0.027708733,0.78503186
1582539922639,1.5366662,0.45886633,0.5728889
1582539922677,1.1396524,0.7730149,0.41621965
1582539922755,0.7562524,0.34904218,0.29209313
1582539922833,-0.6657348,-0.36910436,-0.048776336
1582539922875,-2.3495326,-0.8285612,-0.54894894
